97 100 100
1 1
99 99
0 2 2 2
0 4 4 4
0 6 6 6
0 8 8 8
0 10 10 10
0 12 12 12
0 14 14 14
0 16 16 16
0 18 18 18
0 20 20 20
0 22 22 22
0 24 24 24
0 26 26 26
0 28 28 28
0 30 30 30
0 32 32 32
0 34 34 34
0 36 36 36
0 38 38 38
0 40 40 40
0 42 42 42
0 44 44 44
0 46 46 46
0 48 48 48
0 50 50 50
0 52 52 52
0 54 54 54
0 56 56 56
0 58 58 58
0 60 60 60
0 62 62 62
0 64 64 64
0 66 66 66
0 68 68 68
0 70 70 70
0 72 72 72
0 74 74 74
0 76 76 76
0 78 78 78
0 80 80 80
0 82 82 82
0 84 84 84
0 86 86 86
0 88 88 88
0 90 90 90
0 92 92 92
0 94 94 94
0 96 96 96
0 98 98 98
100 3 3 3
100 5 5 5
100 7 7 7
100 9 9 9
100 11 11 11
100 13 13 13
100 15 15 15
100 17 17 17
100 19 19 19
100 21 21 21
100 23 23 23
100 25 25 25
100 27 27 27
100 29 29 29
100 31 31 31
100 33 33 33
100 35 35 35
100 37 37 37
100 39 39 39
100 41 41 41
100 43 43 43
100 45 45 45
100 47 47 47
100 49 49 49
100 51 51 51
100 53 53 53
100 55 55 55
100 57 57 57
100 59 59 59
100 61 61 61
100 63 63 63
100 65 65 65
100 67 67 67
100 69 69 69
100 71 71 71
100 73 73 73
100 75 75 75
100 77 77 77
100 79 79 79
100 81 81 81
100 83 83 83
100 85 85 85
100 87 87 87
100 89 89 89
100 91 91 91
100 93 93 93
100 95 95 95
100 97 97 97
