97 100 100
1 1
99 99
2 0 2 2
4 0 4 4
6 0 6 6
8 0 8 8
10 0 10 10
12 0 12 12
14 0 14 14
16 0 16 16
18 0 18 18
20 0 20 20
22 0 22 22
24 0 24 24
26 0 26 26
28 0 28 28
30 0 30 30
32 0 32 32
34 0 34 34
36 0 36 36
38 0 38 38
40 0 40 40
42 0 42 42
44 0 44 44
46 0 46 46
48 0 48 48
50 0 50 50
52 0 52 52
54 0 54 54
56 0 56 56
58 0 58 58
60 0 60 60
62 0 62 62
64 0 64 64
66 0 66 66
68 0 68 68
70 0 70 70
72 0 72 72
74 0 74 74
76 0 76 76
78 0 78 78
80 0 80 80
82 0 82 82
84 0 84 84
86 0 86 86
88 0 88 88
90 0 90 90
92 0 92 92
94 0 94 94
96 0 96 96
98 0 98 98
3 100 3 3
5 100 5 5
7 100 7 7
9 100 9 9
11 100 11 11
13 100 13 13
15 100 15 15
17 100 17 17
19 100 19 19
21 100 21 21
23 100 23 23
25 100 25 25
27 100 27 27
29 100 29 29
31 100 31 31
33 100 33 33
35 100 35 35
37 100 37 37
39 100 39 39
41 100 41 41
43 100 43 43
45 100 45 45
47 100 47 47
49 100 49 49
51 100 51 51
53 100 53 53
55 100 55 55
57 100 57 57
59 100 59 59
61 100 61 61
63 100 63 63
65 100 65 65
67 100 67 67
69 100 69 69
71 100 71 71
73 100 73 73
75 100 75 75
77 100 77 77
79 100 79 79
81 100 81 81
83 100 83 83
85 100 85 85
87 100 87 87
89 100 89 89
91 100 91 91
93 100 93 93
95 100 95 95
97 100 97 97
