1000 100 100
68 83
56 27
19 52 39 90
79 59 75 22
60 30 79 4
5 53 3 44
32 50 12 33
44 31 35 87
38 64 34 42
48 76 55 24
63 22 85 27
17 81 70 88
17 59 5 59
28 16 87 4
70 68 93 83
52 69 4 77
86 87 86 48
2 60 51 75
72 51 75 42
20 47 39 19
31 61 68 3
61 39 93 59
88 85 91 82
97 55 94 89
23 2 36 94
31 71 56 39
5 96 54 17
4 92 33 88
36 75 27 35
96 91 93 33
26 57 33 1
39 82 27 0
16 3 60 86
10 60 89 92
40 94 31 89
35 55 66 1
7 86 45 82
65 97 44 80
27 10 85 2
6 84 44 24
16 60 19 69
9 84 0 7
98 97 77 34
53 0 45 64
6 74 6 66
90 97 58 85
24 11 23 91
53 95 22 49
33 53 22 82
54 7 32 36
20 38 39 60
72 65 62 33
3 43 13 11
14 52 11 80
51 51 34 86
69 13 2 6
64 37 91 71
23 100 27 79
97 32 68 13
7 10 37 65
23 61 20 47
7 48 21 37
38 49 59 99
19 54 26 29
38 49 2 17
52 36 18 23
23 20 44 26
69 20 69 16
33 39 8 52
9 47 6 2
93 81 80 16
76 91 16 67
55 68 36 91
70 93 62 71
94 41 71 43
80 27 41 25
24 70 61 59
61 5 64 35
19 40 39 36
58 87 8 88
56 29 71 98
68 88 87 66
41 45 71 98
45 36 61 96
86 51 62 42
6 31 15 70
84 51 99 33
50 54 59 47
14 30 63 62
9 79 26 82
37 33 45 92
79 34 35 14
6 4 30 28
37 70 19 20
0 83 9 85
18 66 30 0
41 34 56 57
59 40 10 28
72 21 88 41
42 42 68 12
48 6 2 91
79 88 88 57
41 86 42 63
50 16 64 69
32 47 12 80
8 61 43 100
17 56 64 67
70 48 67 34
39 11 50 16
6 13 18 94
3 23 11 53
85 91 10 57
4 28 3 39
72 15 51 12
26 91 28 51
37 96 28 48
3 53 43 42
67 95 89 84
32 47 42 16
30 72 56 7
57 83 100 94
78 99 53 71
54 80 59 77
75 31 100 27
57 83 2 70
0 64 48 1
65 67 24 98
0 62 19 16
91 90 88 73
19 4 71 32
39 98 16 34
7 1 34 73
49 0 37 59
53 23 63 32
44 17 11 25
32 6 13 70
90 73 93 56
29 71 15 21
12 82 54 94
12 37 16 100
20 15 83 8
40 31 18 46
55 17 45 90
1 32 19 24
64 59 15 86
22 23 4 95
83 18 74 72
96 83 59 31
49 83 19 39
32 89 12 67
0 10 68 89
94 98 89 72
85 42 85 53
21 71 26 47
5 38 58 65
54 16 18 56
60 28 48 4
97 94 86 94
88 26 31 8
40 19 66 79
100 62 93 36
6 2 45 89
71 23 82 81
83 7 81 16
4 97 8 62
72 95 23 75
49 66 63 60
14 15 63 75
67 75 5 61
24 71 61 48
29 83 31 31
33 4 46 65
31 0 34 48
46 80 24 65
29 86 88 98
94 99 13 88
11 100 15 40
6 27 91 17
99 65 76 73
76 31 50 18
94 13 71 41
40 65 60 90
2 45 17 84
57 10 52 41
36 34 4 45
5 19 10 76
11 26 26 28
95 45 61 13
69 67 87 59
39 71 1 96
68 96 10 13
79 69 89 1
67 100 1 38
63 37 53 18
30 70 97 100
89 29 3 23
38 5 36 54
97 69 52 96
47 15 79 52
96 86 71 45
2 86 38 78
78 35 72 48
63 86 48 86
20 30 44 37
89 91 55 85
21 100 58 62
83 23 79 13
73 100 87 41
46 46 41 10
84 45 100 9
0 25 57 79
63 67 8 81
64 64 55 51
19 81 35 53
74 56 90 43
35 75 20 85
48 82 47 75
45 42 38 80
69 3 68 15
63 7 5 1
3 55 13 8
68 28 83 39
96 85 42 98
70 79 10 70
68 76 27 80
0 99 23 8
65 54 81 92
31 80 81 88
73 54 86 99
78 71 52 8
76 88 72 47
30 2 65 92
17 40 24 37
49 14 44 17
18 98 70 82
81 62 71 41
92 42 87 60
91 78 93 61
94 21 92 7
55 88 32 87
11 7 59 93
19 4 75 15
16 71 67 0
38 15 17 55
70 66 76 31
29 39 8 28
37 48 46 55
53 96 37 6
84 44 77 1
3 16 28 67
62 95 31 39
63 6 85 71
2 74 37 55
66 50 85 35
97 90 83 91
72 53 72 20
53 30 8 45
67 99 38 0
19 85 8 27
23 27 32 6
81 97 70 65
59 98 75 97
48 35 24 93
10 7 53 67
49 34 28 65
4 4 19 25
20 45 2 12
97 79 78 40
81 42 79 19
79 36 99 41
29 69 48 71
34 58 36 41
20 99 43 27
47 90 38 39
6 38 41 26
68 41 67 33
14 44 18 27
77 60 93 61
12 34 15 0
1 67 54 81
28 86 4 45
56 6 85 10
23 12 8 1
10 64 6 83
21 24 44 91
99 37 86 24
18 77 51 50
92 79 61 98
90 25 100 90
92 0 92 23
22 54 43 75
1 43 16 87
26 47 62 89
59 94 100 91
63 16 93 91
47 59 35 69
46 39 32 22
37 68 39 57
70 36 97 46
27 82 53 80
46 30 9 63
42 69 29 23
69 99 67 93
28 28 77 5
57 14 92 57
36 63 48 91
90 89 47 88
83 38 64 21
38 30 43 85
75 83 83 42
12 77 97 87
38 59 18 59
36 62 42 47
26 33 17 94
92 85 87 24
91 88 78 35
1 57 79 88
44 91 7 3
3 17 26 68
51 38 34 60
17 38 50 34
34 79 25 44
4 13 39 53
54 15 72 56
54 74 0 22
52 33 51 44
11 81 6 19
85 74 99 90
15 83 24 59
94 91 81 93
37 51 41 44
53 94 28 27
70 89 46 60
53 27 52 97
18 27 18 74
90 90 53 13
54 23 33 61
42 67 9 25
17 28 7 19
90 93 53 14
90 82 80 76
72 78 72 97
57 51 26 59
9 49 25 13
84 36 78 52
95 5 99 84
85 81 87 38
22 20 44 96
13 12 91 18
18 44 40 84
29 73 10 4
3 40 79 11
78 7 94 40
27 46 11 7
52 89 47 26
6 26 43 54
12 100 20 95
45 55 53 43
43 65 60 67
43 23 37 58
55 8 19 44
85 97 1 67
81 99 24 84
81 5 14 31
38 77 58 41
51 68 3 79
44 39 16 63
24 30 6 67
46 69 24 58
4 14 38 25
5 99 5 2
47 40 67 77
41 0 28 6
31 10 39 30
80 32 87 68
66 60 77 61
94 38 54 15
33 97 43 83
29 10 0 3
100 24 78 63
3 20 52 1
29 2 33 22
17 39 5 93
67 81 22 88
70 57 98 100
60 78 45 49
88 91 83 61
5 12 30 11
83 25 79 88
9 37 42 98
66 51 97 41
93 10 27 24
60 96 83 73
87 48 88 46
59 79 1 34
55 65 26 60
30 88 4 78
92 55 52 4
65 46 77 70
44 87 41 12
83 99 76 20
31 59 49 22
84 24 82 28
90 47 77 77
85 50 97 20
62 29 76 23
24 12 61 99
29 36 52 38
64 86 42 57
30 87 55 69
25 24 43 47
43 26 89 3
53 22 12 16
20 19 2 28
17 58 10 70
6 30 27 59
5 53 51 12
49 43 24 100
87 32 27 4
46 84 11 48
43 83 44 7
79 94 83 34
40 93 70 77
0 55 45 11
13 72 6 10
22 55 34 86
36 70 18 4
93 8 65 23
46 35 39 31
74 48 43 0
2 26 13 62
62 68 18 56
61 16 40 14
51 18 45 18
30 17 11 90
14 90 96 90
83 83 3 87
91 86 60 95
55 96 38 44
38 37 49 45
43 63 50 50
49 61 0 14
81 100 70 70
14 42 0 90
26 63 60 20
38 85 36 20
79 96 7 59
47 32 31 77
73 22 2 35
50 62 24 8
34 65 25 72
85 21 30 10
100 52 99 27
51 91 2 100
1 4 99 24
1 47 17 91
96 86 92 78
18 77 46 33
89 33 64 19
31 17 10 16
29 78 32 28
35 84 17 85
47 61 27 38
19 50 72 5
27 36 29 22
18 57 19 23
94 49 84 27
60 99 57 97
8 30 64 4
16 44 47 19
97 97 53 7
38 60 30 27
20 57 27 53
22 59 1 23
34 9 68 29
35 68 20 81
50 42 53 81
34 95 70 89
10 75 93 90
35 34 31 52
95 18 83 5
22 93 49 7
74 90 97 55
83 48 47 5
61 61 51 95
61 3 68 57
61 2 19 3
57 58 7 30
29 48 71 91
16 69 8 10
81 25 99 27
21 59 60 83
47 70 71 87
81 49 100 19
92 25 87 88
25 74 24 49
20 87 79 93
43 4 77 10
3 59 12 11
67 64 80 41
1 52 51 36
70 88 76 81
80 35 82 85
11 86 11 67
23 26 67 4
44 39 22 22
49 100 12 9
84 59 79 74
81 40 83 68
42 87 6 3
55 17 90 19
15 12 37 69
61 76 59 72
85 82 75 37
48 8 78 20
96 8 83 67
21 71 51 22
97 38 98 29
15 1 58 80
17 81 93 94
44 43 53 24
53 19 57 69
36 12 82 43
73 76 96 88
3 34 85 0
80 86 72 49
10 14 19 17
40 71 40 52
43 81 52 3
81 7 4 57
20 40 43 96
32 92 17 35
95 0 83 87
42 58 59 78
24 90 19 47
75 46 69 44
28 16 86 4
0 20 25 5
59 67 50 35
5 93 3 84
46 50 23 51
70 5 40 51
54 50 14 27
67 24 18 20
1 11 33 92
41 17 62 88
25 30 31 32
70 95 86 37
51 79 62 75
7 22 38 95
96 82 18 98
4 31 46 15
75 0 33 55
71 56 81 20
37 55 7 22
97 86 84 69
54 18 91 19
90 14 75 48
68 32 89 96
24 1 99 41
50 78 64 82
18 38 45 51
69 39 91 5
50 7 94 10
51 14 41 15
5 29 56 43
68 11 67 13
63 3 78 35
52 46 36 51
42 67 42 5
92 43 90 24
89 71 90 79
31 93 29 40
40 23 17 12
69 48 62 35
9 0 8 51
3 93 21 49
87 17 85 33
9 76 31 53
59 18 90 27
97 98 66 13
35 88 32 7
14 87 60 90
48 75 16 37
40 98 17 29
82 88 100 7
78 22 84 87
87 64 70 19
43 11 1 68
15 23 47 34
53 71 63 94
17 14 18 17
54 44 16 97
14 60 26 57
38 48 29 55
96 1 100 93
19 32 5 0
31 62 28 33
76 36 52 11
4 73 38 12
79 33 75 6
7 28 5 58
57 47 18 11
52 83 50 97
30 94 11 42
27 60 56 38
42 69 80 90
93 12 15 5
33 14 31 95
98 91 6 75
33 39 33 23
35 31 29 40
54 4 7 52
22 27 54 91
76 84 100 14
90 84 86 87
82 57 75 19
83 26 46 18
87 34 51 22
97 17 41 27
43 86 39 10
57 78 64 80
63 100 38 44
81 52 91 15
93 44 27 13
52 33 17 97
23 79 33 94
56 82 13 62
4 100 42 27
16 14 30 82
62 5 19 81
60 30 83 78
75 72 73 98
0 62 37 80
4 51 14 90
1 75 58 72
78 97 8 13
22 40 39 64
97 47 93 62
38 60 44 26
91 28 78 90
94 70 87 42
72 5 84 51
50 33 18 54
94 21 94 0
71 46 91 4
87 60 62 18
41 3 82 47
81 32 4 6
74 88 32 61
71 58 69 30
41 81 0 43
10 38 61 87
90 79 58 100
43 35 56 17
96 8 99 44
47 70 56 68
38 53 8 74
21 3 43 11
46 54 45 52
53 92 63 53
30 52 8 35
30 40 28 66
84 96 3 33
5 89 28 38
32 36 63 55
10 0 53 49
10 75 21 41
52 4 19 93
53 28 56 47
23 16 35 1
69 9 91 80
12 9 47 52
81 12 100 36
40 13 41 47
56 1 90 57
69 88 20 60
24 8 92 9
17 76 30 36
59 94 75 89
26 13 57 61
15 48 17 72
97 28 41 6
69 37 93 49
16 26 52 30
64 81 59 55
11 74 14 52
55 24 90 7
13 7 66 78
99 49 58 17
32 89 83 82
57 82 22 81
54 32 20 48
60 13 72 16
63 32 44 1
31 3 96 46
26 79 56 70
96 53 62 22
7 33 57 31
3 0 40 44
10 83 19 77
83 14 79 1
72 56 87 35
28 80 14 33
63 84 6 85
97 12 92 94
16 54 50 39
20 74 12 94
87 71 80 48
58 10 44 38
55 29 3 5
83 18 60 9
71 77 72 40
29 6 20 95
77 33 12 13
40 31 42 61
16 0 0 36
59 14 83 99
74 6 15 4
63 92 61 65
45 94 85 88
87 89 74 10
50 46 11 34
19 93 61 49
80 7 18 7
68 95 37 76
67 13 19 11
55 34 34 26
9 80 12 10
11 44 54 73
88 16 74 47
94 40 70 92
78 23 46 4
13 46 19 96
25 48 46 91
1 48 19 2
32 23 80 30
18 90 89 93
42 6 17 37
26 23 9 43
61 50 51 34
50 10 37 62
32 1 83 19
33 51 8 93
45 97 8 20
39 85 14 27
26 72 60 64
75 81 77 19
28 20 59 56
34 89 66 96
30 88 6 47
23 10 33 88
40 22 38 32
24 45 50 37
34 80 53 98
82 14 83 42
92 29 99 13
49 29 17 44
6 2 48 16
75 77 85 43
14 73 22 30
16 14 46 89
68 92 94 51
82 78 75 50
64 64 34 90
64 22 13 4
97 67 65 3
31 82 61 65
42 15 58 70
29 42 40 21
87 71 71 47
46 52 34 36
70 28 75 62
48 80 1 81
18 46 8 67
5 76 59 5
30 95 79 94
78 70 58 30
77 32 84 65
68 24 59 28
81 24 68 9
98 11 98 28
62 29 68 60
94 97 71 90
7 93 59 99
52 56 56 33
53 58 53 48
18 49 53 13
16 21 95 1
56 89 25 45
9 85 7 14
33 98 34 0
74 46 80 86
51 80 17 96
45 41 20 96
31 40 32 14
34 58 28 59
94 46 48 22
10 53 26 25
22 12 31 34
72 8 72 9
44 36 13 79
97 83 64 39
46 54 26 43
1 75 34 37
20 59 3 78
3 58 0 31
28 5 87 14
7 54 72 96
91 14 96 15
52 77 27 79
2 66 74 89
8 86 48 20
2 22 40 62
90 55 91 88
89 62 99 47
62 8 12 5
40 63 3 2
71 95 41 88
85 2 82 20
4 42 30 99
21 67 42 39
66 1 67 17
11 81 23 8
57 84 23 45
41 81 14 85
44 8 65 71
83 27 94 41
73 86 88 14
15 72 32 51
55 81 89 100
27 74 19 0
57 54 8 87
41 27 35 65
41 36 45 22
29 33 52 27
50 78 14 42
94 47 88 3
21 84 98 87
1 96 24 77
35 50 7 32
25 87 29 78
0 81 42 46
56 9 52 75
46 11 93 79
77 27 54 9
6 51 76 92
77 71 84 10
86 64 97 59
27 34 44 61
58 78 29 9
7 84 29 59
72 89 81 17
43 50 5 45
54 9 81 85
91 14 45 19
16 35 74 17
6 66 5 48
13 26 31 94
62 55 32 73
83 48 70 0
11 41 49 97
55 37 9 61
56 83 48 65
83 2 0 19
6 73 5 95
56 82 11 0
44 42 54 90
31 100 96 79
52 100 44 8
16 55 8 96
58 3 40 6
30 13 34 33
72 6 84 64
92 3 61 26
39 89 34 29
83 52 79 99
4 93 32 5
10 56 50 70
64 15 90 72
23 62 22 30
6 64 13 66
22 48 30 84
13 90 69 93
70 89 95 39
35 50 35 8
28 22 70 80
7 75 15 79
67 79 19 92
35 97 30 15
12 30 11 4
82 1 16 62
5 0 40 60
41 80 68 76
13 82 35 28
38 100 38 47
67 69 7 90
0 48 16 56
38 68 51 98
44 99 52 4
13 93 29 12
18 93 45 85
76 48 82 67
85 17 24 35
15 35 55 14
69 100 34 90
60 94 49 90
20 83 4 38
52 19 30 33
48 73 48 27
35 86 26 60
41 44 47 61
7 45 78 17
8 69 99 96
76 39 88 74
60 6 42 52
8 85 17 49
41 7 43 83
90 27 82 79
97 4 26 3
21 31 20 61
64 17 56 10
36 22 5 36
71 23 39 7
87 14 51 13
5 28 10 45
54 85 94 84
49 19 80 38
55 46 52 84
18 30 16 19
5 62 55 92
95 79 86 92
42 32 49 89
3 66 67 77
13 93 20 33
35 70 11 81
48 84 10 5
29 73 52 89
87 18 54 23
96 35 42 14
25 97 12 13
70 94 32 2
13 89 48 50
98 95 86 49
14 48 11 62
81 83 99 49
93 2 37 20
1 27 31 55
20 32 39 44
32 73 5 96
48 19 54 14
27 53 31 52
69 90 31 8
3 82 57 35
37 94 49 48
26 88 23 68
19 19 37 53
69 93 81 76
6 92 64 92
66 90 13 96
3 55 30 2
62 99 4 80
50 4 87 14
66 70 15 25
34 22 63 81
70 9 80 9
31 81 51 13
52 2 88 90
82 7 95 46
0 96 38 80
3 31 67 97
51 17 7 15
41 0 2 51
67 17 85 15
23 41 44 61
55 73 45 93
73 45 89 73
16 11 58 88
55 16 77 0
58 2 73 51
96 40 95 4
52 47 11 50
25 7 50 58
11 53 30 18
19 91 27 16
18 10 21 76
90 79 84 18
60 1 15 80
53 91 39 86
53 92 13 51
96 87 54 19
96 57 76 35
20 56 36 37
23 21 22 95
30 53 12 32
84 1 11 36
31 86 40 27
83 97 78 2
43 99 30 37
26 13 47 99
68 3 69 19
23 96 52 29
