1000 100 100
2 9
1 99
48 26 11 82
48 26 12 19
48 26 37 24
17 83 48 26
48 26 31 70
6 84 48 26
78 43 48 26
27 67 48 26
70 39 48 26
59 51 48 26
48 26 1 21
16 79 48 26
48 26 0 91
4 16 48 26
12 90 48 26
7 60 48 26
48 26 38 62
48 26 13 85
26 27 48 26
48 26 18 55
48 26 16 17
48 26 79 39
17 63 48 26
48 26 14 32
10 39 48 26
48 26 59 35
21 64 48 26
48 26 49 49
48 26 41 69
35 48 48 26
23 79 48 26
38 55 48 26
54 56 48 26
48 26 23 39
51 36 48 26
73 39 48 26
48 26 14 29
48 26 23 37
23 29 48 26
11 79 48 26
27 52 48 26
66 54 48 26
4 55 48 26
48 26 25 45
11 70 48 26
27 63 48 26
7 61 48 26
73 40 48 26
2 74 48 26
48 26 7 41
48 26 55 36
48 26 3 73
37 58 48 26
48 26 50 63
17 55 48 26
48 26 63 45
6 64 48 26
48 26 15 79
19 48 48 26
1 44 48 26
43 40 48 26
54 59 48 26
17 49 48 26
48 26 44 44
48 26 35 72
24 73 48 26
4 69 48 26
5 42 48 26
1 82 48 26
68 42 48 26
48 26 47 54
64 46 48 26
54 37 48 26
3 77 48 26
28 74 48 26
48 26 32 70
48 26 16 49
36 65 48 26
11 66 48 26
56 43 48 26
49 47 48 26
48 26 17 67
48 26 22 20
48 26 18 64
17 41 48 26
41 70 48 26
2 92 48 26
17 23 48 26
48 26 21 20
48 26 35 44
8 21 48 26
48 26 47 63
48 26 16 28
26 43 48 26
48 26 35 50
18 43 48 26
29 67 48 26
23 74 48 26
37 53 48 26
48 26 24 49
29 54 48 26
1 23 48 26
22 28 48 26
48 26 70 46
33 57 48 26
46 49 48 26
43 66 48 26
16 71 48 26
48 26 61 42
48 26 1 52
50 62 48 26
48 26 18 48
48 26 4 34
15 66 48 26
48 26 59 52
53 49 48 26
48 26 13 77
48 26 29 60
20 52 48 26
5 25 48 26
34 41 48 26
48 26 7 70
48 26 31 31
32 23 48 26
51 63 48 26
14 59 48 26
48 26 87 41
48 26 10 79
48 26 74 51
48 26 56 59
75 37 48 26
48 26 16 81
21 62 48 26
70 41 48 26
48 26 73 42
48 26 9 90
48 26 11 45
48 26 75 44
21 81 48 26
48 26 41 34
48 26 37 72
31 52 48 26
53 59 48 26
48 26 7 89
0 9 48 26
59 58 48 26
54 58 48 26
48 26 45 65
48 26 40 41
48 26 57 49
4 74 48 26
20 76 48 26
59 38 48 26
28 45 48 26
17 69 48 26
48 26 35 25
69 44 48 26
14 27 48 26
49 45 48 26
13 37 48 26
48 26 34 55
21 57 48 26
10 67 48 26
22 42 48 26
48 26 2 65
48 26 40 30
48 26 3 27
48 26 44 52
31 62 48 26
48 26 7 49
44 55 48 26
48 26 26 69
0 95 48 26
48 26 11 84
70 43 48 26
48 26 22 64
22 50 48 26
67 37 48 26
14 53 48 26
48 26 30 25
48 26 10 27
67 39 48 26
48 26 62 49
48 26 13 39
1 77 48 26
23 73 48 26
35 37 48 26
48 26 38 23
48 26 12 41
48 26 67 41
78 42 48 26
48 26 15 28
25 63 48 26
29 62 48 26
6 94 48 26
43 47 48 26
48 26 19 82
15 40 48 26
48 26 63 37
48 26 77 39
48 26 31 45
48 26 23 47
48 26 19 70
33 77 48 26
48 26 15 38
48 26 27 73
51 45 48 26
48 26 18 51
48 26 25 62
64 37 48 26
48 26 11 88
23 70 48 26
3 25 48 26
48 26 91 42
48 26 52 59
24 79 48 26
27 64 48 26
48 26 79 47
3 82 48 26
48 26 9 28
48 26 67 49
2 38 48 26
23 69 48 26
56 56 48 26
16 51 48 26
31 35 48 26
6 30 48 26
3 12 48 26
40 55 48 26
48 26 3 29
41 66 48 26
31 69 48 26
48 26 29 30
48 26 49 34
2 33 48 26
48 26 57 51
48 26 17 31
33 49 48 26
29 73 48 26
43 48 48 26
57 31 48 26
37 64 48 26
48 26 9 81
48 26 2 36
58 55 48 26
16 36 48 26
48 26 8 92
11 28 48 26
17 53 48 26
48 26 15 23
48 26 31 40
48 26 21 85
44 70 48 26
48 26 68 47
48 26 1 20
38 39 48 26
48 26 15 34
71 44 48 26
48 26 4 25
48 26 22 35
32 52 48 26
2 21 48 26
48 26 13 50
1 60 48 26
48 26 45 25
69 55 48 26
48 26 44 42
48 26 2 96
48 26 16 60
48 26 19 54
6 91 48 26
48 26 39 55
16 43 48 26
48 26 2 89
48 26 28 77
36 39 48 26
48 26 75 43
26 63 48 26
17 84 48 26
48 26 26 40
48 26 2 66
59 32 48 26
48 26 17 72
48 26 57 45
48 26 19 30
48 26 21 24
10 14 48 26
52 49 48 26
69 53 48 26
50 31 48 26
48 26 5 84
48 26 11 27
48 26 63 33
68 35 48 26
48 26 68 49
22 55 48 26
47 47 48 26
48 26 45 47
15 24 48 26
46 47 48 26
16 45 48 26
48 26 74 42
48 26 37 57
3 90 48 26
48 26 42 64
48 26 56 29
48 26 10 21
50 35 48 26
48 26 60 49
41 24 48 26
33 61 48 26
64 44 48 26
11 18 48 26
48 26 14 63
8 81 48 26
62 35 48 26
33 53 48 26
48 26 10 37
6 31 48 26
69 39 48 26
48 26 9 38
36 45 48 26
48 26 3 78
29 51 48 26
40 44 48 26
48 26 52 34
26 32 48 26
6 88 48 26
4 73 48 26
48 26 29 77
47 68 48 26
48 26 32 41
55 60 48 26
48 26 27 79
3 57 48 26
48 26 34 62
1 10 48 26
11 90 48 26
6 50 48 26
4 89 48 26
48 26 40 49
48 26 39 46
52 54 48 26
48 26 9 21
50 66 48 26
5 70 48 26
85 44 48 26
45 67 48 26
48 26 7 73
22 45 48 26
12 82 48 26
48 26 1 47
9 49 48 26
48 26 1 35
48 26 29 36
48 26 73 49
48 26 35 67
48 26 29 40
48 26 24 72
48 26 55 43
41 72 48 26
57 41 48 26
11 80 48 26
48 26 1 78
48 26 2 23
48 26 9 15
19 83 48 26
25 35 48 26
26 20 48 26
34 43 48 26
60 45 48 26
48 26 59 42
19 79 48 26
11 37 48 26
21 22 48 26
0 84 48 26
48 26 3 47
48 26 19 21
20 39 48 26
81 46 48 26
33 35 48 26
48 26 22 19
48 26 13 78
48 26 34 50
48 26 55 52
48 26 34 46
7 29 48 26
22 47 48 26
48 26 7 69
0 86 48 26
48 26 71 45
48 26 57 39
61 54 48 26
48 26 2 29
48 26 40 59
48 26 23 27
22 18 48 26
48 26 5 47
37 49 48 26
48 26 84 42
48 26 70 40
48 26 32 37
13 27 48 26
40 54 48 26
48 26 16 21
48 26 25 80
53 34 48 26
48 26 11 76
48 26 41 35
48 26 12 81
48 26 13 60
48 26 44 51
48 26 41 39
48 26 67 38
33 29 48 26
48 26 15 41
19 28 48 26
48 26 37 52
48 26 7 45
15 29 48 26
48 26 23 63
4 43 48 26
25 29 48 26
29 72 48 26
48 26 28 40
48 26 42 71
48 26 5 94
59 47 48 26
48 26 0 76
50 45 48 26
0 93 48 26
48 26 16 25
48 26 32 75
48 26 23 43
78 38 48 26
14 67 48 26
48 26 0 31
13 36 48 26
20 49 48 26
31 41 48 26
17 76 48 26
8 72 48 26
48 26 25 27
48 26 50 53
50 29 48 26
4 51 48 26
46 66 48 26
48 26 66 42
5 52 48 26
48 26 51 49
48 26 7 20
48 26 15 68
48 26 11 41
48 26 51 58
48 26 34 38
48 26 39 52
48 26 71 43
68 48 48 26
23 67 48 26
11 25 48 26
15 69 48 26
2 79 48 26
39 63 48 26
4 21 48 26
48 26 55 29
26 35 48 26
48 26 80 47
11 71 48 26
22 33 48 26
48 26 16 77
68 37 48 26
48 26 29 47
48 26 11 39
7 25 48 26
48 26 1 28
9 75 48 26
48 26 11 83
48 26 53 40
48 26 8 60
48 26 28 39
48 26 37 51
48 26 51 52
11 20 48 26
6 79 48 26
45 56 48 26
48 26 2 31
67 55 48 26
38 30 48 26
22 29 48 26
48 26 34 72
48 26 14 69
48 26 6 28
12 23 48 26
48 26 5 65
4 57 48 26
29 49 48 26
21 23 48 26
48 26 35 54
48 26 39 64
48 26 7 87
12 57 48 26
48 26 26 58
37 41 48 26
48 26 55 42
48 26 74 47
15 22 48 26
82 44 48 26
48 26 21 45
48 26 14 79
15 53 48 26
48 26 27 23
48 26 50 28
48 26 22 75
48 26 41 50
58 62 48 26
48 26 49 37
48 26 3 22
33 64 48 26
48 26 37 48
3 79 48 26
48 26 40 24
48 26 3 61
7 88 48 26
48 26 34 37
64 38 48 26
48 26 8 62
48 26 19 62
8 41 48 26
19 65 48 26
40 60 48 26
33 60 48 26
48 26 13 62
48 26 7 46
48 26 6 87
48 26 24 77
47 31 48 26
14 88 48 26
48 26 20 32
48 26 32 39
44 33 48 26
8 36 48 26
48 26 37 45
20 55 48 26
25 33 48 26
48 26 54 57
48 26 1 95
72 37 48 26
48 26 21 29
48 26 63 47
48 26 33 74
48 26 42 48
19 58 48 26
74 41 48 26
20 80 48 26
0 69 48 26
75 39 48 26
48 26 55 49
48 26 15 25
9 70 48 26
48 26 34 31
48 26 6 85
12 51 48 26
48 26 22 54
74 49 48 26
28 50 48 26
48 26 14 39
48 26 24 57
48 26 2 17
48 26 1 26
50 49 48 26
2 20 48 26
74 50 48 26
48 26 2 19
69 36 48 26
48 26 29 68
48 26 44 45
48 26 19 53
48 26 23 83
1 51 48 26
51 51 48 26
9 20 48 26
48 26 60 33
2 59 48 26
48 26 54 42
48 26 25 22
34 63 48 26
16 39 48 26
82 46 48 26
2 51 48 26
48 26 30 43
53 63 48 26
48 26 6 68
48 26 41 63
79 43 48 26
48 26 10 75
48 26 50 54
48 26 87 43
48 26 61 59
48 26 5 35
48 26 38 37
16 23 48 26
48 26 57 43
48 26 16 19
48 26 0 64
48 26 1 29
48 26 35 47
28 75 48 26
48 26 27 48
8 37 48 26
7 81 48 26
55 47 48 26
22 37 48 26
48 26 7 14
48 26 21 59
48 26 9 48
48 26 44 50
19 45 48 26
14 52 48 26
48 26 19 76
19 64 48 26
2 87 48 26
48 26 40 68
48 26 16 63
24 61 48 26
19 40 48 26
66 37 48 26
48 26 16 29
25 64 48 26
7 68 48 26
63 49 48 26
48 26 12 67
48 26 8 38
40 69 48 26
48 26 14 61
48 26 32 51
1 68 48 26
2 15 48 26
0 43 48 26
48 26 10 13
48 26 64 47
22 31 48 26
4 56 48 26
41 71 48 26
48 26 22 53
7 83 48 26
17 80 48 26
0 11 48 26
17 45 48 26
6 93 48 26
26 33 48 26
19 36 48 26
15 44 48 26
48 26 37 65
11 68 48 26
48 26 10 69
48 26 37 50
16 87 48 26
48 26 22 44
18 83 48 26
48 26 2 86
60 55 48 26
48 26 60 54
27 36 48 26
13 52 48 26
5 73 48 26
48 26 13 81
48 26 39 53
48 26 31 44
82 45 48 26
48 26 25 37
67 51 48 26
44 60 48 26
8 13 48 26
43 50 48 26
48 26 62 45
48 26 8 17
48 26 5 23
48 26 5 27
51 53 48 26
16 85 48 26
48 26 20 45
48 26 10 62
48 26 22 72
51 37 48 26
22 65 48 26
3 74 48 26
9 77 48 26
48 26 83 46
6 49 48 26
42 49 48 26
62 56 48 26
66 57 48 26
48 26 0 73
61 43 48 26
48 26 29 80
48 26 23 22
48 26 25 60
25 21 48 26
48 26 8 49
81 42 48 26
48 26 39 39
67 42 48 26
48 26 30 31
84 45 48 26
9 63 48 26
48 26 32 40
48 26 38 34
48 26 17 36
48 26 25 43
71 37 48 26
48 26 42 33
48 26 7 53
1 92 48 26
48 26 23 32
47 64 48 26
79 42 48 26
39 72 48 26
19 20 48 26
48 26 4 87
48 26 7 44
48 26 23 30
48 26 0 28
48 26 56 48
11 44 48 26
48 26 5 95
13 82 48 26
59 50 48 26
48 26 46 60
48 26 66 39
48 26 9 54
48 26 65 42
48 26 42 36
48 26 0 70
48 26 73 37
33 30 48 26
52 35 48 26
12 72 48 26
48 26 34 73
48 26 15 27
48 26 34 56
13 24 48 26
48 26 1 40
33 31 48 26
48 26 5 38
34 32 48 26
12 45 48 26
48 26 63 57
10 50 48 26
48 26 4 59
59 46 48 26
48 26 39 31
48 26 58 32
2 37 48 26
78 41 48 26
35 51 48 26
12 63 48 26
48 26 10 15
8 89 48 26
48 26 39 60
25 76 48 26
1 93 48 26
15 33 48 26
48 26 52 39
48 26 34 77
55 62 48 26
62 53 48 26
26 19 48 26
48 26 15 45
7 40 48 26
24 41 48 26
12 79 48 26
48 26 2 63
2 57 48 26
48 26 15 50
48 26 23 23
18 33 48 26
48 26 20 67
48 26 3 50
54 55 48 26
48 26 11 15
5 36 48 26
48 26 62 55
48 26 13 57
0 23 48 26
73 50 48 26
48 26 53 47
48 26 58 43
60 31 48 26
81 41 48 26
0 75 48 26
33 73 48 26
48 26 25 81
48 26 19 81
6 90 48 26
48 26 8 15
48 26 11 65
48 26 70 51
8 33 48 26
18 52 48 26
17 40 48 26
6 29 48 26
48 26 36 34
34 25 48 26
48 26 17 78
1 12 48 26
48 26 15 61
0 97 48 26
34 64 48 26
48 26 51 48
42 70 48 26
50 39 48 26
48 26 7 51
18 67 48 26
4 80 48 26
54 43 48 26
13 28 48 26
46 31 48 26
48 26 4 20
48 26 12 87
48 26 1 22
17 42 48 26
48 26 47 66
57 46 48 26
67 46 48 26
24 33 48 26
34 60 48 26
48 26 64 33
8 30 48 26
48 26 10 32
42 46 48 26
88 0 98 99
48 26 12 84
48 26 9 57
48 26 78 47
48 26 41 51
48 26 45 60
29 55 48 26
14 35 48 26
22 27 48 26
48 26 65 50
48 26 17 18
40 47 48 26
11 48 48 26
48 26 58 49
33 66 48 26
65 40 48 26
68 45 48 26
48 26 31 54
8 63 48 26
48 26 37 46
14 21 48 26
65 49 48 26
39 30 48 26
9 27 48 26
48 26 16 35
50 56 48 26
45 66 48 26
48 26 35 31
48 26 19 38
48 26 37 55
48 26 79 38
17 70 48 26
48 26 14 37
48 26 8 32
48 26 30 61
48 26 45 46
48 26 25 71
48 26 34 66
48 26 21 84
48 26 1 46
6 39 48 26
35 55 48 26
15 85 48 26
48 26 9 25
22 38 48 26
54 39 48 26
20 17 48 26
48 26 4 23
38 65 48 26
25 28 48 26
37 43 48 26
17 74 48 26
48 26 51 39
33 47 48 26
48 26 21 76
48 26 37 75
63 53 48 26
48 26 5 58
48 26 26 61
48 26 32 29
67 47 48 26
10 71 48 26
48 26 39 45
3 19 48 26
4 11 48 26
48 26 12 33
30 27 48 26
48 26 43 52
23 53 48 26
48 26 7 91
48 26 69 46
48 26 0 47
48 26 51 62
48 26 66 45
48 26 63 44
48 26 25 74
48 26 55 54
50 33 48 26
48 26 32 71
27 39 48 26
37 69 48 26
48 26 46 45
48 26 31 65
14 22 48 26
58 53 48 26
43 58 48 26
55 58 48 26
23 38 48 26
48 26 7 30
41 27 48 26
48 26 19 74
56 55 48 26
48 26 18 77
14 31 48 26
48 26 1 16
51 55 48 26
28 19 48 26
48 26 50 38
48 26 48 38
45 40 48 26
11 47 48 26
48 26 42 61
48 26 4 36
13 20 48 26
43 39 48 26
27 66 48 26
48 26 34 57
6 24 48 26
48 26 80 44
51 65 48 26
48 26 32 69
48 26 14 65
21 82 48 26
29 79 48 26
48 26 26 39
45 54 48 26
13 72 48 26
5 60 48 26
43 71 48 26
76 46 48 26
48 26 6 22
48 26 19 18
48 26 20 31
48 26 81 40
48 26 24 30
41 31 48 26
72 39 48 26
25 41 48 26
48 26 12 47
48 26 66 33
48 26 5 37
48 26 19 72
4 29 48 26
48 26 31 56
48 26 61 60
55 59 48 26
43 54 48 26
48 26 15 88
0 18 48 26
19 34 48 26
48 26 10 58
48 26 17 29
48 26 2 77
48 26 6 17
6 45 48 26
5 81 48 26
48 26 60 36
48 26 8 77
8 18 48 26
48 26 66 40
48 26 32 44
30 60 48 26
48 26 31 46
29 48 48 26
48 26 53 48
31 22 48 26
36 67 48 26
10 78 48 26
5 88 48 26
7 47 48 26
48 26 15 31
13 32 48 26
57 54 48 26
31 68 48 26
48 26 30 72
3 66 48 26
10 35 48 26
23 78 48 26
10 36 48 26
48 26 18 69
