1000 100 100
4 1
99 1
15 54 50 36
17 21 15 54
11 12 15 54
15 54 16 47
38 23 15 54
69 25 15 54
15 54 54 11
15 54 59 36
15 54 18 25
15 54 68 22
15 54 34 21
15 54 44 31
31 32 15 54
15 54 32 48
57 2 15 54
22 8 15 54
15 54 37 16
52 0 15 54
82 2 15 54
32 5 15 54
67 9 15 54
15 54 39 29
15 54 45 30
62 5 15 54
19 11 15 54
15 54 55 8
15 54 13 37
15 54 46 36
15 54 51 5
15 54 90 7
15 54 14 35
15 54 69 10
9 24 15 54
15 54 18 29
40 53 15 54
15 54 54 5
15 54 39 34
15 54 29 58
18 56 15 54
15 54 21 29
15 54 56 16
15 54 74 20
24 5 15 54
50 1 15 54
15 54 49 3
19 68 15 54
15 54 43 8
15 54 33 43
71 25 15 54
15 54 43 1
15 54 34 19
15 54 57 1
15 54 60 7
15 54 66 0
15 54 44 36
83 12 15 54
16 29 15 54
20 22 15 54
15 54 73 5
57 15 15 54
17 33 15 54
15 54 20 46
24 35 15 54
56 24 15 54
32 57 15 54
15 54 54 1
28 52 15 54
15 54 24 22
40 36 15 54
15 54 21 14
15 54 30 12
43 31 15 54
13 38 15 54
15 54 13 25
66 10 15 54
15 54 61 3
15 54 56 26
26 9 15 54
15 54 93 3
15 54 68 0
15 54 26 15
15 54 40 0
40 15 15 54
52 37 15 54
9 21 15 54
79 8 15 54
37 17 15 54
15 54 52 41
48 29 15 54
70 12 15 54
53 23 15 54
62 9 15 54
15 54 72 5
60 8 15 54
19 8 15 54
65 20 15 54
21 24 15 54
15 54 36 3
15 54 10 20
15 54 64 17
34 11 15 54
15 54 61 25
15 54 42 46
15 54 37 28
82 10 15 54
15 54 26 65
46 20 15 54
11 1 15 54
34 5 15 54
15 54 41 13
15 54 73 7
51 43 15 54
26 6 15 54
15 54 45 25
27 33 15 54
20 65 15 54
20 14 15 54
15 54 66 5
29 3 15 54
15 54 32 23
55 37 15 54
31 57 15 54
24 67 15 54
23 3 15 54
15 54 56 36
15 54 12 15
13 11 15 54
15 54 74 10
15 54 12 19
32 24 15 54
15 54 31 24
59 28 15 54
15 54 41 24
15 54 48 2
50 31 15 54
68 20 15 54
15 54 29 35
15 54 20 66
15 54 57 25
15 54 56 33
15 54 81 9
15 54 18 28
15 54 40 31
15 54 11 3
39 0 15 54
15 54 62 15
56 29 15 54
15 54 87 1
15 54 42 3
15 54 13 6
18 66 15 54
15 54 64 10
15 54 38 37
15 54 12 27
13 0 15 54
15 54 25 2
15 54 41 32
20 17 15 54
37 9 15 54
15 54 78 2
18 20 15 54
16 10 15 54
15 54 81 6
87 3 15 54
32 51 15 54
15 54 36 1
7 4 15 54
40 52 15 54
15 54 35 7
17 59 15 54
15 54 26 37
26 11 15 54
44 7 15 54
15 54 60 13
15 54 69 20
15 54 81 11
9 14 15 54
66 28 15 54
6 7 15 54
15 54 47 4
14 20 15 54
15 54 49 14
15 54 16 26
11 19 15 54
42 50 15 54
15 54 32 30
11 27 15 54
15 54 78 1
15 54 26 45
15 54 10 27
15 54 13 19
15 54 59 4
80 3 15 54
15 54 21 34
38 0 15 54
46 18 15 54
25 16 15 54
15 54 34 53
60 4 15 54
15 54 60 11
37 35 15 54
77 14 15 54
24 43 15 54
15 54 66 16
29 11 15 54
15 54 37 27
15 54 44 40
15 54 89 9
15 54 6 5
15 54 67 3
24 34 15 54
89 2 15 54
68 18 15 54
15 54 24 25
15 54 52 18
72 11 15 54
15 54 46 47
71 11 15 54
51 41 15 54
15 54 57 9
15 54 52 20
60 34 15 54
15 54 55 20
80 10 15 54
28 53 15 54
14 29 15 54
52 1 15 54
45 7 15 54
45 32 15 54
61 19 15 54
15 54 39 25
15 54 39 47
15 54 31 4
55 15 15 54
79 15 15 54
19 1 15 54
52 31 15 54
49 24 15 54
15 54 47 21
15 54 24 38
15 54 29 13
15 54 92 0
15 54 20 69
88 9 15 54
15 54 58 21
86 1 15 54
32 50 15 54
15 54 33 25
56 8 15 54
34 44 15 54
20 21 15 54
22 43 15 54
29 8 15 54
32 0 15 54
28 51 15 54
36 25 15 54
27 35 15 54
15 54 26 62
37 34 15 54
52 3 15 54
15 54 19 18
15 54 11 14
15 54 34 3
27 59 15 54
15 54 58 30
48 43 15 54
21 62 15 54
15 54 50 41
35 20 15 54
32 28 15 54
15 54 50 21
15 54 66 17
38 46 15 54
15 54 52 6
15 54 43 11
15 54 28 13
15 54 34 1
50 32 15 54
19 59 15 54
68 25 15 54
56 30 15 54
15 54 36 53
36 11 15 54
15 54 71 15
14 6 15 54
15 54 34 27
22 52 15 54
31 8 15 54
15 54 60 32
15 54 26 0
41 44 15 54
15 54 30 5
15 54 74 4
15 54 29 60
15 54 21 11
15 54 44 32
15 54 70 16
15 54 32 18
74 21 15 54
35 33 15 54
52 32 15 54
15 54 42 17
15 54 16 36
15 54 31 5
54 10 15 54
28 23 15 54
15 54 40 27
69 1 15 54
52 35 15 54
38 17 15 54
51 7 15 54
48 41 15 54
25 56 15 54
15 54 24 1
29 23 15 54
15 54 55 7
31 27 15 54
15 54 68 19
47 20 15 54
15 54 77 0
15 54 29 49
15 54 43 37
15 54 49 22
19 0 15 54
15 54 46 44
78 6 15 54
71 5 15 54
31 3 15 54
15 54 13 13
15 54 26 18
15 54 82 8
45 41 15 54
15 54 42 35
15 54 22 35
34 18 15 54
15 54 52 33
15 54 47 40
15 54 61 4
15 54 36 7
15 54 28 20
49 41 15 54
52 40 15 54
15 54 9 2
29 43 15 54
76 13 15 54
15 54 65 28
66 27 15 54
21 54 15 54
42 48 15 54
15 54 62 22
15 54 38 53
18 55 15 54
36 43 15 54
15 54 12 12
58 23 15 54
31 16 15 54
15 54 23 61
15 54 28 47
15 54 11 6
15 54 37 24
59 11 15 54
58 6 15 54
15 54 62 13
15 54 28 38
44 12 15 54
15 54 37 49
15 54 17 24
15 54 34 46
15 54 68 23
15 54 14 14
15 54 35 13
15 54 20 36
15 54 24 46
10 3 15 54
37 50 15 54
15 54 14 11
32 46 15 54
41 11 15 54
15 54 17 13
15 54 75 11
83 13 15 54
15 54 36 55
15 54 24 19
15 54 58 27
15 54 15 19
15 54 62 23
15 54 17 2
33 24 15 54
15 54 52 39
39 48 15 54
15 54 53 9
15 54 61 12
15 54 68 24
15 54 73 23
23 60 15 54
15 54 74 22
41 10 15 54
8 0 15 54
15 54 23 30
15 54 56 3
15 54 48 25
62 30 15 54
35 57 15 54
15 54 32 55
15 54 50 7
56 31 15 54
15 54 40 7
86 7 15 54
15 54 80 7
15 54 22 41
15 54 20 56
17 11 15 54
18 18 15 54
15 54 21 53
48 1 15 54
20 15 15 54
88 1 15 54
16 40 15 54
15 54 68 11
50 11 15 54
28 17 15 54
48 22 15 54
58 32 15 54
15 54 35 11
15 54 44 44
15 54 20 64
15 54 45 11
15 54 51 26
15 54 50 22
64 15 15 54
15 54 31 48
41 29 15 54
15 54 24 59
15 54 34 29
15 54 31 13
77 4 15 54
48 11 15 54
23 21 15 54
35 16 15 54
19 21 15 54
57 14 15 54
94 3 15 54
66 18 15 54
79 12 15 54
30 18 15 54
23 59 15 54
15 54 54 25
15 54 16 34
15 54 41 35
35 42 15 54
46 38 15 54
71 0 15 54
15 54 47 37
15 54 52 22
15 54 37 53
52 7 15 54
15 54 44 28
15 54 22 62
15 54 42 51
15 54 32 21
69 24 15 54
7 2 15 54
15 54 24 16
15 54 22 29
15 54 9 11
25 11 15 54
15 54 23 4
88 2 15 54
39 27 15 54
15 54 53 31
15 54 94 2
15 54 45 47
15 54 49 0
64 21 15 54
15 54 19 4
15 54 14 1
28 31 15 54
40 21 15 54
58 24 15 54
17 63 15 54
15 54 57 4
15 54 76 15
15 54 52 21
15 54 52 12
12 4 15 54
15 54 45 1
51 39 15 54
15 54 37 6
15 54 26 26
28 30 15 54
41 42 15 54
15 54 36 41
56 12 15 54
15 54 57 26
15 54 56 28
91 3 15 54
15 54 30 7
77 19 15 54
46 46 15 54
15 54 32 1
15 54 7 12
8 9 15 54
15 54 39 24
12 11 15 54
24 56 15 54
70 25 15 54
88 5 15 54
40 2 15 54
62 28 15 54
19 56 15 54
28 45 15 54
15 54 80 5
38 43 15 54
15 54 49 19
48 26 15 54
15 54 81 7
89 6 15 54
22 4 15 54
15 54 40 23
54 16 15 54
15 54 41 23
15 54 48 6
15 54 63 13
15 54 17 25
15 54 46 2
15 54 19 7
41 3 15 54
15 54 36 32
15 54 79 18
72 12 15 54
16 12 15 54
15 54 74 8
8 5 15 54
18 47 15 54
65 27 15 54
15 54 88 4
11 23 15 54
58 16 15 54
30 47 15 54
72 10 15 54
15 54 37 47
48 7 15 54
60 2 15 54
15 54 50 27
15 54 31 21
15 54 44 43
15 54 17 37
14 38 15 54
15 54 75 17
36 27 15 54
29 6 15 54
15 54 19 10
15 54 49 17
15 54 24 10
20 32 15 54
15 54 23 19
15 54 55 0
15 54 25 50
15 54 81 8
29 44 15 54
52 5 15 54
15 54 22 22
15 54 64 23
5 2 15 54
15 54 27 28
20 25 15 54
23 17 15 54
15 54 62 26
15 54 4 0
30 10 15 54
15 54 40 26
15 54 29 30
15 54 20 11
53 32 15 54
15 54 31 25
12 38 15 54
15 54 47 27
63 5 15 54
15 54 54 13
15 54 30 38
53 19 15 54
60 10 15 54
15 54 27 20
15 54 32 60
34 42 15 54
46 28 15 54
51 33 15 54
15 54 42 2
15 54 12 17
15 54 40 13
28 55 15 54
15 54 55 29
38 25 15 54
15 54 49 10
15 54 21 51
15 54 12 31
15 54 45 10
15 54 44 16
15 54 33 8
15 54 50 6
15 54 49 40
58 10 15 54
12 23 15 54
19 69 15 54
62 17 15 54
60 30 15 54
25 3 15 54
15 54 72 6
27 13 15 54
11 21 15 54
15 54 16 8
21 21 15 54
15 54 68 8
46 40 15 54
18 26 15 54
66 24 15 54
15 54 45 23
15 54 59 23
15 54 74 2
15 54 16 21
62 2 15 54
41 5 15 54
10 10 15 54
15 54 92 2
15 54 50 35
15 54 62 29
14 33 15 54
15 54 61 17
35 47 15 54
37 42 15 54
15 54 84 4
15 54 14 17
51 35 15 54
15 54 18 6
7 9 15 54
18 65 15 54
15 54 26 19
15 54 70 22
15 54 32 2
15 54 29 63
42 4 15 54
10 21 15 54
15 54 40 47
15 54 23 1
22 32 15 54
30 16 15 54
26 36 15 54
15 54 62 16
9 10 15 54
15 54 58 19
15 54 53 33
15 54 64 25
25 23 15 54
33 19 15 54
15 54 40 40
79 2 15 54
54 2 15 54
20 4 15 54
39 43 15 54
40 38 15 54
51 25 15 54
46 13 15 54
38 35 15 54
15 54 16 6
15 54 65 6
57 27 15 54
15 54 40 20
24 11 15 54
15 54 64 6
15 54 62 3
15 54 20 68
61 34 15 54
15 54 31 43
15 54 43 15
15 54 73 4
46 45 15 54
53 39 15 54
15 54 64 29
15 54 77 3
15 54 17 5
23 2 15 54
23 24 15 54
15 54 78 3
15 54 37 3
9 23 15 54
15 54 29 34
23 22 15 54
15 54 67 14
15 54 42 28
15 54 70 18
46 7 15 54
15 54 25 42
15 54 20 47
9 9 15 54
37 1 15 54
14 18 15 54
23 11 15 54
15 54 41 1
50 0 15 54
15 54 61 21
15 54 34 52
15 54 43 20
15 54 29 9
15 54 22 65
15 54 38 27
93 1 15 54
60 31 15 54
14 21 15 54
54 7 15 54
49 4 15 54
27 16 15 54
15 54 28 0
15 54 33 21
33 13 15 54
22 67 15 54
62 0 15 54
56 2 15 54
72 0 15 54
27 7 15 54
15 54 18 62
15 54 76 10
82 9 15 54
15 54 49 45
15 54 61 7
15 54 48 23
15 54 48 17
73 1 15 54
15 54 63 16
31 11 15 54
15 54 41 38
15 54 42 13
15 54 96 2
15 54 11 17
38 45 15 54
56 34 15 54
15 54 18 37
15 54 22 6
26 3 15 54
15 54 57 29
15 54 21 47
65 12 15 54
47 12 15 54
16 11 15 54
15 54 37 46
46 3 15 54
15 54 11 11
15 54 26 13
15 54 85 5
15 54 11 7
65 7 15 54
69 8 15 54
15 54 50 17
15 54 39 36
15 54 89 1
13 29 15 54
15 54 22 2
74 9 15 54
15 54 26 23
15 54 52 15
62 4 15 54
60 25 15 54
69 13 15 54
36 13 15 54
65 1 15 54
23 34 15 54
15 54 23 66
35 0 15 54
88 0 15 54
40 8 15 54
15 54 89 7
40 46 15 54
51 4 15 54
44 26 15 54
52 11 15 54
23 57 15 54
15 54 23 20
15 54 60 23
21 55 15 54
53 3 15 54
45 0 15 54
15 54 29 55
15 54 8 12
40 28 15 54
75 13 15 54
83 1 15 54
35 15 15 54
15 54 64 4
15 54 30 21
15 54 79 11
85 1 15 54
15 54 97 0
52 29 15 54
15 54 22 36
22 63 15 54
15 54 38 47
15 54 31 9
15 54 14 7
15 54 30 40
15 54 90 5
12 29 15 54
46 0 15 54
15 54 96 1
15 54 18 32
15 54 21 16
15 54 30 1
15 54 27 17
27 5 15 54
58 22 15 54
15 54 56 10
37 2 15 54
15 54 82 4
15 54 39 5
15 54 16 25
17 1 15 54
15 54 25 52
15 54 27 31
15 54 17 52
15 54 39 17
10 11 15 54
15 54 25 6
30 41 15 54
69 4 15 54
15 54 74 11
61 18 15 54
15 54 36 35
15 54 71 22
10 22 15 54
80 16 15 54
15 54 32 49
15 54 28 58
15 54 54 19
57 31 15 54
15 54 63 2
37 7 15 54
15 54 36 2
15 54 41 4
15 54 87 7
15 54 50 37
17 39 15 54
15 54 73 6
64 13 15 54
42 5 15 54
15 54 30 3
21 59 15 54
15 54 72 2
64 7 15 54
15 54 19 30
55 10 15 54
15 54 32 35
17 9 15 54
15 54 31 10
15 54 92 4
15 54 12 5
15 54 14 36
40 50 15 54
44 18 15 54
15 54 43 29
7 5 15 54
48 39 15 54
41 51 15 54
15 54 23 38
80 6 15 54
15 54 83 0
15 54 31 0
23 53 15 54
49 5 15 54
15 54 86 3
8 3 15 54
65 16 15 54
17 16 15 54
42 38 15 54
71 13 15 54
15 54 35 21
15 54 12 35
15 54 20 16
42 1 15 54
15 54 56 11
15 54 58 31
15 54 37 4
57 6 15 54
50 16 15 54
15 54 53 7
20 61 15 54
15 54 22 15
15 54 26 27
15 54 45 2
15 54 52 25
15 54 64 2
15 54 52 19
15 54 41 45
15 54 28 22
15 54 17 23
38 32 15 54
81 2 15 54
15 54 43 23
38 39 15 54
63 10 15 54
15 54 62 32
83 8 15 54
15 54 39 31
15 54 84 1
15 54 83 2
15 54 44 13
29 21 15 54
14 24 15 54
34 32 15 54
19 63 15 54
19 15 15 54
38 10 15 54
15 54 29 2
15 54 21 67
82 11 15 54
15 54 30 58
15 54 24 21
15 54 34 8
15 54 54 8
2 67 99 99
71 24 15 54
35 1 15 54
20 1 15 54
35 41 15 54
15 54 42 22
15 54 20 58
86 2 15 54
50 24 15 54
16 27 15 54
15 54 53 2
64 28 15 54
15 54 25 19
89 0 15 54
18 19 15 54
15 54 20 10
15 54 6 3
64 20 15 54
67 21 15 54
15 54 59 12
15 54 68 12
48 33 15 54
66 4 15 54
15 54 11 9
77 8 15 54
15 54 37 13
15 54 84 7
55 21 15 54
15 54 21 8
15 54 75 5
15 54 79 16
31 53 15 54
27 0 15 54
6 4 15 54
14 0 15 54
15 54 41 17
31 15 15 54
66 29 15 54
15 54 73 9
15 54 14 4
51 19 15 54
12 25 15 54
12 26 15 54
15 54 44 14
15 54 75 16
74 17 15 54
50 3 15 54
15 54 68 16
25 28 15 54
15 54 45 5
41 12 15 54
26 14 15 54
15 54 37 19
15 54 58 35
30 55 15 54
30 8 15 54
15 54 74 7
15 54 54 12
15 54 16 41
15 54 34 0
15 54 23 65
15 54 67 24
55 25 15 54
15 54 8 17
15 54 65 3
22 0 15 54
24 40 15 54
68 15 15 54
66 1 15 54
44 45 15 54
15 54 25 66
46 42 15 54
15 54 34 13
15 54 38 18
13 10 15 54
15 54 18 46
34 9 15 54
58 15 15 54
15 54 58 26
9 19 15 54
39 4 15 54
22 51 15 54
15 54 33 55
15 54 61 26
