394 100 100
91 98
1 99
37 40 38 39
42 32 43 31
88 89 88 88
56 10 56 9
88 92 88 91
21 66 22 65
60 13 60 12
19 70 20 69
59 9 58 8
76 60 76 59
18 72 19 71
25 61 26 60
63 22 63 21
71 45 71 44
85 82 84 81
88 91 88 90
69 38 69 37
58 6 59 5
49 23 49 22
55 2 55 1
57 6 56 5
83 78 83 77
90 98 90 97
6 92 6 91
80 70 80 69
81 71 80 70
71 42 70 41
36 44 36 43
6 91 7 90
51 20 51 19
91 100 91 99
46 25 47 24
84 77 83 76
83 76 83 75
21 68 21 67
78 61 77 60
1 98 2 97
86 82 85 81
26 59 27 58
36 43 37 42
59 6 60 5
72 45 72 44
82 75 82 74
8 87 9 86
52 17 53 16
60 15 59 14
3 97 3 96
84 80 83 79
28 55 28 54
45 28 45 27
71 46 71 45
67 33 67 32
56 1 55 0
73 48 73 47
18 73 18 72
68 36 67 35
17 74 18 73
61 19 61 18
38 39 38 38
64 26 64 25
65 28 64 27
85 81 85 80
49 21 50 20
66 30 66 29
32 49 32 48
47 24 48 23
5 91 6 90
37 42 37 41
62 19 62 18
76 57 76 56
62 18 62 17
54 14 55 13
17 72 18 71
83 75 83 74
29 54 30 53
49 22 50 21
17 73 17 72
61 2 61 1
24 63 24 62
45 29 46 28
73 49 73 48
30 53 31 52
16 74 17 73
63 21 63 20
90 96 89 95
37 41 38 40
58 7 58 6
4 93 5 92
64 24 64 23
66 32 66 31
21 67 22 66
10 85 11 84
79 65 79 64
60 3 61 2
55 11 56 10
89 93 88 92
88 90 87 89
68 34 67 33
86 86 86 85
40 35 41 34
67 32 67 31
66 31 65 30
67 35 67 34
31 52 31 51
65 27 65 26
7 89 7 88
34 45 35 44
4 95 5 94
89 94 89 93
86 85 85 84
73 51 73 50
74 52 73 51
23 65 23 64
32 50 33 49
50 21 51 20
43 30 44 29
44 29 45 28
60 4 61 3
87 89 87 88
10 83 11 82
33 46 34 45
4 94 4 93
38 40 39 39
26 60 26 59
63 24 63 23
36 41 37 40
20 69 21 68
20 67 21 66
74 50 73 49
56 11 57 10
16 75 17 74
8 89 8 88
91 96 90 95
39 39 39 38
89 92 89 91
92 100 92 99
34 46 35 45
83 74 82 73
72 44 71 43
54 12 55 11
87 85 86 84
50 19 51 18
85 84 85 83
15 75 16 74
35 45 36 44
62 17 61 16
56 3 56 2
41 35 42 34
55 12 56 11
70 40 70 39
77 60 77 59
25 60 25 59
59 14 59 13
53 16 54 15
80 67 80 66
81 70 81 69
90 94 90 93
45 27 46 26
61 15 60 14
8 88 9 87
42 33 43 32
7 88 8 87
89 91 89 90
70 41 70 40
22 65 22 64
26 58 27 57
59 12 58 11
53 14 54 13
64 27 64 26
90 93 89 92
79 63 78 62
89 90 88 89
44 31 44 30
69 37 69 36
12 82 13 81
47 25 48 24
18 70 19 69
79 67 79 66
86 83 86 82
33 47 33 46
10 86 10 85
62 21 62 20
83 79 83 78
60 16 60 15
74 51 74 50
61 17 60 16
65 25 64 24
20 68 20 67
41 33 42 32
58 6 57 5
9 87 10 86
34 47 34 46
27 56 28 55
23 64 24 63
46 26 46 25
87 87 87 86
91 99 90 98
62 2 62 1
78 64 78 63
48 22 49 21
63 20 62 19
87 88 86 87
60 12 59 11
82 74 81 73
3 96 4 95
13 80 14 79
82 73 82 72
19 69 20 68
31 50 32 49
58 11 58 10
59 11 59 10
41 34 41 33
65 30 65 29
89 95 89 94
59 4 60 3
48 24 49 23
91 97 91 96
2 98 3 97
29 53 30 52
9 86 9 85
65 26 65 25
12 80 13 79
5 94 5 93
72 46 72 45
70 42 69 41
51 18 51 17
77 58 76 57
54 15 54 14
77 62 77 61
59 7 59 6
36 42 36 41
28 54 29 53
72 49 72 48
28 56 29 55
69 41 69 40
27 57 27 56
15 76 15 75
78 62 78 61
55 13 55 12
77 59 77 58
15 78 15 77
2 99 2 98
65 29 65 28
76 56 76 55
27 58 28 57
63 23 62 22
84 81 84 80
68 37 68 36
9 85 10 84
80 68 80 67
74 54 74 53
83 77 82 76
11 83 12 82
41 36 41 35
64 23 63 22
35 44 35 43
30 52 30 51
3 95 4 94
90 97 90 96
7 90 8 89
75 54 75 53
69 36 68 35
16 76 16 75
71 44 70 43
61 16 61 15
33 49 33 48
56 5 56 4
92 98 91 97
2 96 3 95
75 55 74 54
79 66 78 65
87 86 87 85
62 1 63 0
79 64 79 63
80 66 79 65
86 84 86 83
67 34 66 33
48 23 48 22
79 68 79 67
66 29 66 28
59 10 59 9
57 10 57 9
84 79 84 78
81 73 81 72
57 5 57 4
59 5 59 4
39 37 40 36
47 26 47 25
73 50 72 49
46 28 46 27
57 8 57 7
82 72 82 71
14 78 14 77
46 27 47 26
74 53 74 52
10 84 10 83
67 31 66 30
70 43 70 42
13 79 14 78
75 53 75 52
39 38 40 37
14 77 15 76
61 1 62 0
40 37 41 36
68 35 68 34
58 10 58 9
88 88 87 87
54 13 54 12
92 99 92 98
68 38 68 37
11 84 11 83
60 14 60 13
62 22 62 21
52 16 53 15
44 30 45 29
33 48 34 47
22 66 23 65
66 28 65 27
35 43 36 42
58 8 59 7
30 51 31 50
51 17 52 16
72 48 72 47
76 55 75 54
25 59 26 58
75 57 75 56
90 95 90 94
85 83 85 82
57 7 57 6
59 13 59 12
69 40 69 39
84 78 84 77
5 92 5 91
78 65 78 64
76 59 76 58
1 100 2 99
72 47 71 46
43 31 43 30
24 62 25 61
53 15 53 14
64 25 63 24
50 20 50 19
73 47 72 46
18 71 18 70
6 90 7 89
2 97 2 96
86 87 86 86
40 36 40 35
42 34 42 33
29 55 29 54
82 76 82 75
100 12 1 2
70 39 69 38
56 4 55 3
61 18 61 17
23 62 24 61
78 63 77 62
56 2 56 1
38 38 39 37
80 69 79 68
55 1 54 0
81 72 81 71
51 19 52 18
82 71 81 70
52 18 52 17
66 33 66 32
60 5 60 4
71 43 71 42
56 9 57 8
77 61 76 60
31 51 32 50
69 39 68 38
76 58 75 57
55 3 55 2
75 52 74 51
14 79 15 78
15 77 16 76
12 81 12 80
81 69 80 68
57 4 56 3
32 48 33 47
23 63 23 62
75 56 75 55
43 32 44 31
22 64 23 63
11 82 12 81
28 57 28 56
85 80 84 79
62 20 61 19
24 61 25 60
13 81 13 80
5 93 6 92
19 71 19 70
61 3 62 2
