371 100 100
96 99
1 99
13 88 14 87
43 61 44 60
84 38 84 37
91 71 90 70
94 89 94 88
64 42 65 41
84 40 84 39
50 55 51 54
90 70 90 69
89 21 90 20
87 58 87 57
87 57 87 56
36 68 37 67
79 19 79 18
91 19 92 18
77 6 77 5
7 93 8 92
96 97 96 96
72 36 73 35
51 55 52 54
80 25 80 24
92 81 92 80
92 18 93 17
85 47 85 46
63 44 64 43
6 95 7 94
74 34 75 33
77 11 77 10
88 65 88 64
45 60 46 59
86 49 86 48
92 82 92 81
71 36 72 35
93 84 93 83
16 86 17 85
87 22 88 21
73 35 74 34
76 7 76 6
45 59 46 58
94 91 94 90
89 63 89 62
89 64 89 63
95 91 95 90
60 47 61 46
89 67 89 66
26 76 27 75
24 79 25 78
84 25 86 24
81 23 81 22
78 16 78 15
85 46 84 45
78 31 79 30
82 33 82 32
80 26 80 25
41 64 42 63
96 14 97 13
14 88 15 87
65 41 67 40
7 94 8 93
20 82 21 81
95 99 95 98
4 97 5 96
90 69 90 68
79 21 79 20
78 8 77 7
87 59 87 58
86 48 86 47
62 44 63 43
17 84 18 83
33 70 34 69
69 39 70 38
82 32 81 31
40 64 41 63
89 66 88 65
92 78 92 77
87 51 86 50
77 4 77 3
92 80 91 79
29 74 30 73
93 81 93 80
95 97 95 96
46 59 47 58
91 72 91 71
27 76 28 75
62 45 63 44
94 92 94 91
56 50 58 49
27 75 29 74
94 85 93 84
95 93 95 92
61 45 62 44
33 71 34 70
88 64 88 63
83 35 83 34
55 51 56 50
18 84 19 83
25 78 26 77
79 18 78 17
51 54 52 53
76 4 76 3
81 27 80 26
93 83 93 82
79 13 78 12
91 76 91 75
96 98 96 97
97 99 96 98
82 29 82 28
87 56 86 55
92 77 92 76
90 74 90 73
2 99 3 98
54 52 55 51
61 46 62 45
15 87 16 86
97 13 98 12
82 30 82 29
87 52 87 51
21 82 22 81
79 29 80 28
43 62 44 61
63 43 64 42
85 44 85 43
94 94 94 93
92 76 92 75
87 23 88 22
34 70 35 69
5 96 6 95
90 73 90 72
85 24 86 23
22 81 23 80
86 55 86 54
84 42 83 41
75 33 77 32
70 37 71 36
83 33 83 32
68 40 69 39
82 31 82 30
59 48 60 47
9 92 10 91
44 61 45 60
90 67 90 66
92 79 92 78
96 96 96 95
82 36 82 35
83 40 83 39
98 13 99 12
30 74 31 73
79 15 79 14
98 33 1 1
92 17 93 16
37 66 39 65
91 18 92 17
17 85 18 84
76 1 76 0
81 24 81 23
87 60 87 59
74 33 76 32
80 23 80 22
23 80 24 79
89 20 90 19
91 78 91 77
57 49 58 48
31 72 32 71
64 43 65 42
84 37 83 36
9 91 11 90
95 15 96 14
97 14 98 13
90 72 90 71
93 86 93 85
78 15 78 14
14 87 15 86
66 41 68 40
86 53 86 52
55 50 57 49
86 24 87 23
83 36 83 35
53 53 54 52
89 68 89 67
78 30 79 29
85 43 85 42
46 58 48 57
47 58 49 57
82 34 82 33
83 37 82 36
78 14 78 13
88 59 88 58
95 92 95 91
5 95 6 94
19 83 21 82
15 86 16 85
91 77 91 76
78 9 78 8
16 85 17 84
86 46 85 45
84 44 84 43
82 28 82 27
92 75 91 74
77 5 77 4
30 73 31 72
85 45 85 44
4 96 5 95
94 87 94 86
80 28 81 27
84 45 84 44
86 23 87 22
53 52 54 51
81 25 81 24
42 62 43 61
90 19 91 18
89 69 89 68
50 56 51 55
89 61 88 60
37 67 38 66
88 61 87 60
52 53 53 52
67 40 68 39
78 13 77 12
44 60 45 59
83 25 85 24
79 20 79 19
95 95 94 94
82 35 82 34
80 20 80 19
58 49 59 48
86 51 85 50
35 69 36 68
83 38 83 37
88 22 89 21
85 50 85 49
88 57 88 56
83 32 82 31
49 57 50 56
80 21 80 20
77 7 77 6
31 73 32 72
77 8 76 7
90 71 89 70
79 17 79 16
70 38 71 37
79 14 79 13
42 63 43 62
95 94 95 93
88 56 87 55
78 12 78 11
12 89 13 88
96 100 95 99
32 71 33 70
81 30 81 29
80 24 80 23
76 32 77 31
71 37 72 36
22 80 23 79
39 65 40 64
93 89 93 88
75 2 75 1
90 20 91 19
38 66 40 65
6 94 7 93
77 9 77 8
81 26 81 25
34 69 35 68
48 57 49 56
85 48 85 47
11 90 12 89
97 100 97 99
72 35 73 34
76 2 76 1
93 85 92 84
94 93 94 92
36 67 37 66
78 10 78 9
88 58 88 57
84 39 84 38
94 88 94 87
85 42 84 41
35 68 36 67
88 60 88 59
23 79 24 78
91 79 91 78
80 18 79 17
77 10 77 9
95 90 94 89
79 16 79 15
88 21 89 20
87 54 87 53
93 16 95 15
95 98 95 97
69 38 70 37
78 11 78 10
93 88 93 87
98 12 99 11
82 27 83 26
96 95 95 94
92 84 92 83
52 54 53 53
77 12 77 11
77 32 78 31
2 98 3 97
94 86 94 85
18 83 20 82
86 52 86 51
49 56 50 55
75 1 75 0
84 43 84 42
82 26 83 25
93 17 94 16
87 55 87 54
80 29 81 28
94 90 93 89
80 19 80 18
32 72 33 71
89 62 89 61
80 22 79 21
91 74 91 73
76 5 76 4
21 81 22 80
79 30 80 29
90 68 90 67
77 3 76 2
3 98 4 97
68 39 69 38
58 48 59 47
83 26 84 25
76 6 76 5
8 92 9 91
13 89 14 88
8 93 9 92
41 63 42 62
88 63 88 62
93 82 93 81
96 15 97 14
81 22 80 21
78 17 78 16
86 54 86 53
93 87 93 86
76 3 75 2
77 31 78 30
83 39 83 38
25 77 26 76
93 80 92 79
89 65 89 64
87 53 87 52
12 90 13 89
59 47 60 46
90 66 89 65
86 47 86 46
26 77 27 76
86 50 86 49
83 41 83 40
91 73 91 72
84 41 84 40
10 91 12 90
54 51 55 50
81 31 81 30
88 62 88 61
40 65 41 64
65 42 66 41
85 49 85 48
91 75 90 74
81 29 81 28
92 83 92 82
3 97 4 96
95 96 95 95
89 70 89 69
60 46 61 45
83 34 83 33
73 34 74 33
24 78 25 77
94 16 96 15
28 75 30 74
