395 100 100
1 98
2 52
29 91 30 91
23 92 24 91
23 56 24 56
95 70 96 71
88 70 89 70
67 66 68 66
93 71 94 71
33 59 34 59
41 88 42 88
16 93 17 93
26 91 27 91
41 60 42 61
59 83 60 83
28 58 29 58
65 64 66 65
54 84 55 84
38 88 39 87
66 65 67 65
22 93 23 93
43 86 44 86
50 62 51 62
68 81 69 80
30 91 31 90
30 90 31 89
46 86 47 86
26 92 27 92
98 71 99 71
82 69 83 69
15 95 16 94
96 71 97 71
39 88 40 88
18 55 19 55
6 53 7 54
71 79 72 79
48 62 49 62
94 70 95 70
35 88 36 88
4 98 5 97
80 76 81 76
46 61 47 62
58 82 59 82
18 56 19 56
58 63 59 63
47 85 48 85
62 81 63 81
96 73 97 73
80 68 81 69
5 53 6 53
45 61 46 61
37 88 38 88
88 69 89 69
60 83 61 82
44 60 45 60
44 87 45 87
67 81 68 81
6 52 7 53
87 75 88 74
79 78 80 77
35 58 36 58
54 83 55 83
87 69 88 69
8 97 9 96
51 85 52 85
76 68 77 68
21 55 22 56
29 58 30 58
12 55 13 55
42 60 43 60
59 64 60 64
37 89 38 89
7 96 8 96
97 73 98 73
88 74 89 74
60 64 61 65
36 88 37 88
27 57 28 57
91 73 92 73
35 59 36 59
52 62 53 62
63 64 64 64
36 89 37 89
62 82 63 82
58 64 59 64
53 62 54 62
16 55 17 56
11 54 12 55
82 76 83 76
44 61 45 61
34 58 35 58
76 77 77 77
56 83 57 83
4 53 5 53
15 94 16 93
81 77 82 77
12 54 13 54
5 52 6 52
5 97 6 97
42 87 43 86
84 68 85 68
32 89 33 89
48 61 49 61
18 94 19 94
31 90 32 90
49 61 50 61
37 60 38 60
68 65 69 65
37 59 38 59
33 89 34 89
91 71 92 71
70 79 71 79
58 83 59 83
63 65 64 65
11 53 12 54
47 86 48 86
19 56 20 56
86 75 87 75
23 57 24 57
55 62 56 62
73 67 74 67
39 87 40 87
55 83 56 83
0 52 1 52
55 84 56 84
8 96 9 95
90 75 91 74
14 94 15 94
90 70 91 71
83 76 84 75
26 56 27 57
38 60 39 60
20 56 21 56
93 70 94 70
1 97 2 97
77 67 78 67
43 87 44 87
51 61 52 62
4 52 5 52
78 78 79 78
34 59 35 59
74 67 75 67
32 58 33 58
27 58 28 58
15 55 16 55
56 84 57 84
87 76 88 75
2 98 3 98
49 85 50 84
92 74 93 74
25 56 26 56
9 95 10 95
75 78 76 77
29 90 30 90
0 99 1 99
13 55 14 55
75 67 76 68
36 58 37 59
46 60 47 61
68 66 69 66
84 75 85 75
84 69 85 69
72 79 73 78
22 56 23 56
94 73 95 72
10 54 11 54
79 68 80 68
23 93 24 92
95 71 96 72
92 71 93 71
60 63 61 64
11 96 12 96
52 63 53 63
77 68 78 68
85 76 86 76
50 84 51 84
95 72 96 72
57 84 58 83
28 57 29 57
90 74 91 73
26 57 27 58
77 77 78 77
15 54 16 54
52 84 53 84
63 82 64 82
20 93 21 93
11 95 12 95
93 74 94 74
3 53 4 53
30 58 31 58
46 85 47 85
99 72 100 72
22 57 23 57
81 68 82 68
14 54 15 54
30 57 31 57
51 62 52 63
25 91 26 91
20 92 21 92
24 56 25 56
34 89 35 88
82 68 83 68
64 64 65 64
41 87 42 87
74 78 75 78
97 71 98 71
19 94 20 93
62 65 63 65
24 57 25 57
92 70 93 70
99 71 100 71
61 82 62 82
7 53 8 53
63 81 64 81
78 67 79 67
56 62 57 63
97 72 98 72
70 66 71 67
73 78 74 78
35 89 36 89
70 65 71 66
69 80 70 80
13 94 14 94
43 60 44 60
42 61 43 61
25 57 26 57
9 53 10 53
86 76 87 76
61 64 62 64
62 64 63 64
66 80 67 80
81 69 82 69
32 59 33 59
56 63 57 64
69 65 70 65
59 63 60 63
13 95 14 95
72 67 73 67
90 69 91 70
18 93 19 93
47 61 48 61
24 92 25 92
75 66 76 67
77 78 78 78
25 92 26 92
21 93 22 93
48 85 49 85
64 65 65 65
57 83 58 82
10 95 11 95
28 91 29 91
32 90 33 90
36 59 37 60
61 81 62 81
38 89 39 88
1 52 2 53
55 63 56 63
50 61 51 61
52 85 53 85
0 51 1 51
20 55 21 55
91 70 92 70
45 87 46 86
68 80 69 79
17 93 18 93
69 79 70 79
28 90 29 90
14 95 15 95
2 97 3 97
67 65 68 65
29 57 30 57
5 96 6 96
94 74 95 73
67 80 68 80
40 88 41 88
45 86 46 85
40 87 41 87
1 99 2 98
95 73 96 73
21 56 22 57
21 92 22 92
8 54 9 54
81 76 82 76
82 77 83 77
49 86 50 85
6 97 7 97
96 72 97 72
83 77 84 76
54 63 55 63
10 96 11 96
86 70 87 70
60 82 61 81
48 86 49 86
73 66 74 66
50 85 51 85
27 92 28 91
61 65 62 65
71 67 72 67
41 59 42 60
43 61 44 61
94 71 95 71
19 55 20 55
3 97 4 97
78 77 79 77
14 55 15 55
39 59 40 59
98 73 99 72
3 98 4 98
31 58 32 59
12 95 13 94
53 84 54 83
64 82 65 81
51 84 52 84
9 96 10 96
91 74 92 74
19 93 20 92
42 88 43 87
6 96 7 96
87 70 88 70
75 79 76 78
45 60 46 60
74 79 75 79
92 73 93 73
80 67 81 68
65 80 66 80
17 56 18 56
89 74 90 74
85 69 86 70
2 51 3 52
33 90 34 90
7 97 8 97
53 85 54 84
71 80 72 80
83 68 84 68
88 75 89 75
57 64 58 64
72 66 73 66
71 66 72 66
39 60 40 60
34 90 35 89
54 62 55 62
80 77 81 77
86 69 87 69
85 75 86 75
12 96 13 95
66 81 67 81
49 62 50 62
65 65 66 66
57 63 58 63
93 73 94 73
2 53 3 53
22 92 23 92
84 76 85 76
0 98 1 97
47 62 48 62
76 78 77 78
16 94 17 94
79 77 80 76
17 55 18 55
74 66 75 66
76 67 77 67
97 0 100 100
7 54 8 54
89 70 90 70
8 53 9 53
66 66 67 66
78 68 79 68
3 52 4 52
72 80 73 79
89 69 90 69
17 94 18 94
44 86 45 86
10 53 11 53
31 57 32 58
9 54 10 54
31 89 32 89
1 51 2 51
27 91 28 90
64 81 65 80
4 97 5 96
13 54 14 54
53 63 54 63
69 66 70 66
16 54 17 55
59 82 60 82
73 79 74 79
85 68 86 69
40 60 41 60
83 69 84 69
24 91 25 91
89 75 90 75
40 59 41 59
79 67 80 67
38 59 39 59
70 80 71 80
65 81 66 81
33 58 34 58
