199 100 100
99 1
98 98
65 2 64 2
36 1 35 1
92 2 91 2
74 1 73 1
18 1 17 1
54 1 53 1
99 2 98 99
95 2 94 2
69 2 68 2
91 2 90 2
30 2 29 2
2 1 1 1
81 1 80 1
84 1 83 1
10 1 9 1
20 2 19 2
4 1 3 1
34 2 33 2
66 2 65 2
92 1 91 1
67 1 66 1
26 1 25 1
41 1 40 1
24 2 23 2
93 2 92 2
90 1 89 1
28 2 27 2
75 1 74 1
97 1 96 1
3 2 2 2
48 2 47 2
87 2 86 2
10 2 9 2
90 2 89 2
96 1 95 1
31 1 30 1
82 2 81 2
37 2 36 2
51 1 50 1
21 2 20 2
46 2 45 2
87 1 86 1
83 1 82 1
48 1 47 1
73 2 72 2
22 2 21 2
30 1 29 1
27 2 26 2
88 1 87 1
15 2 14 2
29 2 28 2
56 1 55 1
66 1 65 1
42 2 41 2
9 2 8 2
85 2 84 2
70 1 69 1
76 2 75 2
73 1 72 1
50 1 49 1
75 2 74 2
12 1 11 1
72 1 71 1
46 1 45 1
68 2 67 2
4 2 3 2
27 1 26 1
5 2 4 2
71 1 70 1
99 0 0 100
38 2 37 2
25 2 24 2
39 2 38 2
70 2 69 2
58 1 57 1
44 2 43 2
91 1 90 1
13 1 12 1
5 1 4 1
79 1 78 1
64 2 63 2
3 1 2 1
19 1 18 1
32 2 31 2
36 2 35 2
86 2 85 2
78 1 77 1
98 2 97 2
42 1 41 1
14 2 13 2
61 1 60 1
61 2 60 2
86 1 85 1
18 2 17 2
7 2 6 2
19 2 18 2
11 1 10 1
38 1 37 1
80 1 79 1
8 2 7 2
23 2 22 2
63 2 62 2
49 2 48 2
33 2 32 2
96 2 95 2
95 1 94 1
52 2 51 2
60 2 59 2
83 2 82 2
16 2 15 2
52 1 51 1
44 1 43 1
22 1 21 1
6 2 5 2
78 2 77 2
43 2 42 2
80 2 79 2
24 1 23 1
29 1 28 1
16 1 15 1
43 1 42 1
34 1 33 1
89 1 88 1
28 1 27 1
53 2 52 2
98 1 97 1
15 1 14 1
97 2 96 2
50 2 49 2
37 1 36 1
57 1 56 1
1 2 0 2
62 1 61 1
32 1 31 1
65 1 64 1
89 2 88 2
13 2 12 2
77 1 76 1
54 2 53 2
45 2 44 2
68 1 67 1
49 1 48 1
7 1 6 1
55 2 54 2
88 2 87 2
94 2 93 2
8 1 7 1
17 1 16 1
17 2 16 2
59 2 58 2
11 2 10 2
12 2 11 2
57 2 56 2
51 2 50 2
47 1 46 1
64 1 63 1
58 2 57 2
72 2 71 2
62 2 61 2
59 1 58 1
41 2 40 2
67 2 66 2
69 1 68 1
85 1 84 1
84 2 83 2
53 1 52 1
26 2 25 2
79 2 78 2
94 1 93 1
63 1 62 1
40 1 39 1
76 1 75 1
82 1 81 1
25 1 24 1
21 1 20 1
20 1 19 1
77 2 76 2
35 2 34 2
39 1 38 1
60 1 59 1
81 2 80 2
1 1 0 1
33 1 32 1
31 2 30 2
6 1 5 1
100 1 99 2
55 1 54 1
14 1 13 1
45 1 44 1
47 2 46 2
71 2 70 2
56 2 55 2
93 1 92 1
2 2 1 2
74 2 73 2
35 1 34 1
40 2 39 2
9 1 8 1
23 1 22 1
