258 100 100
99 1
12 1
9 29 9 30
12 2 12 3
89 4 85 5
63 12 59 13
4 89 3 90
3 95 3 96
7 50 7 51
3 83 3 84
40 19 37 20
2 94 2 95
9 31 9 32
70 10 67 11
4 78 4 79
5 66 5 67
11 3 11 4
9 34 9 35
8 35 8 36
6 59 5 60
9 30 8 31
17 26 14 27
11 4 11 5
4 73 4 74
11 7 11 8
4 85 4 86
11 16 11 17
5 62 5 63
6 57 6 58
3 82 3 83
8 32 8 33
7 41 7 42
6 66 6 67
5 72 5 73
4 84 4 85
30 22 27 23
9 26 9 27
4 79 3 80
6 67 6 68
4 70 4 71
5 73 5 74
11 5 11 6
5 68 5 69
8 45 8 46
5 30 2 31
2 93 2 94
5 75 5 76
25 24 21 25
60 13 57 14
8 43 8 44
0 21 95 99
3 89 2 90
3 85 3 86
12 10 11 11
12 5 12 6
27 23 24 24
5 61 5 62
77 8 73 9
11 13 11 14
4 82 4 83
10 24 10 25
12 8 12 9
8 31 8 32
10 19 10 20
8 33 8 34
9 33 9 34
7 48 7 49
7 43 7 44
21 25 18 26
7 57 7 58
5 78 5 79
5 77 5 78
4 80 4 81
10 22 10 23
15 27 11 28
2 90 2 91
5 79 4 80
3 97 3 98
6 68 6 69
11 18 11 19
85 5 82 6
69 10 66 11
3 80 3 81
5 63 5 64
10 23 10 24
9 35 9 36
43 18 40 19
9 40 8 41
6 51 6 52
3 91 3 92
3 92 3 93
34 21 31 22
8 29 5 30
10 25 10 26
6 60 6 61
13 0 13 1
50 16 46 17
51 16 47 17
37 20 33 21
6 65 6 66
2 97 2 98
8 42 8 43
8 47 8 48
11 2 11 3
6 52 6 53
2 99 2 100
9 25 9 26
3 98 2 99
4 88 4 89
5 64 5 65
6 50 6 51
95 2 92 3
33 21 30 22
11 20 10 21
54 15 51 16
12 9 12 10
18 26 15 27
8 34 8 35
5 74 5 75
1 99 1 100
9 39 9 40
10 12 10 13
11 28 10 29
82 6 79 7
11 6 11 7
11 11 11 12
7 54 7 55
6 55 6 56
44 18 41 19
3 94 3 95
66 11 63 12
10 11 10 12
7 44 7 45
3 81 3 82
7 46 7 47
10 29 10 30
7 42 7 43
7 29 4 30
67 11 64 12
3 88 3 89
93 3 90 4
56 14 53 15
5 65 5 66
12 6 12 7
6 69 5 70
4 74 4 75
11 19 11 20
64 12 60 13
7 55 7 56
3 93 3 94
8 38 8 39
6 62 6 63
4 86 4 87
13 1 12 2
20 25 17 26
79 7 76 8
2 98 1 99
8 49 7 50
80 7 77 8
53 15 50 16
4 81 4 82
12 0 11 1
57 14 54 15
8 37 8 38
8 40 7 41
9 23 9 24
7 52 7 53
6 53 6 54
10 18 10 19
9 32 9 33
9 24 9 25
14 27 10 28
86 5 83 6
10 15 10 16
3 96 3 97
47 17 44 18
6 61 6 62
9 21 9 22
7 49 6 50
4 75 4 76
9 22 9 23
8 41 8 42
6 63 6 64
83 6 80 7
11 8 11 9
9 28 7 29
7 58 7 59
9 37 9 38
12 7 12 8
2 91 2 92
12 3 12 4
24 24 20 25
76 8 72 9
7 45 7 46
72 9 69 10
7 47 7 48
2 96 2 97
11 12 11 13
3 84 3 85
6 64 6 65
10 21 10 22
7 51 7 52
10 27 10 28
46 17 43 18
10 17 10 18
9 27 9 28
96 2 93 3
8 36 8 37
6 54 6 55
11 9 11 10
9 38 9 39
8 44 8 45
98 1 95 2
31 22 28 23
5 60 5 61
11 1 11 2
11 17 11 18
3 90 3 91
7 53 7 54
7 59 6 60
11 15 11 16
8 48 8 49
5 67 5 68
4 71 4 72
5 70 5 71
10 14 10 15
8 39 8 40
10 13 10 14
4 83 4 84
11 14 11 15
38 20 34 21
10 20 9 21
4 87 4 88
90 4 86 5
4 30 1 31
5 76 5 77
4 76 4 77
10 30 9 31
5 71 5 72
6 56 6 57
9 36 9 37
41 19 38 20
92 3 89 4
3 87 3 88
28 23 25 24
11 10 10 11
12 4 12 5
10 26 10 27
3 86 3 87
10 16 10 17
5 69 4 70
59 13 56 14
73 9 70 10
8 46 8 47
4 77 4 78
2 92 2 93
4 72 4 73
7 56 7 57
6 58 6 59
2 95 2 96
