210 100 100
1 99
72 1
48 85 47 86
61 40 61 41
66 23 66 24
64 30 64 31
44 94 44 95
66 20 66 21
71 6 71 7
58 51 57 52
70 9 70 10
59 46 59 47
44 98 44 99
54 59 54 60
67 18 67 19
47 88 47 89
56 56 56 57
66 21 65 22
64 27 64 28
59 47 59 48
68 13 68 14
62 32 62 33
44 96 43 97
60 44 60 45
51 70 51 71
61 41 60 42
86 93 72 94
100 51 44 96
65 24 64 25
50 74 50 75
48 82 47 83
47 89 46 90
52 69 52 70
43 99 42 100
73 94 59 95
71 3 71 4
49 81 49 82
47 86 47 87
67 16 67 17
59 95 45 96
16 98 2 99
46 88 46 89
57 54 57 55
71 4 70 5
60 39 60 40
69 9 69 10
69 8 69 9
66 18 66 19
70 5 70 6
59 42 59 43
62 37 62 38
73 1 72 2
55 56 55 57
67 21 66 22
71 7 70 8
56 53 56 54
50 77 50 78
63 31 62 32
55 61 55 62
64 28 63 29
30 97 16 98
46 92 45 93
59 44 59 45
47 83 47 84
53 66 53 67
65 26 65 27
48 81 48 82
53 64 53 65
43 97 43 98
51 74 51 75
68 15 68 16
73 0 73 1
53 65 52 66
53 63 53 64
49 76 49 77
43 98 43 99
68 14 67 15
51 71 51 72
55 62 54 63
67 19 67 20
63 32 63 33
52 66 52 67
60 45 59 46
59 43 59 44
69 13 69 14
48 80 48 81
49 77 49 78
52 70 52 71
54 61 54 62
57 51 56 52
72 4 71 5
53 68 52 69
64 29 64 30
56 58 55 59
62 35 62 36
58 47 58 48
56 55 55 56
53 67 53 68
57 53 57 54
52 72 51 73
44 97 44 98
70 6 70 7
50 73 50 74
45 96 44 97
60 40 60 41
65 22 65 23
65 27 65 28
61 35 61 36
72 94 58 95
54 62 53 63
69 14 68 15
65 25 65 26
54 63 54 64
58 48 57 49
49 78 49 79
59 45 58 46
63 29 63 30
72 2 72 3
49 80 49 81
46 90 46 91
52 71 52 72
60 42 60 43
68 12 68 13
70 7 69 8
61 38 60 39
55 59 55 60
57 52 57 53
57 55 56 56
63 30 63 31
66 22 66 23
66 19 66 20
29 97 15 98
51 72 50 73
48 84 48 85
65 28 64 29
60 41 59 42
56 54 56 55
71 5 71 6
68 17 67 18
46 86 46 87
62 34 61 35
59 48 58 49
49 79 48 80
44 96 30 97
56 57 56 58
58 49 58 50
67 17 66 18
54 65 53 66
57 49 57 50
67 20 67 21
64 31 63 32
55 58 54 59
51 75 50 76
62 33 62 34
54 64 54 65
50 79 49 80
56 52 56 53
51 73 51 74
64 26 64 27
61 36 61 37
45 94 45 95
67 15 67 16
50 78 50 79
45 93 45 94
47 84 47 85
60 43 60 44
72 3 72 4
58 46 58 47
87 93 73 94
47 87 47 88
47 85 46 86
61 37 61 38
61 39 61 40
45 92 44 93
62 38 61 39
44 99 43 100
68 16 68 17
57 50 57 51
45 91 45 92
69 12 69 13
66 24 65 25
69 11 68 12
62 36 62 37
71 2 71 3
64 25 64 26
44 95 43 96
71 1 71 2
49 82 48 83
52 68 51 69
55 60 55 61
50 76 50 77
46 91 46 92
69 10 69 11
46 87 46 88
55 57 55 58
65 23 65 24
70 8 70 9
54 60 54 61
51 69 51 70
50 75 49 76
63 34 62 35
63 33 63 34
44 93 44 94
70 10 70 11
48 83 48 84
45 90 45 91
52 67 52 68
43 96 29 97
58 50 58 51
70 11 69 12
72 0 71 1
46 89 45 90
