278 35 16
34 7
22 14
6 14 7 14
25 9 28 5
19 3 6 15
7 16 20 15
5 6 21 4
17 8 21 16
23 2 4 3
20 6 22 7
24 3 30 13
25 15 3 0
21 13 6 13
20 14 19 15
34 10 28 15
27 5 13 0
24 9 19 7
1 8 24 14
15 0 7 2
3 4 2 4
10 4 12 6
7 12 10 3
22 4 6 4
21 14 7 13
32 12 7 16
32 6 18 14
33 15 23 5
33 8 29 12
13 12 26 1
7 2 3 13
8 10 14 4
23 15 18 7
26 6 20 8
33 4 24 6
24 15 18 8
21 11 7 1
34 10 11 8
25 8 28 2
29 9 13 7
29 7 0 12
35 13 2 10
29 13 27 11
31 14 5 3
4 9 24 0
35 1 6 13
26 5 12 9
29 14 30 1
16 4 13 9
28 16 8 9
34 15 25 3
17 0 35 16
6 1 2 10
19 11 6 5
30 12 28 7
27 16 3 0
13 16 8 2
23 12 27 13
3 9 5 8
1 14 2 8
9 11 16 12
20 16 21 5
17 10 19 9
27 8 29 3
25 13 20 4
19 0 15 10
10 5 20 9
31 15 16 16
24 16 26 6
18 8 9 16
29 14 29 4
34 13 17 8
21 0 1 9
5 0 10 3
0 0 15 6
31 14 35 4
24 14 0 11
0 7 31 14
24 3 20 12
25 11 9 3
23 9 24 13
25 14 19 0
21 8 15 13
19 10 25 6
19 15 27 0
15 1 20 15
16 1 8 13
26 14 16 3
34 16 31 3
9 8 25 13
4 16 22 2
15 6 16 7
31 16 0 1
9 6 28 1
17 12 11 5
28 2 2 13
16 2 23 3
4 16 14 12
17 14 5 5
20 4 26 1
22 6 33 2
35 13 29 10
24 2 9 0
14 8 0 15
24 11 33 12
10 12 9 11
26 2 29 10
15 1 16 9
14 0 9 14
7 13 20 9
3 15 29 13
8 0 18 11
28 7 13 15
21 7 8 13
31 11 20 13
17 9 31 10
9 3 20 0
3 14 9 2
15 13 8 12
29 3 34 0
31 7 20 0
9 12 4 15
34 8 3 12
34 13 31 15
4 10 29 4
31 3 2 6
25 10 33 16
23 15 15 14
16 2 9 4
10 8 12 5
12 2 26 11
4 4 26 6
19 9 21 10
25 5 35 3
24 7 3 11
0 7 15 10
27 13 25 5
26 0 27 5
1 14 0 3
6 8 34 3
9 13 17 2
20 5 27 0
10 9 25 8
10 12 28 2
17 16 33 0
27 4 29 4
16 14 10 6
9 2 3 6
19 6 13 11
12 0 26 10
14 9 26 7
4 13 27 11
24 2 26 14
4 15 19 3
14 0 10 12
2 3 20 9
15 4 10 7
17 3 16 2
14 7 34 12
3 7 14 13
34 8 35 3
27 0 3 16
19 4 5 7
24 11 23 9
1 16 14 5
28 0 22 16
26 5 9 3
23 1 27 0
5 10 21 1
9 9 21 15
2 11 30 15
26 14 19 1
3 8 6 8
21 8 33 12
31 8 5 15
23 4 25 0
20 10 22 13
0 9 29 4
11 3 5 2
23 1 3 14
2 7 12 8
21 0 29 13
5 9 0 5
1 2 10 1
21 8 32 4
6 5 34 9
15 8 0 13
2 9 3 14
4 8 29 10
23 10 12 1
30 9 15 12
4 5 24 7
9 1 28 8
13 13 5 7
16 10 23 1
7 10 9 2
14 14 22 10
2 9 15 5
34 9 0 14
0 8 34 5
0 6 15 7
35 1 25 0
23 12 5 11
31 0 8 12
25 3 18 12
22 11 20 12
27 9 34 2
15 0 4 2
18 12 31 11
14 10 4 2
33 0 20 6
8 6 2 15
33 5 18 1
29 2 24 14
27 8 16 0
26 0 0 8
4 0 14 15
4 4 3 14
11 4 4 14
25 9 3 8
15 12 35 13
28 9 10 0
3 4 17 8
22 13 8 14
16 6 19 8
19 7 22 5
5 3 6 2
14 14 30 13
10 14 13 8
27 0 6 3
16 1 16 3
20 9 34 14
8 1 29 4
27 3 25 8
7 8 20 10
1 11 8 10
5 8 13 2
11 15 17 7
28 13 7 10
19 1 14 15
13 16 8 11
19 11 21 5
34 9 10 11
0 14 34 16
2 0 21 4
30 16 17 12
8 16 7 1
13 8 0 14
25 4 23 5
14 10 31 11
19 13 13 5
35 13 15 15
7 5 34 12
18 0 16 4
31 11 9 7
4 5 29 1
24 11 30 4
16 16 31 12
19 9 19 1
33 14 31 4
19 7 8 9
7 12 16 6
35 4 19 7
14 8 35 0
34 0 4 10
3 3 27 7
21 1 31 14
5 12 24 1
11 6 21 6
12 8 21 0
15 13 9 15
30 7 33 1
1 10 21 2
27 11 34 12
17 2 5 7
6 4 15 0
23 6 7 1
10 8 0 2
29 3 7 7
32 3 3 9
14 6 30 0
