379 89 10
70 1
15 5
14 9 17 3
49 10 58 8
43 1 74 4
1 6 89 5
48 5 80 10
22 2 57 6
75 7 34 5
31 2 86 1
73 1 88 10
31 4 57 10
39 9 37 7
61 10 16 7
17 3 38 1
50 5 43 10
66 5 43 1
17 8 60 0
58 2 23 5
30 5 64 8
9 1 11 5
26 0 70 7
25 10 55 6
35 3 38 7
20 9 28 1
32 6 85 7
39 1 37 7
49 7 19 3
75 3 73 5
16 6 49 8
81 4 74 7
3 9 11 4
52 9 1 1
49 6 68 3
28 2 61 3
28 2 57 8
77 2 11 6
18 8 70 9
41 9 65 8
19 0 40 1
44 0 48 5
24 1 85 3
20 6 8 7
63 2 52 6
85 9 1 2
46 5 76 8
75 8 43 1
3 3 25 8
56 0 66 9
51 3 74 0
53 6 62 7
37 4 23 0
34 7 35 4
60 4 64 10
52 3 79 8
15 3 7 1
23 9 19 1
32 6 30 4
58 8 34 6
45 5 40 5
35 2 75 8
38 8 10 10
81 7 51 7
63 1 8 7
11 10 76 5
63 10 14 7
39 9 72 8
81 4 35 8
20 5 88 8
59 4 69 7
59 8 23 8
79 7 84 1
8 9 1 9
45 4 88 6
39 10 17 5
31 0 71 8
73 5 0 10
32 7 29 0
51 4 30 3
87 4 23 5
35 6 10 3
75 6 40 9
69 0 85 10
56 10 66 8
24 2 86 3
41 2 72 6
70 0 10 4
22 9 89 10
14 7 13 1
54 9 30 9
72 9 8 0
74 1 80 4
2 10 36 5
1 5 75 4
74 6 47 9
38 6 24 7
29 3 21 0
51 7 27 7
85 6 16 7
40 10 21 2
29 2 52 7
61 8 10 3
11 3 81 6
70 0 30 5
14 5 37 6
39 2 84 7
59 7 45 1
50 9 63 6
32 3 26 5
1 8 7 6
24 3 73 6
10 9 30 8
76 6 85 8
47 1 49 4
45 10 14 3
83 9 18 4
81 10 40 5
60 8 74 8
89 6 8 8
54 8 77 3
42 3 9 0
65 6 30 10
85 4 49 10
74 8 21 4
77 2 60 9
45 7 6 5
63 3 78 5
6 1 2 0
81 0 9 7
5 8 15 9
6 10 53 7
22 10 81 0
52 8 58 9
61 8 12 5
16 8 61 10
82 10 82 7
48 1 49 4
82 1 16 3
59 1 67 2
46 6 58 1
76 9 37 3
36 2 17 6
78 4 49 3
16 5 31 0
29 7 57 9
7 7 13 0
36 8 65 4
75 9 56 7
27 0 36 2
5 1 75 6
56 1 84 10
51 0 60 9
25 9 0 4
4 9 25 8
55 8 83 10
89 10 32 2
16 10 7 4
38 6 34 5
57 4 28 3
15 2 20 2
49 4 76 6
78 6 84 1
59 1 0 6
51 4 18 9
89 6 15 3
53 6 16 0
85 6 29 9
0 0 75 2
22 5 78 8
46 0 37 8
43 5 64 9
5 4 57 6
57 1 25 5
65 10 3 7
37 0 77 10
4 2 12 7
52 1 69 5
72 2 2 8
9 9 80 4
68 7 57 2
59 4 75 7
66 10 7 6
87 7 42 0
80 5 50 1
30 9 42 8
16 2 60 3
30 10 89 6
17 2 84 1
22 9 78 4
49 0 26 1
80 0 33 9
52 8 47 6
72 4 20 6
38 3 15 8
31 1 41 4
67 9 44 1
69 4 62 9
0 9 49 3
39 5 5 6
41 2 28 0
14 3 7 6
38 8 7 7
77 3 81 7
3 9 22 7
21 6 72 2
60 0 58 3
78 0 38 4
76 0 47 1
59 9 16 4
9 5 50 8
11 4 37 7
63 8 6 7
82 0 37 4
12 0 50 2
51 3 88 0
31 3 20 10
71 2 17 0
44 8 4 5
58 6 12 3
74 0 58 6
75 10 45 1
23 1 33 2
19 4 38 8
36 9 68 3
40 7 77 5
63 7 35 0
55 7 45 10
65 10 74 5
39 7 29 1
71 7 36 0
60 8 30 6
89 2 56 5
26 0 36 5
84 9 70 5
85 3 45 4
63 5 71 3
23 10 81 0
50 8 0 2
63 10 22 2
14 6 4 1
57 1 21 10
38 8 86 2
41 9 81 5
71 6 72 10
81 8 51 7
7 2 44 8
25 1 24 4
1 9 76 2
9 2 73 3
25 6 42 2
12 5 21 8
30 10 35 0
53 10 71 3
41 3 49 4
15 7 33 3
20 6 57 2
13 10 12 4
81 5 85 7
7 5 60 8
59 5 60 4
29 9 21 10
33 3 16 0
47 0 19 5
1 4 83 0
4 3 3 5
42 0 72 4
61 1 75 0
72 6 59 3
78 9 50 8
71 4 47 7
36 7 27 0
70 10 20 8
28 9 25 1
40 7 60 4
20 9 7 4
29 10 15 6
36 0 24 1
16 5 8 3
57 4 54 4
49 5 30 7
60 0 68 3
77 10 58 7
29 1 10 5
53 1 29 10
26 9 26 1
2 1 21 9
77 10 54 7
12 7 83 0
44 2 61 2
75 9 70 4
72 9 76 3
50 3 32 9
0 4 80 1
61 8 78 3
51 1 86 0
40 1 51 5
77 7 79 5
9 0 44 7
35 4 47 6
88 7 36 0
52 8 70 6
14 9 30 9
45 4 44 3
85 7 50 4
50 9 82 6
74 0 21 2
69 1 45 0
10 8 33 10
88 7 47 4
10 4 12 6
88 4 12 3
8 6 14 7
59 4 10 9
84 1 17 3
34 8 26 3
55 8 22 3
44 0 18 5
37 7 54 5
72 0 6 6
47 6 72 9
66 3 88 2
11 7 65 5
64 10 89 9
10 4 11 10
26 3 22 8
34 0 13 9
26 0 69 7
84 6 3 0
68 1 55 7
83 5 2 4
87 6 51 0
60 0 69 5
59 6 0 7
46 2 31 10
27 0 89 9
31 6 45 0
44 8 1 0
83 7 49 1
54 8 60 5
43 7 79 0
8 2 41 3
18 2 72 8
41 8 39 1
23 8 76 1
58 1 9 7
23 5 52 3
9 2 69 1
58 2 2 1
68 2 17 8
82 6 43 1
12 6 53 9
62 4 76 6
20 7 9 3
7 9 81 2
9 3 79 8
79 2 47 10
46 2 63 10
43 10 48 7
67 6 27 9
20 2 85 5
1 0 63 9
78 9 51 7
61 6 11 4
74 9 54 3
72 9 34 0
84 2 5 9
55 6 83 1
9 1 54 0
58 6 78 4
30 0 77 4
48 5 3 9
68 3 6 3
67 7 12 0
11 7 64 6
56 9 7 10
57 1 68 1
85 5 57 5
39 10 16 9
39 2 72 8
3 6 25 7
49 6 70 10
