861 36 3
25 1
25 2
17 2 34 0
8 2 8 1
30 0 14 3
5 3 17 1
0 1 13 3
30 1 4 3
1 2 14 3
11 0 9 2
25 0 3 3
16 1 12 0
8 3 18 0
32 0 2 2
20 0 31 1
30 1 3 3
0 2 19 1
30 1 30 0
1 3 2 2
7 3 10 1
14 1 26 2
7 0 20 1
14 0 9 3
5 1 17 2
26 1 10 0
6 1 25 3
33 3 27 0
7 3 35 2
19 2 34 1
3 1 4 1
6 1 30 2
33 1 33 3
22 0 24 1
0 3 29 2
35 2 31 3
21 1 21 2
5 1 26 3
36 2 16 0
2 3 18 1
30 1 6 0
1 1 13 3
28 2 0 1
17 1 9 2
21 1 2 3
36 0 15 1
2 2 35 1
10 0 5 1
3 0 28 1
24 1 10 3
11 0 20 2
9 1 20 2
2 0 5 2
26 0 13 1
13 1 36 2
3 2 34 0
17 2 35 3
7 3 32 2
36 2 17 1
10 1 1 0
17 2 34 1
14 2 23 1
24 3 1 0
32 2 28 0
9 1 23 3
10 0 31 2
36 3 17 0
29 2 3 0
30 3 34 0
26 1 29 0
29 3 14 1
12 3 10 2
21 3 10 1
34 3 1 0
28 1 26 0
36 3 1 2
25 3 17 2
36 0 9 2
27 3 8 2
17 0 14 3
20 3 24 1
5 2 32 3
31 3 9 2
0 2 16 1
4 1 3 0
11 1 4 1
19 2 11 0
14 3 23 0
4 0 18 3
35 3 4 0
5 3 18 1
6 2 35 3
23 2 18 3
22 1 27 0
11 1 10 3
35 3 12 2
6 1 24 3
26 3 32 0
14 0 12 1
11 1 11 3
25 3 23 1
24 0 22 2
23 0 4 1
28 3 33 0
13 3 5 1
14 0 3 2
18 3 23 1
34 1 18 0
23 2 26 0
20 0 17 2
22 2 14 0
30 1 35 3
14 2 35 3
10 2 31 3
11 1 19 2
21 0 20 1
28 2 3 1
13 1 18 2
6 3 32 1
16 3 33 0
0 3 13 1
4 0 2 2
20 2 26 0
11 0 33 1
16 0 2 2
15 0 31 2
25 3 8 2
26 3 16 2
5 1 17 3
18 3 20 0
32 1 4 3
10 1 10 2
35 3 4 1
22 3 36 2
24 2 31 3
11 3 20 0
0 3 17 2
32 2 18 3
10 1 15 0
16 3 27 1
35 2 23 0
14 3 27 2
20 1 26 0
0 1 30 3
33 2 25 3
5 0 16 3
8 2 11 0
5 3 28 1
6 3 21 2
8 3 0 1
33 2 31 3
3 3 5 2
12 1 13 0
13 0 4 3
12 3 16 2
20 0 4 1
9 1 28 2
35 0 26 2
27 2 4 1
1 3 35 1
24 2 33 1
16 2 5 0
17 2 23 1
12 3 15 2
6 2 34 1
15 0 30 1
28 2 34 1
20 3 7 1
13 0 29 2
34 0 20 2
21 2 36 1
35 2 20 0
31 1 18 0
0 0 7 1
32 1 34 0
35 3 1 2
27 1 7 0
7 2 19 0
26 2 30 1
10 3 28 2
18 0 20 3
9 2 27 3
1 0 11 3
28 2 13 3
23 0 18 3
28 2 23 0
15 3 7 1
36 0 8 2
10 0 32 3
10 3 32 2
1 1 1 0
25 3 27 0
9 1 0 3
7 0 6 2
12 1 5 0
33 2 36 0
28 1 17 2
8 2 2 0
29 3 7 0
20 0 9 2
4 1 4 2
8 1 32 2
28 1 15 3
21 3 1 2
4 2 18 0
13 2 15 0
36 2 8 1
28 2 29 0
31 0 5 2
22 1 11 0
22 0 30 3
22 2 3 0
33 2 31 2
15 1 25 3
31 1 4 3
15 3 36 2
33 2 26 0
10 1 27 3
4 0 36 1
4 1 2 0
21 0 34 2
2 2 9 0
14 1 0 3
11 0 3 3
35 0 11 1
15 3 33 2
8 2 25 0
29 3 35 1
1 2 5 0
36 1 34 2
24 3 2 0
24 2 20 0
6 1 24 0
8 2 12 1
25 0 20 3
5 2 16 1
7 2 36 0
5 0 6 2
12 2 33 3
14 1 11 3
2 0 1 1
28 1 3 2
22 3 4 2
33 0 30 3
5 2 36 1
30 0 5 2
35 1 2 3
3 3 31 1
34 3 36 0
33 2 14 0
7 2 16 0
29 2 19 1
25 3 2 1
30 1 18 2
36 1 19 2
1 3 3 0
10 1 25 0
33 3 36 0
16 1 14 2
23 1 21 0
17 0 9 1
4 1 1 3
31 2 1 0
27 3 19 0
15 3 18 1
32 0 7 3
33 1 18 3
24 3 16 2
32 3 33 0
30 0 4 1
19 1 10 0
17 1 33 2
3 2 16 0
36 1 27 3
23 1 36 2
32 3 10 2
5 1 8 0
7 2 36 1
35 0 14 3
10 3 33 2
25 0 28 1
34 2 23 0
28 1 33 3
33 2 11 1
14 2 30 3
24 3 26 2
0 0 5 3
10 3 24 0
26 2 16 0
5 2 25 3
23 0 9 3
15 0 29 2
13 1 23 2
12 0 5 3
6 0 2 3
35 2 27 0
6 3 1 1
34 0 12 2
0 0 1 3
3 2 25 0
19 1 30 2
1 2 30 3
4 2 27 0
11 0 0 2
20 3 36 2
10 2 0 0
21 0 20 2
24 0 5 1
6 1 32 0
10 2 13 0
9 3 18 2
1 1 23 2
35 1 29 2
8 2 4 3
26 1 1 3
1 2 0 1
5 0 3 3
0 3 16 2
24 1 14 2
30 0 8 1
14 2 14 3
5 1 5 3
29 2 7 3
35 3 32 0
0 3 36 1
21 3 28 1
0 0 22 3
17 1 0 3
22 0 18 1
3 0 12 2
25 3 26 0
1 1 31 0
8 0 12 1
4 0 7 1
1 3 16 2
27 3 36 0
11 0 29 3
18 3 35 2
7 1 31 3
4 1 29 3
35 2 6 0
2 2 10 0
35 1 14 3
36 0 34 1
9 1 9 3
23 1 29 3
35 0 35 2
4 2 31 0
25 0 2 2
1 3 15 0
8 1 30 2
27 3 23 0
24 0 6 2
5 2 18 3
26 3 3 0
5 2 2 3
19 2 5 1
3 2 36 1
32 3 16 2
21 3 26 1
6 0 5 3
26 0 26 2
16 0 18 2
30 0 7 1
35 0 12 2
7 0 8 3
30 1 11 0
9 0 8 2
11 2 9 1
26 3 2 1
22 3 26 1
23 3 10 2
17 1 18 0
34 0 12 1
15 2 31 3
5 0 36 2
18 0 33 3
11 0 33 3
10 3 6 2
26 3 5 2
16 0 23 1
2 0 18 3
7 0 17 3
3 1 22 2
29 1 1 2
32 0 20 1
3 0 31 2
29 0 4 3
20 0 1 3
20 1 21 2
32 1 23 2
5 0 22 3
32 0 26 2
17 1 10 3
23 2 36 3
27 0 19 2
12 3 20 0
17 3 9 0
28 2 17 0
15 2 20 1
34 2 9 3
3 2 0 2
36 0 26 3
11 0 24 3
34 1 6 0
29 2 32 3
16 1 32 0
8 2 24 0
10 0 20 1
7 3 7 1
36 2 23 0
32 3 10 1
36 3 6 0
8 3 16 1
32 2 20 1
8 1 30 3
2 3 9 1
33 1 3 3
9 1 26 3
31 3 16 1
5 1 36 2
20 0 14 1
8 3 24 0
34 1 8 0
17 0 23 2
34 3 2 0
13 0 20 1
25 0 19 1
10 0 26 3
11 1 7 2
31 2 9 1
3 3 19 0
2 0 30 3
33 2 20 1
5 2 0 1
11 3 34 2
19 0 36 3
15 0 19 3
18 0 13 2
13 3 23 1
35 2 8 3
24 3 30 2
8 3 12 0
5 2 9 3
15 1 14 2
33 2 9 0
22 1 22 3
10 2 3 1
33 1 27 1
21 1 23 3
18 0 12 2
8 1 7 2
14 2 36 1
21 3 30 2
10 2 24 0
3 3 30 0
31 2 14 0
34 0 36 1
22 2 17 3
27 2 7 0
22 3 15 0
9 3 8 0
9 0 33 1
15 3 25 0
34 0 11 2
31 1 7 3
9 3 6 1
26 3 21 2
14 3 26 0
4 2 14 1
4 1 21 2
20 0 3 2
31 2 20 1
18 0 35 2
11 1 4 0
29 2 18 3
4 0 27 2
11 1 20 2
12 3 1 2
35 2 34 1
36 3 2 2
28 1 34 0
0 0 8 2
19 1 30 0
18 1 34 3
35 3 16 0
35 1 19 3
5 0 28 3
7 2 21 1
24 2 36 1
22 3 21 1
7 2 0 0
11 0 28 1
1 3 14 0
1 2 27 3
10 3 23 0
17 1 4 3
23 2 6 3
19 3 21 2
1 1 17 3
28 2 11 3
20 0 18 2
22 0 35 1
22 1 30 0
30 3 17 0
7 1 10 0
0 0 17 3
18 1 24 0
18 0 9 2
17 1 15 0
3 2 4 3
21 3 19 0
7 3 0 1
29 3 35 2
23 1 28 3
28 3 1 2
13 0 11 1
4 1 30 2
15 3 27 2
18 1 23 0
0 2 10 1
32 2 33 1
18 1 18 0
18 1 20 3
35 1 6 0
6 0 6 3
19 0 16 2
1 2 12 0
36 1 13 2
34 2 36 2
12 3 28 0
22 0 4 1
12 2 22 0
9 2 21 0
1 3 7 1
19 3 21 1
6 2 11 0
26 2 19 1
23 3 35 0
30 3 10 2
10 0 14 3
2 2 19 0
8 1 33 2
0 0 2 1
31 3 3 1
4 3 1 2
24 3 31 2
5 0 28 1
24 2 34 3
18 3 26 2
18 2 33 3
33 2 2 0
2 1 21 0
16 1 5 0
12 3 18 2
22 2 36 0
8 0 26 3
32 3 35 1
24 3 21 0
11 3 13 0
32 0 12 1
21 1 1 2
0 1 35 2
33 2 3 0
15 0 17 2
10 3 8 2
24 2 20 1
2 1 26 2
13 3 21 0
28 2 4 3
19 3 4 1
6 1 7 2
32 1 3 0
34 3 32 2
29 1 32 3
19 2 35 0
0 2 9 3
3 3 2 0
20 0 27 2
1 3 19 1
36 1 21 0
10 1 23 2
13 1 28 2
26 0 28 2
27 2 24 1
35 0 22 2
10 1 21 0
23 2 0 1
30 0 13 1
4 1 1 0
14 0 28 3
5 0 4 1
24 1 24 2
34 1 13 3
15 0 9 2
18 3 24 0
7 0 4 3
32 1 32 2
36 1 17 2
28 0 27 2
19 2 33 0
34 1 23 0
10 2 0 3
26 3 29 2
1 0 27 2
26 0 31 1
30 2 7 1
23 0 30 3
8 2 10 0
0 1 27 0
33 2 30 0
18 3 6 2
9 1 14 3
28 1 2 0
18 2 17 0
26 2 19 3
11 1 16 3
29 0 28 3
8 0 24 1
29 3 33 2
2 2 0 3
30 1 26 0
4 0 29 2
11 0 13 3
6 2 15 0
21 0 6 2
26 3 26 2
33 3 20 1
14 3 29 1
3 2 32 3
1 2 6 3
35 2 32 3
22 1 11 2
1 0 2 1
3 1 8 0
36 1 33 1
34 0 24 3
9 3 23 1
36 0 26 2
6 3 30 2
6 3 29 2
13 2 0 0
6 2 9 0
21 0 23 3
4 1 14 0
13 1 15 0
30 2 7 3
33 3 4 0
27 1 10 3
13 0 18 3
3 2 18 1
20 1 15 3
30 0 31 3
29 2 11 0
31 1 28 3
3 1 27 0
8 3 3 0
6 1 31 2
18 3 19 0
27 1 20 3
19 0 33 3
26 2 17 1
16 2 2 1
33 0 25 3
16 0 4 1
4 1 28 3
29 1 13 3
16 0 28 2
15 3 1 1
8 3 21 0
1 0 15 1
3 0 30 1
13 3 27 0
2 0 31 2
24 1 30 0
6 1 0 3
32 3 13 2
8 3 28 0
5 1 32 0
27 3 16 1
29 2 31 2
22 1 4 3
29 1 11 0
16 0 6 2
8 0 6 2
19 3 29 2
7 0 10 1
30 1 10 0
8 2 17 3
27 0 26 2
9 1 1 2
23 2 32 3
31 0 15 2
8 3 4 1
35 0 14 1
28 0 33 2
28 1 23 0
24 0 35 2
27 1 10 2
15 0 28 3
15 1 31 2
7 2 18 3
34 2 13 1
18 3 28 2
23 3 28 1
9 2 31 1
4 0 24 2
27 3 18 2
7 1 8 3
27 1 16 0
22 2 28 1
36 1 19 0
9 2 24 0
20 3 5 1
17 0 10 2
20 0 16 2
4 0 13 1
14 1 24 1
35 3 11 0
34 3 9 0
22 3 17 2
9 0 7 3
2 1 12 2
0 0 33 2
1 1 26 3
1 1 36 0
11 3 30 2
4 1 16 3
20 3 23 2
18 3 13 1
32 0 35 2
9 3 32 1
30 3 18 2
22 3 30 2
12 3 4 0
15 3 6 0
3 3 35 1
22 0 19 1
11 2 28 3
35 1 18 0
16 1 31 0
20 2 13 3
19 0 18 1
9 2 21 1
11 0 8 1
28 3 23 2
36 0 27 1
35 0 12 3
32 3 33 2
21 0 35 2
2 2 20 0
18 3 35 1
32 0 23 2
23 3 30 0
32 2 6 3
12 2 25 0
26 3 27 0
2 1 30 2
4 2 23 2
0 0 22 1
17 1 8 3
2 1 16 0
5 0 9 1
19 3 16 2
19 1 5 0
20 2 28 3
6 2 32 1
16 2 13 1
26 1 19 0
2 3 11 2
15 1 33 3
11 2 32 3
22 0 2 2
8 0 6 3
28 2 30 3
0 3 22 0
7 2 5 1
29 0 11 1
25 0 12 3
8 1 28 0
2 0 2 2
21 3 15 2
7 2 23 0
15 2 10 1
29 2 32 0
6 0 0 2
30 1 34 2
17 3 7 2
9 1 19 3
19 2 7 0
30 2 30 3
5 3 28 2
5 3 20 2
2 3 7 1
20 0 5 2
13 0 16 2
0 0 9 1
11 3 23 2
9 3 29 2
20 1 8 0
14 3 10 2
1 1 17 2
1 0 21 3
21 0 28 3
0 2 9 0
33 2 24 1
25 0 34 1
24 0 35 3
7 0 15 1
8 1 35 2
17 3 7 1
30 2 17 3
17 3 13 1
17 0 33 3
4 1 11 2
13 2 2 0
12 0 18 3
17 0 8 3
8 3 18 2
9 1 10 2
25 0 18 1
1 3 0 2
16 2 36 0
27 2 16 3
17 3 2 1
11 0 20 3
12 0 15 1
31 1 19 0
12 2 18 3
8 0 23 1
1 3 9 1
7 3 14 0
22 3 8 2
24 0 19 1
18 0 1 2
14 1 5 2
0 3 5 0
18 2 31 3
21 2 6 1
28 3 4 2
16 1 20 3
3 0 35 2
2 1 11 3
19 0 16 1
3 1 24 0
0 2 31 1
9 3 13 1
1 2 22 3
9 0 7 1
31 0 31 3
31 0 28 1
35 1 16 0
35 2 11 0
22 0 27 1
5 0 20 2
32 0 24 1
14 3 5 2
16 3 8 0
26 2 23 3
12 3 22 2
8 3 27 2
18 2 32 3
1 1 2 2
36 1 32 2
