581 90 65
52 7
79 2
50 13 78 52
49 0 11 42
64 21 40 21
16 23 88 11
52 12 59 11
7 21 57 43
72 9 76 58
84 17 28 17
57 65 46 42
63 43 78 43
25 41 44 63
18 8 48 14
19 22 34 38
19 62 72 57
48 42 54 0
21 21 53 40
74 36 83 35
51 7 16 33
71 16 81 42
9 46 50 33
71 56 36 45
74 61 29 38
57 22 60 53
70 1 90 42
36 29 89 4
85 13 76 59
37 5 13 46
18 9 18 3
29 59 22 54
20 36 4 9
50 44 30 63
55 57 78 41
68 58 37 27
12 21 9 7
61 42 24 54
28 10 59 35
85 10 15 17
27 49 18 33
78 49 38 37
7 15 7 9
88 19 56 39
24 56 9 44
29 41 69 32
59 15 19 48
44 48 6 18
39 60 82 47
29 39 52 51
66 14 76 20
61 46 0 21
19 55 51 39
50 56 32 61
2 54 16 45
48 18 31 57
41 40 38 16
82 10 6 65
46 8 64 8
54 3 46 21
33 37 15 14
56 2 30 52
87 33 64 46
33 12 58 19
58 7 0 57
55 40 35 7
47 13 24 40
56 37 37 39
79 39 27 15
42 16 20 48
12 14 41 7
88 2 58 16
24 51 29 10
23 1 56 33
41 26 70 12
0 58 1 5
8 57 29 42
19 57 2 37
16 28 40 11
50 24 86 51
25 45 15 25
23 40 48 60
11 36 90 36
31 38 35 63
46 37 17 50
55 9 84 27
55 18 4 19
47 22 17 29
75 42 23 20
41 26 13 63
47 19 7 62
86 57 78 34
45 53 68 47
11 8 76 65
90 49 22 49
62 7 79 58
4 53 69 47
15 28 57 26
9 32 6 28
38 14 54 55
23 10 69 57
73 43 46 50
52 1 84 53
13 31 4 63
52 4 34 47
43 19 85 44
75 64 77 61
60 65 6 7
53 50 24 13
49 19 2 35
14 2 82 28
40 44 80 59
74 26 2 41
86 52 87 61
43 22 75 9
26 17 71 64
34 46 9 36
84 30 76 59
39 57 67 62
90 57 9 53
59 51 27 35
70 42 5 27
17 16 70 17
28 10 51 52
30 22 9 10
33 61 25 58
23 43 33 58
19 0 38 47
77 13 49 60
18 44 6 18
48 29 52 26
3 46 70 13
32 28 38 33
0 3 49 27
72 59 20 20
20 27 78 59
14 52 39 14
86 4 40 32
8 23 22 2
43 35 7 22
64 40 45 19
35 21 89 29
57 22 40 42
39 36 69 61
44 24 17 58
5 19 44 8
24 40 9 20
35 29 72 60
66 45 16 60
20 22 83 9
22 0 75 48
42 65 31 50
82 17 2 4
19 21 15 14
20 57 45 12
81 33 61 13
72 57 12 34
4 19 19 60
53 15 52 27
61 56 45 9
59 15 37 32
3 34 72 61
22 4 64 44
2 49 11 44
67 5 2 18
75 13 65 6
72 38 39 0
63 1 22 0
36 54 54 43
14 16 48 33
21 40 23 18
51 39 51 16
78 49 64 32
60 54 83 33
48 57 90 56
35 47 51 60
20 54 42 61
49 32 27 57
6 17 40 53
40 4 16 21
50 57 24 28
36 60 54 64
8 16 7 14
27 25 55 25
48 16 21 12
45 28 7 41
53 44 57 38
5 8 9 34
35 28 85 61
73 64 32 57
71 64 64 41
88 15 50 14
22 44 1 35
87 54 38 24
33 26 64 17
87 56 76 18
69 55 77 28
23 17 48 24
71 29 7 56
83 3 47 22
10 59 59 42
2 50 30 39
9 40 32 22
76 25 39 52
21 58 45 19
88 34 34 15
11 51 20 18
61 51 14 14
21 37 6 31
56 12 19 47
67 27 51 22
76 14 4 34
80 26 61 36
83 46 48 12
48 22 84 41
58 8 6 10
71 56 62 37
89 19 4 29
19 12 18 30
52 27 79 55
2 65 45 2
24 5 4 12
19 54 47 23
71 8 70 37
6 44 82 36
8 23 29 26
70 19 43 46
45 43 27 54
8 4 61 16
39 39 24 56
44 59 10 51
88 32 6 19
2 49 8 34
38 3 26 48
67 37 51 13
64 43 59 13
10 32 39 32
56 19 47 33
49 42 25 7
5 51 83 13
47 16 70 60
30 64 87 5
85 47 73 49
10 25 20 45
39 52 87 32
3 21 2 48
83 20 88 60
87 40 17 23
69 0 36 3
53 30 9 34
2 11 79 49
26 17 37 6
60 3 1 7
6 8 22 5
88 56 76 28
26 60 3 29
33 51 51 62
42 24 7 61
62 13 15 62
54 37 7 13
62 40 73 62
53 33 5 41
0 57 87 34
15 28 89 4
13 1 8 11
34 12 1 11
40 30 4 0
1 37 27 8
31 61 33 61
10 31 66 12
22 39 37 56
23 27 39 1
11 27 8 42
0 19 87 50
24 10 9 6
31 13 48 31
6 13 22 39
73 26 13 17
49 38 82 2
23 63 67 10
66 14 80 55
34 2 33 12
29 44 68 41
52 29 24 11
2 39 59 20
33 24 20 37
12 22 16 33
63 52 12 44
9 11 70 52
74 12 28 40
39 58 15 2
3 8 81 32
8 43 65 19
29 53 46 17
17 59 25 53
36 38 11 48
73 62 26 31
16 55 12 35
8 27 58 49
88 38 58 4
21 9 42 64
79 58 58 13
44 29 9 58
38 2 27 53
56 64 20 52
76 28 10 56
88 3 39 25
72 11 82 37
50 48 10 10
15 43 46 64
32 62 31 34
25 41 32 49
90 62 82 23
22 46 25 57
38 6 7 16
89 43 51 29
23 18 71 31
58 10 27 16
49 38 36 34
23 55 36 9
49 35 14 7
47 58 14 48
20 40 74 4
69 60 6 44
26 39 90 34
3 18 45 14
50 9 14 18
35 49 8 53
13 49 81 4
8 45 18 60
45 24 14 36
27 47 27 7
15 28 50 65
74 55 77 58
78 44 7 54
86 55 72 44
61 13 13 58
78 39 69 64
13 60 27 28
3 41 68 21
49 1 15 29
54 46 18 61
46 59 31 16
40 63 41 39
40 9 12 62
10 30 85 18
53 23 31 3
83 39 79 23
54 31 72 56
66 56 39 49
72 41 41 10
0 29 84 15
25 50 70 54
56 48 88 40
52 0 18 56
13 34 16 0
43 37 8 42
46 63 76 43
28 58 17 62
16 53 9 14
55 1 4 59
54 60 16 30
47 17 19 65
41 2 89 38
19 2 65 57
34 61 66 49
60 9 30 28
21 11 68 60
9 26 37 5
19 12 41 16
47 11 33 18
35 11 33 1
74 43 49 12
36 19 78 4
0 9 53 17
29 1 66 52
17 25 78 17
85 33 65 55
17 35 20 9
73 39 23 36
33 56 6 25
84 60 85 50
65 48 9 22
42 26 7 13
66 44 87 25
6 6 31 43
48 50 24 26
70 64 17 43
73 46 10 26
86 10 56 13
70 0 10 30
82 33 18 62
65 37 72 15
74 25 9 60
36 28 26 24
82 35 86 16
74 1 76 4
26 32 68 3
13 14 10 2
30 31 63 3
21 55 74 6
23 48 46 43
32 20 44 61
47 40 56 38
78 50 63 37
26 57 64 63
60 39 41 60
5 24 69 62
55 2 43 43
2 14 55 18
82 15 41 33
25 54 67 25
72 36 66 34
53 61 37 43
23 33 86 5
42 22 82 8
35 58 26 46
52 48 79 17
35 51 43 44
42 19 71 2
78 61 10 15
10 4 29 32
33 42 18 54
79 62 5 35
65 8 0 19
30 24 83 57
39 65 81 37
13 39 30 20
4 31 44 10
36 20 65 40
57 19 49 63
3 23 88 55
2 61 74 40
83 4 81 35
76 30 53 13
6 18 64 21
85 39 71 22
22 9 16 42
36 0 26 46
61 44 82 16
84 49 43 4
8 62 6 52
6 62 61 18
11 6 9 45
75 27 27 18
66 25 17 64
48 54 4 59
40 13 90 54
30 0 9 14
65 59 51 21
29 19 12 5
38 18 29 50
41 36 3 9
69 20 65 12
64 62 35 36
26 25 28 50
3 12 1 10
62 26 47 3
72 48 3 19
40 26 61 10
17 27 60 10
53 17 45 1
62 65 29 32
72 20 1 21
18 36 41 25
66 22 23 34
16 41 49 25
70 29 19 4
10 3 73 47
19 43 65 15
64 56 75 19
10 58 29 46
52 63 57 44
50 16 30 65
77 26 0 27
5 5 24 13
11 31 44 54
11 20 31 55
5 38 73 57
71 23 87 53
6 56 45 14
22 27 74 56
60 15 64 14
43 61 70 9
35 61 82 62
53 16 84 33
62 47 9 7
54 45 13 63
60 46 51 55
17 14 21 40
78 57 21 31
28 17 3 13
90 51 41 4
69 20 37 1
79 43 15 19
4 10 64 62
85 36 58 11
75 53 76 7
79 57 10 13
58 31 69 45
84 36 46 55
10 46 7 48
43 30 77 10
24 5 53 2
61 15 6 55
21 21 19 47
20 19 62 48
32 22 75 33
83 55 81 2
9 7 72 47
13 7 57 44
83 2 26 22
64 1 85 46
1 24 52 22
12 30 77 36
10 29 38 26
27 23 52 27
33 29 7 28
17 47 73 44
80 34 55 56
82 30 55 56
41 55 23 64
60 52 74 9
76 5 25 27
44 42 13 18
88 11 67 1
13 9 69 57
8 65 47 43
69 28 61 5
46 32 64 21
55 60 65 41
66 42 48 64
18 31 17 20
7 20 51 16
5 30 58 52
70 18 41 42
6 34 4 60
65 62 5 22
58 36 28 65
29 52 1 26
3 35 37 21
27 40 28 29
76 59 76 31
61 51 16 12
21 42 21 29
11 53 35 20
23 30 68 40
80 26 69 33
74 37 62 60
24 58 45 55
50 62 56 57
4 21 44 34
54 39 69 39
88 34 80 59
6 27 72 53
11 26 34 43
87 57 12 2
46 15 58 21
19 35 73 24
33 37 72 10
29 57 20 43
13 45 19 25
87 64 12 40
13 21 31 59
13 10 2 53
42 48 69 49
29 45 89 52
43 64 68 35
63 42 84 8
42 59 85 46
62 32 50 8
56 9 47 10
49 31 83 39
86 29 23 3
64 4 14 3
83 43 29 48
72 9 37 0
39 65 18 2
39 30 5 14
85 37 27 61
86 31 6 56
73 33 27 23
25 10 50 34
68 65 43 32
