62 36 59
1 26
7 21
9 27 9 55
6 50 1 18
23 22 25 38
2 41 2 58
29 4 36 32
9 46 0 43
16 35 0 24
11 19 22 54
13 38 26 10
26 32 23 53
29 25 0 25
5 56 34 11
30 38 21 53
20 21 32 12
15 34 33 49
27 56 15 23
15 28 2 45
3 38 30 9
4 14 19 44
21 49 13 13
26 11 20 19
2 33 5 48
10 17 18 42
0 34 14 45
1 8 35 16
33 38 34 23
3 42 8 20
19 50 5 44
28 47 2 24
7 12 17 40
18 19 4 23
36 19 19 13
23 58 17 20
22 56 4 5
5 28 22 14
21 49 25 1
7 38 25 42
35 21 19 57
17 45 5 51
9 5 11 21
6 18 30 20
9 44 19 19
27 24 21 14
35 24 0 50
14 19 22 10
3 1 16 16
29 11 5 39
21 12 0 36
26 8 32 32
10 14 24 6
36 2 8 50
12 34 2 49
0 10 2 5
9 54 16 0
6 20 5 52
27 17 6 3
16 36 1 29
8 2 4 47
7 41 19 16
16 41 28 51
1 42 1 59
16 43 22 44
