544 53 100
37 83
50 77
21 79 22 36
15 73 23 92
10 31 5 35
18 83 41 88
39 39 0 34
46 92 43 31
12 71 48 28
45 48 31 37
11 85 9 94
22 3 15 38
9 65 37 13
9 77 1 81
14 57 6 55
31 59 39 86
17 86 45 79
39 91 34 99
20 38 48 45
46 35 1 90
26 5 31 3
11 22 2 25
48 95 18 91
39 51 18 32
7 79 52 95
38 35 49 52
50 71 12 50
12 29 19 78
29 28 48 1
26 44 53 25
28 73 16 20
37 22 40 23
25 75 49 85
2 28 23 11
36 58 0 76
14 25 19 5
29 92 32 67
17 55 47 44
20 92 33 0
18 85 49 69
23 75 41 58
1 36 30 34
48 39 18 12
2 2 24 88
53 22 50 37
15 4 45 63
16 11 45 33
26 93 27 5
36 39 42 39
13 12 37 53
32 32 17 3
26 27 18 42
11 96 25 62
26 14 49 85
19 25 22 83
52 52 35 79
5 87 51 59
39 0 13 88
33 62 25 17
38 12 25 19
38 94 35 21
21 86 46 28
39 26 39 82
2 90 14 62
7 58 30 55
42 25 37 67
43 10 18 92
51 83 5 68
36 88 29 55
21 69 32 50
39 17 15 59
52 28 20 91
12 63 47 86
40 18 9 21
15 11 15 17
0 35 52 49
29 92 7 69
12 14 24 89
24 73 39 20
15 14 53 91
3 80 15 84
27 22 39 68
26 82 29 100
38 41 19 82
41 16 6 13
47 91 3 83
21 20 52 52
4 16 46 16
34 9 19 60
4 60 34 34
44 6 13 38
39 40 5 15
25 86 24 32
20 37 31 26
36 37 35 27
37 2 47 64
26 47 41 2
26 76 13 52
10 54 28 82
42 19 48 1
29 1 42 80
30 18 8 35
21 16 29 65
25 38 33 20
10 36 49 100
36 85 16 67
51 80 49 34
15 4 29 63
28 70 47 18
37 9 49 54
47 43 13 59
37 57 44 97
18 27 45 39
30 100 17 52
9 32 49 34
0 4 26 41
18 91 28 74
28 58 40 36
6 65 31 31
25 43 16 0
9 7 29 36
42 15 36 68
38 30 42 3
30 90 1 85
44 23 20 38
34 79 29 32
10 99 18 8
14 99 4 17
34 62 25 95
30 88 31 4
19 13 42 93
35 23 25 32
15 5 25 61
42 19 27 17
26 85 21 39
45 15 34 97
39 64 44 27
53 98 46 37
3 61 51 7
4 21 6 78
5 92 49 41
32 92 43 83
6 89 14 67
29 1 40 48
0 9 27 32
6 81 28 36
20 82 2 39
33 34 39 22
20 71 32 60
6 63 41 32
29 95 6 54
3 88 0 75
27 9 41 37
48 63 10 59
16 56 37 44
45 15 10 72
33 91 11 46
41 84 18 0
49 76 16 84
10 17 51 44
20 27 20 74
2 52 31 92
10 65 3 92
4 22 30 32
39 31 31 96
15 6 36 48
51 42 17 66
47 78 25 92
35 24 22 50
39 85 14 94
35 36 49 63
10 58 24 93
41 70 37 28
48 36 44 36
28 51 50 14
1 94 9 12
15 41 43 92
25 42 44 16
8 76 45 68
36 25 28 78
5 38 32 18
6 27 22 44
21 28 14 47
11 44 45 44
48 11 51 93
30 3 24 52
5 82 42 27
50 36 5 23
0 51 45 55
29 79 47 32
11 84 9 77
15 100 19 53
16 26 11 69
33 72 12 91
31 58 39 13
0 43 5 72
41 12 43 38
52 67 3 30
35 21 47 29
53 63 0 20
38 2 17 72
41 98 40 37
3 46 51 100
42 75 22 18
4 21 40 58
20 35 6 4
29 92 37 92
13 44 42 13
15 93 1 46
45 28 6 7
1 0 31 78
35 11 24 19
27 61 2 21
12 100 37 58
27 18 13 98
25 14 44 82
26 35 21 74
26 23 17 10
0 7 4 2
30 52 10 3
10 82 8 44
14 64 2 96
47 33 53 14
49 60 2 3
34 3 27 70
23 28 1 26
42 27 7 97
4 86 30 30
21 100 0 96
25 69 6 17
18 8 12 76
15 91 25 40
41 1 23 59
14 52 32 32
22 53 2 48
47 94 36 46
47 0 45 75
49 94 22 54
51 55 43 81
2 68 25 21
4 80 16 78
46 98 19 36
7 66 0 32
33 17 8 96
13 83 52 52
27 54 53 92
31 23 44 20
46 36 33 18
24 20 11 47
12 59 10 77
33 43 20 50
53 1 3 66
35 15 16 92
43 13 8 59
22 85 14 49
27 68 47 11
13 86 1 98
14 83 11 32
23 16 14 51
15 12 53 48
49 81 39 44
19 10 44 87
38 2 6 73
30 30 41 44
44 32 20 37
13 82 24 66
5 1 50 51
13 47 6 33
34 76 37 19
27 98 44 75
17 48 52 86
43 67 11 43
32 88 8 11
0 10 22 41
2 57 3 79
24 2 36 70
9 9 37 75
40 41 10 27
10 26 17 92
18 84 13 83
46 73 21 9
6 42 4 1
22 46 18 9
53 33 17 35
50 90 52 41
36 75 53 62
45 68 6 22
4 54 35 97
23 11 23 16
5 69 49 7
48 87 48 23
45 98 16 6
44 77 36 47
42 70 52 78
25 12 45 47
22 61 29 8
21 35 43 98
52 80 33 81
29 46 6 57
14 85 37 27
0 13 18 31
46 37 21 83
16 62 0 66
48 24 1 86
16 40 22 23
31 79 24 47
16 8 12 61
48 97 36 11
43 14 30 19
40 33 13 49
2 53 41 15
35 42 42 88
37 42 7 4
48 72 17 90
13 28 47 4
26 95 49 10
52 32 44 25
11 71 5 9
24 73 14 42
22 6 0 81
33 78 4 42
39 71 7 69
14 3 21 94
4 2 0 55
27 43 23 65
52 33 44 37
37 55 51 76
33 36 41 71
45 74 37 41
43 18 36 18
21 30 44 100
39 59 3 6
21 88 18 82
38 8 7 3
49 39 52 31
1 70 53 90
15 82 47 0
15 89 35 88
29 28 27 43
35 28 42 85
20 2 8 8
13 27 20 0
12 48 29 66
42 2 11 36
21 3 53 28
48 46 26 87
35 52 31 25
41 40 21 21
18 87 18 20
12 89 9 75
48 16 15 86
47 38 32 7
43 49 26 8
53 1 36 88
21 58 11 65
7 94 32 60
50 34 49 24
52 88 52 51
32 89 20 53
13 64 15 91
3 89 15 29
12 69 51 51
32 77 33 15
21 46 51 5
44 67 41 38
29 96 41 31
26 62 2 21
31 28 13 47
23 62 4 64
9 99 28 46
4 46 18 14
0 44 40 86
17 69 40 14
43 16 49 26
17 36 44 84
43 18 10 15
12 90 9 67
41 94 40 86
28 72 47 99
18 25 35 36
14 5 22 29
16 35 8 14
23 11 25 63
19 98 50 55
29 40 48 35
52 20 28 75
2 73 13 79
7 44 47 83
2 76 36 35
25 13 1 75
50 42 19 60
47 24 32 7
22 3 47 5
47 69 42 5
0 13 32 8
2 61 49 60
36 68 30 75
22 39 41 18
29 35 15 37
50 45 11 59
10 47 10 48
2 30 2 51
16 18 8 54
20 4 3 27
29 87 23 58
46 42 37 56
32 21 14 83
33 85 36 92
46 12 14 42
19 23 24 76
6 58 23 6
24 26 48 88
47 88 36 61
25 81 23 22
8 73 24 52
52 6 18 36
25 93 41 8
26 15 4 43
27 51 50 50
25 58 16 97
1 49 14 65
15 56 5 54
23 12 19 16
11 40 29 54
7 8 24 29
32 29 25 76
4 24 36 45
14 52 2 33
24 31 19 80
26 75 21 77
12 82 19 48
52 47 11 19
53 7 22 11
0 66 11 64
40 43 16 52
27 34 39 93
49 84 8 62
8 85 53 70
0 16 20 98
3 97 14 59
46 78 26 77
45 86 16 86
5 39 38 25
12 39 44 10
8 29 29 43
26 30 41 33
16 34 16 69
43 18 24 78
47 74 32 81
46 33 53 94
24 60 13 35
40 81 2 56
5 34 49 7
48 10 51 47
27 7 3 16
9 11 10 58
46 60 47 47
36 11 30 96
13 8 47 58
25 55 20 24
44 47 39 61
6 86 3 30
50 91 13 35
20 99 41 49
28 98 16 72
20 31 39 38
42 14 31 22
33 36 25 35
21 34 14 31
53 99 8 49
45 23 23 17
11 19 52 18
24 61 34 68
20 12 40 86
21 0 38 72
5 88 6 82
31 86 24 70
1 11 14 33
28 75 22 67
5 16 47 44
37 3 23 43
22 18 10 44
4 8 4 44
38 12 31 57
3 18 10 37
45 42 9 91
23 29 15 5
31 98 8 8
48 56 19 67
2 30 5 93
36 92 36 76
53 53 37 95
18 28 30 67
2 63 46 93
53 63 1 70
27 51 32 89
48 89 30 64
46 5 41 42
6 66 3 0
42 36 43 85
22 59 48 22
29 78 6 65
22 51 1 41
9 41 37 90
20 96 29 30
26 55 11 43
53 23 38 80
29 14 19 54
16 12 5 59
10 80 17 69
2 39 20 10
35 64 34 17
6 26 37 73
49 37 10 10
52 78 19 91
37 16 14 97
7 1 34 53
14 76 51 36
29 38 20 18
5 57 33 61
22 85 19 63
12 36 48 75
50 63 9 66
28 19 43 11
49 52 6 45
8 9 33 62
16 42 46 32
28 43 31 29
3 50 41 91
6 35 32 98
24 56 17 100
23 62 19 72
50 89 24 29
50 42 7 64
49 3 32 77
25 27 28 36
50 73 42 55
19 52 1 83
8 47 33 95
37 55 47 89
37 100 42 47
6 99 49 91
17 38 16 20
14 58 1 89
50 87 6 24
19 4 35 35
