264 9 94
2 54
3 80
7 6 6 93
5 9 3 30
9 78 4 45
2 93 5 85
5 27 4 17
7 84 7 53
0 39 5 82
6 49 3 62
0 48 2 22
6 31 5 23
1 27 6 84
0 41 7 91
3 43 2 1
6 0 0 85
6 54 3 90
4 27 7 91
6 13 8 29
8 48 2 82
4 42 3 10
2 15 2 3
1 87 7 73
2 58 5 71
6 45 1 52
1 85 6 37
9 48 5 13
8 52 7 85
9 20 7 57
0 86 5 24
2 46 8 28
0 29 7 26
6 85 0 89
5 79 0 74
3 14 8 10
1 84 6 17
8 74 7 52
3 78 7 78
5 47 7 68
1 22 8 60
8 15 5 92
9 32 3 68
0 67 1 14
4 47 3 53
3 13 0 25
1 60 3 13
6 84 6 92
7 15 1 82
5 62 4 88
3 70 6 87
8 41 4 3
4 72 6 43
5 42 2 49
6 66 3 29
7 71 6 13
7 53 1 81
3 9 4 8
1 29 5 57
9 38 0 66
4 73 9 86
0 68 9 93
2 53 5 20
1 49 5 94
3 40 8 67
6 46 5 22
6 42 4 45
6 92 0 72
0 78 6 10
2 68 3 38
9 10 8 45
3 67 3 46
6 42 5 43
1 44 3 63
6 80 2 22
8 45 9 64
9 23 5 61
6 41 3 63
8 41 0 32
5 68 7 74
6 50 0 52
3 58 9 56
9 54 7 22
5 34 8 80
2 31 1 17
3 75 1 11
6 7 9 62
6 20 9 32
8 39 0 54
2 70 6 1
6 20 4 76
2 48 8 82
3 2 0 86
7 16 9 84
3 46 1 11
4 67 5 55
5 69 1 93
4 38 7 83
0 12 9 6
0 80 2 63
3 55 5 50
5 0 1 20
4 32 8 66
6 86 5 48
6 25 4 44
2 81 5 77
1 37 4 86
8 49 1 68
4 69 0 78
3 67 7 22
4 43 9 30
0 48 5 49
1 79 6 47
8 11 2 24
9 75 4 68
8 17 1 45
0 90 2 67
4 7 9 35
3 71 8 25
1 37 0 0
9 29 0 15
6 60 7 81
8 23 3 36
2 4 5 35
3 90 4 85
0 89 9 64
6 25 4 82
0 42 1 11
9 65 3 21
5 49 2 23
8 24 5 37
7 65 4 91
4 81 6 7
1 49 2 65
8 44 0 73
2 21 9 1
4 60 0 37
7 33 2 8
6 92 2 82
7 57 0 74
6 26 1 34
1 23 3 36
8 2 5 1
1 86 6 93
3 44 7 44
5 55 3 5
7 41 8 68
9 85 7 13
6 12 4 42
6 51 1 3
8 64 0 70
9 0 5 30
2 16 8 25
1 91 0 85
3 59 7 23
6 44 8 11
8 37 4 65
1 44 4 79
4 65 4 64
6 71 1 61
4 63 3 64
5 13 8 41
1 50 7 43
1 44 6 29
8 7 1 1
2 55 3 65
7 30 5 16
0 0 6 36
7 18 4 67
5 53 5 79
4 50 9 37
2 22 1 23
1 10 9 63
2 82 5 77
4 68 7 76
0 80 3 68
6 35 4 60
7 40 3 36
5 29 7 9
2 62 3 47
9 73 8 33
0 81 5 55
4 33 2 53
0 26 1 57
5 62 3 32
6 68 2 78
5 44 4 71
8 38 1 26
2 29 6 20
0 87 9 24
5 57 9 37
7 91 6 31
1 3 9 34
4 6 7 70
5 28 6 38
4 77 5 6
4 10 4 16
4 3 9 14
2 61 4 63
5 6 5 22
8 10 2 15
1 41 6 43
1 32 6 78
5 58 3 19
1 48 0 13
8 27 8 89
3 31 7 34
3 3 4 11
4 7 8 24
9 83 7 25
7 69 0 12
6 2 7 55
3 49 1 84
1 78 4 70
1 27 5 27
5 92 9 66
7 52 7 3
8 83 3 17
9 85 5 15
6 77 8 93
7 92 9 72
0 54 2 80
6 64 7 73
6 93 2 90
3 48 4 88
3 82 1 48
4 39 4 29
2 55 8 2
9 26 7 57
1 41 7 43
2 86 5 16
6 45 3 31
0 6 1 2
6 31 7 20
9 67 8 57
8 6 5 76
0 7 1 33
9 7 8 55
7 87 5 14
1 30 1 40
9 69 2 62
3 90 1 87
3 14 1 23
1 71 5 30
8 2 0 7
2 39 4 74
3 81 1 89
0 0 9 37
1 68 5 79
9 18 0 75
7 35 4 47
5 62 9 87
2 6 5 66
3 57 0 26
6 68 6 1
4 63 9 4
2 39 8 80
2 25 0 33
3 72 8 40
9 51 6 46
3 48 4 59
2 53 9 17
5 83 0 67
9 77 3 4
8 12 0 40
8 92 0 28
1 87 3 73
