746 53 48
52 3
51 18
29 23 52 1
33 13 41 4
17 11 35 41
14 48 16 26
32 0 30 17
26 31 32 23
23 8 10 11
4 37 44 21
14 9 25 39
30 26 22 13
34 10 31 5
17 41 48 11
35 4 47 12
30 25 37 47
10 3 17 11
15 0 25 11
52 9 20 5
40 42 16 4
1 43 12 11
2 7 24 23
36 15 51 34
32 6 44 21
52 11 49 9
41 9 45 29
36 39 31 29
35 8 15 6
50 22 1 15
53 14 30 45
47 38 11 14
47 21 35 43
20 7 32 37
11 17 23 5
16 42 17 23
46 39 22 15
16 1 20 30
2 31 12 9
51 38 49 23
4 43 9 20
4 2 21 14
34 10 49 5
8 27 12 17
40 37 1 27
42 27 53 26
4 7 18 39
51 11 46 16
47 42 48 26
44 24 50 30
32 20 49 42
3 39 8 0
25 38 24 24
29 13 53 13
4 46 11 23
12 22 45 34
19 1 12 47
49 28 3 43
36 38 33 22
29 21 52 15
42 28 18 28
30 30 7 0
14 3 41 4
31 21 2 20
41 42 2 2
1 0 1 17
27 35 42 36
50 46 33 4
46 42 44 32
20 20 16 17
47 41 7 11
38 16 1 13
8 27 34 9
33 14 42 6
27 11 0 22
12 41 29 40
10 13 0 38
11 28 45 44
30 37 14 29
45 22 31 18
7 38 21 7
10 12 11 31
13 7 36 22
14 33 30 45
40 9 19 12
29 24 0 42
34 14 51 12
49 3 38 36
25 32 43 45
38 48 20 4
25 45 19 37
19 38 34 30
2 34 44 11
1 23 18 4
19 46 30 2
2 45 0 27
1 11 22 11
28 43 29 18
25 47 50 14
29 12 13 15
52 15 1 19
21 22 44 48
8 47 5 43
5 16 28 19
45 43 4 18
29 1 31 41
14 4 28 3
30 23 37 31
8 19 38 25
24 18 17 48
19 3 35 8
33 6 37 9
15 31 20 12
29 6 35 5
39 12 12 20
47 33 43 34
28 12 5 35
53 12 35 28
26 44 16 13
9 30 46 2
8 9 23 44
48 2 28 34
3 32 48 26
35 37 8 41
2 35 32 19
33 10 49 8
12 34 27 32
22 48 10 34
31 12 46 23
44 26 25 23
3 8 21 44
35 47 5 8
1 38 10 43
13 38 49 44
19 9 14 19
28 2 52 34
9 29 13 12
17 19 43 32
38 42 0 21
23 23 10 31
53 23 12 39
9 21 38 2
3 37 12 35
32 40 18 4
0 12 16 19
5 44 0 16
21 40 15 20
14 7 14 8
44 33 15 36
32 18 30 3
0 15 33 23
48 15 52 43
0 15 50 12
27 47 21 43
5 45 46 12
30 39 26 7
17 46 36 41
48 41 50 37
34 21 45 43
29 24 52 23
14 39 52 11
50 19 20 43
53 40 13 1
32 15 11 22
27 30 39 44
18 47 9 12
26 46 31 42
0 14 36 2
12 1 20 14
0 18 1 3
48 31 53 8
39 46 45 7
5 39 52 37
12 36 40 23
25 21 33 44
37 30 10 32
31 13 53 35
0 43 27 8
43 46 30 24
31 14 49 42
39 27 49 0
44 35 27 34
28 42 33 25
22 7 17 3
6 48 10 3
14 33 1 12
15 20 52 13
34 12 8 22
22 13 22 14
22 0 28 22
44 17 40 41
35 16 26 30
29 42 41 29
22 25 40 28
17 39 44 45
25 35 52 29
15 7 27 37
19 13 38 44
28 20 45 23
21 13 44 47
45 1 47 45
5 12 21 26
45 39 35 13
36 19 27 45
7 43 44 16
41 42 25 47
31 9 3 20
32 26 18 4
42 0 22 9
34 18 53 5
48 1 17 43
24 29 40 3
38 18 50 5
12 25 31 38
25 25 14 43
37 21 8 45
8 32 45 46
20 7 0 45
41 31 17 27
12 47 51 26
31 21 51 31
7 25 11 30
7 15 23 15
24 30 27 17
28 43 35 36
51 37 49 18
9 33 39 39
53 29 51 23
0 41 16 34
22 36 26 7
53 29 14 16
48 45 29 1
29 12 17 4
20 0 7 23
46 48 12 39
14 39 7 30
5 21 11 38
39 6 19 42
40 30 43 2
6 1 37 8
1 6 2 48
25 26 31 41
3 40 3 21
0 27 30 7
9 47 14 44
48 16 0 3
45 8 14 30
37 40 36 18
36 42 33 8
53 38 19 6
37 45 20 29
34 12 2 33
47 41 33 41
45 48 29 29
40 42 31 27
46 43 36 38
50 16 41 21
42 2 12 33
6 30 1 31
30 11 42 0
44 11 44 19
21 8 23 24
0 19 5 17
41 36 50 1
16 32 52 9
39 45 49 17
27 32 47 3
11 42 31 30
12 42 53 19
44 4 2 42
18 24 46 20
41 13 8 47
46 48 38 20
9 26 31 19
29 18 4 19
32 40 19 28
36 30 3 48
40 26 15 15
18 29 52 39
5 2 10 10
21 15 6 11
12 27 15 18
6 38 30 35
24 32 8 23
51 24 7 7
35 26 15 22
38 23 48 38
16 44 6 27
2 29 26 23
52 37 50 18
15 23 36 40
13 37 19 32
47 31 48 11
49 7 28 26
47 15 33 0
47 39 18 3
11 10 53 42
33 32 17 38
7 45 14 47
53 11 21 27
45 38 17 42
2 25 43 9
27 48 4 28
33 15 45 42
14 11 42 22
53 44 31 13
12 16 51 35
3 11 52 35
22 0 0 15
25 16 34 40
14 30 23 18
20 8 44 39
1 4 34 25
30 31 4 31
43 6 33 6
33 8 47 42
38 25 17 20
45 21 34 5
8 22 52 1
0 20 11 14
4 20 3 3
28 13 50 40
3 5 44 26
52 23 10 1
38 9 27 11
25 36 49 40
8 14 20 48
23 24 32 28
9 35 2 0
48 28 15 0
33 20 21 12
23 46 49 42
24 12 27 43
40 37 32 14
34 5 50 11
30 38 51 19
4 23 0 4
40 36 15 10
45 24 24 46
43 18 35 35
29 28 2 44
25 21 38 27
11 38 8 38
31 44 2 23
35 28 11 19
41 23 44 9
27 29 6 44
35 41 7 38
35 24 49 28
53 19 37 38
17 13 29 5
38 30 7 45
48 3 21 30
27 43 9 1
37 37 1 24
13 31 33 34
29 41 24 24
45 22 49 28
47 23 14 35
9 26 29 40
21 30 33 25
26 9 34 30
45 46 7 0
44 1 5 5
15 19 7 44
26 34 49 8
33 36 46 22
26 18 39 25
8 32 50 19
8 26 48 9
20 44 30 42
48 7 16 6
44 39 10 28
46 13 30 46
14 39 38 23
1 39 6 12
18 21 23 32
39 19 27 23
12 6 52 12
17 23 32 21
51 30 22 26
10 5 6 41
18 32 15 44
37 11 46 33
1 42 21 10
38 47 26 37
33 47 42 48
53 17 25 48
50 24 27 47
9 47 17 27
32 5 21 1
44 19 13 41
15 38 15 48
31 22 42 21
41 16 5 5
0 5 3 43
7 21 46 20
29 43 44 46
31 43 40 16
19 18 53 48
13 37 31 1
47 40 26 40
17 33 35 0
6 26 46 4
50 15 0 36
42 16 32 32
1 19 21 28
43 2 36 11
0 32 30 31
43 24 37 23
28 46 49 6
11 34 27 8
24 38 17 37
40 30 36 9
38 10 36 17
6 6 48 16
30 3 9 22
28 43 18 47
24 26 34 8
19 42 28 42
23 6 4 20
33 4 0 43
21 26 9 19
30 32 33 47
50 41 38 5
3 47 45 27
32 1 11 44
20 30 41 14
1 36 16 22
33 7 48 31
48 23 33 23
34 1 38 24
29 17 42 18
20 6 33 27
43 17 11 0
51 28 26 22
27 47 27 38
4 36 28 34
47 34 7 19
29 47 22 14
8 38 19 31
37 34 14 35
30 4 40 48
38 3 13 28
40 3 38 28
46 33 10 29
32 25 26 42
8 43 6 28
52 36 24 19
28 45 38 40
22 19 12 24
39 11 18 27
0 19 38 21
13 44 24 40
47 18 45 24
42 3 38 16
2 34 36 30
42 4 8 5
51 28 8 11
5 44 20 2
41 26 3 19
31 31 30 3
46 6 28 45
5 1 22 22
9 30 21 14
14 35 28 22
10 17 50 45
43 1 29 15
0 44 32 31
33 30 36 17
0 47 34 47
39 11 23 26
46 3 12 3
29 10 35 46
26 23 10 11
37 31 38 22
19 5 45 5
26 5 53 11
38 3 29 26
46 41 12 6
35 35 48 24
0 19 18 5
18 11 31 1
17 5 8 7
4 35 25 35
0 33 8 22
9 41 30 14
27 3 26 30
19 1 48 47
20 23 15 21
18 41 33 28
22 13 24 7
9 34 35 1
34 34 13 39
25 28 2 35
44 42 13 13
53 31 20 33
41 48 17 11
20 46 47 13
36 46 31 7
27 41 4 5
25 11 52 48
52 18 4 16
4 32 11 17
5 6 15 45
33 35 38 33
39 17 36 11
31 21 45 3
24 36 1 40
36 27 30 2
4 17 45 2
23 34 42 19
3 6 21 16
34 35 18 20
25 24 29 25
50 36 19 42
21 14 11 19
50 16 51 3
37 0 2 29
1 45 46 17
40 27 26 9
16 33 23 9
41 31 6 6
19 39 13 34
28 4 44 35
42 33 32 0
32 9 51 11
45 9 10 26
23 7 18 8
19 37 5 39
10 47 23 10
30 9 40 20
1 25 9 26
32 33 21 13
15 45 49 3
36 12 9 22
11 10 41 33
23 31 48 9
5 46 42 20
7 41 1 24
45 0 38 42
35 27 31 2
12 47 28 34
40 36 15 11
36 38 7 17
41 23 26 47
17 41 18 0
46 28 23 35
2 34 48 29
46 17 9 5
41 7 27 38
38 36 36 6
38 14 52 47
3 42 35 11
0 33 38 43
11 26 10 12
24 25 34 47
46 38 41 28
6 18 1 40
34 17 7 29
16 12 37 17
40 24 53 29
26 30 36 4
42 23 46 47
43 24 8 26
18 42 8 16
8 3 34 26
32 13 31 27
47 16 9 39
32 30 49 32
7 30 36 10
4 35 20 12
19 34 28 44
31 44 47 27
24 32 12 5
36 37 43 36
5 15 35 21
13 17 48 23
3 19 6 43
53 22 3 7
4 34 44 45
43 31 35 27
42 35 24 5
8 21 42 36
44 9 17 25
53 20 48 37
16 18 11 18
36 9 18 7
43 48 27 38
15 38 5 13
37 25 53 8
19 12 52 10
27 44 39 19
11 17 34 3
31 9 20 0
40 7 25 19
36 32 27 22
12 37 4 7
39 27 24 43
11 43 42 27
42 0 42 19
13 16 48 26
6 14 23 36
33 15 36 24
47 0 14 5
52 30 1 13
1 22 46 18
53 29 25 48
29 15 21 2
21 29 50 43
41 41 36 10
23 30 20 32
29 44 44 47
10 26 39 4
46 18 24 32
31 1 10 47
24 14 39 14
6 15 21 34
27 35 28 31
35 34 30 5
44 34 34 20
38 18 20 30
17 48 36 23
1 20 15 31
22 20 8 37
52 23 33 42
32 29 27 26
46 45 47 36
0 41 3 42
34 23 47 0
0 37 32 18
2 21 53 26
48 41 34 44
24 18 17 34
53 23 22 8
28 44 15 11
19 43 37 30
7 16 40 14
44 47 6 17
39 27 10 31
38 30 43 30
3 43 46 48
7 21 40 7
7 12 27 32
24 44 8 5
44 7 40 17
22 12 49 33
2 5 33 48
35 25 16 32
8 40 53 32
44 35 30 45
42 21 24 41
53 47 18 34
4 7 17 2
14 9 47 15
6 26 11 41
15 30 52 32
5 48 35 25
49 28 33 45
12 20 44 11
11 12 41 20
15 12 43 15
10 20 11 9
6 28 39 29
51 8 14 5
43 30 23 9
13 42 26 16
42 6 37 11
41 39 34 5
2 12 48 25
29 9 47 23
29 47 38 19
45 30 18 12
3 48 21 10
39 25 17 8
44 28 11 9
39 7 53 9
8 16 4 28
43 39 13 38
42 28 32 26
7 23 24 18
0 43 13 42
15 25 48 3
28 13 16 4
31 21 34 8
28 30 19 20
5 34 52 29
4 9 5 2
45 19 12 41
41 23 34 37
15 4 43 37
37 27 5 12
53 34 48 37
14 27 24 4
47 15 42 9
39 12 13 34
0 38 29 46
15 24 43 26
23 27 8 5
25 4 33 27
4 44 26 17
19 6 16 28
5 45 30 31
36 10 50 10
9 17 2 23
52 40 29 15
45 44 33 30
24 11 24 42
1 22 36 45
35 24 16 18
45 32 45 20
26 43 11 6
38 31 0 37
45 47 35 26
41 37 41 26
23 44 13 30
20 46 25 9
35 2 0 30
37 9 12 28
28 10 11 6
50 45 17 35
7 37 34 14
24 3 42 0
5 25 50 19
2 16 22 44
4 17 12 37
44 0 38 9
4 30 37 0
49 30 53 35
44 34 34 7
3 20 5 21
20 32 25 2
13 8 33 24
3 42 27 47
46 8 30 42
46 14 0 24
15 3 51 38
1 35 48 30
35 33 51 9
36 17 48 11
39 7 53 35
47 5 10 28
7 19 49 33
11 18 1 45
30 26 21 30
30 42 46 43
53 40 17 41
8 46 44 10
26 48 41 32
