847 10 41
4 10
5 6
6 6 2 39
6 23 9 23
8 12 6 2
9 37 8 29
10 38 9 32
4 32 1 30
3 34 8 2
10 21 8 30
3 5 4 34
9 7 2 33
10 38 7 17
7 38 8 40
0 9 6 24
4 21 3 35
3 39 0 30
5 27 7 6
8 4 3 4
5 36 7 12
8 6 7 19
2 38 0 6
3 8 6 21
4 11 5 31
4 16 7 32
5 23 0 17
6 0 10 4
0 0 7 7
4 14 0 13
6 32 5 13
5 10 6 38
10 28 0 26
5 10 6 35
0 14 8 12
3 10 2 37
2 35 10 15
3 20 4 30
10 41 1 13
5 41 3 9
2 17 3 5
6 20 2 17
4 0 1 38
6 2 5 37
3 17 9 13
3 19 5 11
8 10 7 9
1 14 7 36
3 26 6 37
2 21 4 23
6 21 5 33
2 12 0 38
7 36 2 27
6 11 7 14
6 39 0 28
3 4 2 13
5 23 3 7
6 27 1 39
2 41 7 39
6 3 8 21
9 18 6 10
7 7 10 9
7 25 5 2
3 3 10 18
1 38 6 19
6 24 0 33
7 8 8 32
3 39 5 12
0 28 2 32
3 34 4 3
1 35 0 35
9 27 5 24
8 19 10 28
6 31 10 8
9 34 7 0
2 38 8 20
0 22 1 29
9 33 2 38
2 41 4 40
1 11 10 28
7 0 9 25
3 22 7 11
6 28 7 17
10 27 8 30
6 4 5 37
0 23 4 15
9 3 6 35
9 12 1 4
2 8 0 8
9 41 7 28
2 0 4 18
6 14 4 9
3 20 0 9
7 25 10 26
3 40 9 3
5 11 10 3
1 33 10 9
4 6 5 5
3 32 4 11
5 26 9 24
6 13 7 3
7 4 8 13
4 26 1 10
3 22 10 28
1 15 2 4
2 3 4 2
10 25 2 6
5 37 4 12
4 17 8 23
10 34 4 28
9 16 0 30
1 4 0 10
6 31 5 12
3 39 7 26
2 33 4 15
0 20 3 34
6 26 8 13
6 15 9 16
1 15 7 32
0 15 4 6
1 17 0 28
2 13 6 30
7 40 6 18
5 10 1 27
6 33 2 3
0 41 3 30
1 30 8 23
3 27 2 24
8 12 4 22
3 0 0 37
8 16 5 41
6 3 4 22
3 23 10 31
9 32 6 6
0 34 9 33
5 9 4 30
9 16 2 0
4 19 7 8
2 30 9 32
5 32 6 17
5 5 7 26
9 34 1 3
3 29 9 4
4 6 0 1
0 4 1 13
2 10 10 29
7 37 0 31
9 28 9 8
8 2 3 0
3 19 7 30
4 3 3 8
5 23 10 25
2 15 1 24
7 32 9 4
0 24 10 10
4 11 5 3
10 29 8 39
3 16 5 19
10 37 0 16
6 24 8 18
7 37 0 35
8 22 9 3
0 7 6 4
8 28 3 4
8 20 5 0
10 5 3 38
9 24 5 4
6 9 9 27
1 12 1 28
8 17 3 36
3 2 4 15
7 2 2 4
4 23 3 23
2 38 6 17
2 24 5 4
6 21 9 16
5 34 7 0
10 24 2 22
8 37 4 38
3 40 1 22
2 25 4 25
1 37 1 32
3 40 2 15
2 39 6 31
3 25 4 2
3 23 10 36
1 2 8 3
10 34 7 35
5 30 4 36
8 3 3 33
9 34 2 8
4 0 5 25
3 13 0 3
1 19 6 28
3 35 7 22
10 29 2 26
4 3 3 9
9 26 5 18
10 2 9 18
0 26 9 22
7 40 6 0
0 15 3 2
9 35 8 30
0 38 7 41
4 39 3 14
4 24 5 12
10 15 1 11
3 11 0 2
7 37 5 14
3 23 9 2
3 34 10 13
5 1 0 3
4 32 4 16
4 6 1 21
1 13 3 23
10 21 8 21
10 16 9 27
7 11 2 35
6 13 2 30
8 33 9 12
2 2 4 27
4 18 9 11
6 20 1 19
4 20 3 7
4 16 3 22
6 10 8 37
2 2 7 4
1 34 7 17
0 35 10 1
2 13 5 24
2 6 3 22
2 39 3 13
1 15 4 31
0 24 6 0
9 13 4 35
4 21 9 41
3 30 4 29
8 5 8 2
0 16 10 12
10 24 9 15
5 1 4 6
0 31 4 6
10 21 9 35
4 19 0 28
5 25 8 29
2 21 6 26
5 23 9 19
6 15 2 21
4 21 9 40
3 31 10 27
5 26 7 38
5 34 3 19
6 7 5 3
0 40 8 37
10 39 3 10
9 6 5 37
7 19 5 40
2 28 6 0
5 16 7 26
7 25 3 30
6 29 5 31
4 27 3 11
6 38 8 19
8 17 3 23
9 32 3 27
1 4 9 27
1 6 0 9
0 25 4 32
8 5 9 27
2 3 4 0
5 10 3 2
6 38 5 3
5 25 3 4
4 28 5 23
9 36 3 39
2 31 4 23
7 33 0 38
1 5 5 18
5 25 8 28
7 15 2 38
5 35 2 6
7 15 4 21
9 20 8 36
10 31 3 34
10 33 3 0
7 6 3 21
5 24 6 19
2 14 2 11
2 38 1 3
7 26 6 41
6 1 5 13
7 0 7 23
0 14 5 7
6 9 2 19
7 36 9 22
8 38 7 38
9 6 1 17
6 36 0 34
1 10 9 37
3 17 10 22
4 40 9 38
0 37 8 5
9 37 6 35
8 20 10 35
6 5 8 40
10 6 6 25
3 1 10 15
9 40 1 36
8 28 3 2
3 1 8 39
1 22 4 18
3 3 6 19
3 4 10 38
2 17 4 30
2 8 3 21
8 24 9 13
8 12 2 12
8 26 2 15
5 10 8 14
9 18 0 41
2 29 8 14
2 1 8 39
2 11 5 3
10 21 3 37
0 13 2 20
5 13 9 27
10 38 6 1
6 37 5 13
4 2 10 28
0 10 2 0
9 6 6 41
3 30 1 36
8 24 7 40
4 18 5 36
1 20 8 15
5 7 7 13
4 0 0 14
7 19 2 24
8 2 10 21
4 28 2 40
0 18 10 33
4 14 9 35
10 0 5 22
4 39 10 28
9 37 5 29
10 41 6 28
7 6 3 31
10 24 7 10
4 26 2 1
4 2 7 19
2 4 9 20
3 21 5 3
5 40 0 11
3 16 10 7
8 34 6 28
9 17 4 39
0 17 4 12
3 39 5 20
4 33 8 8
6 25 1 38
3 7 8 20
5 7 3 5
5 26 8 38
2 33 0 34
6 39 8 7
3 22 4 29
0 33 4 39
3 16 7 25
5 33 3 29
5 30 9 10
3 39 4 17
9 39 0 23
8 21 6 17
6 6 8 35
9 17 1 36
7 32 1 27
6 20 6 9
5 28 3 13
5 20 2 24
7 11 4 4
0 36 1 14
0 16 7 34
7 4 0 34
3 30 6 16
1 31 8 25
10 12 1 38
3 28 9 35
1 41 9 29
3 14 2 11
10 17 9 16
5 27 1 20
5 20 7 38
1 41 4 39
8 41 1 17
10 38 0 18
9 15 4 1
0 14 5 22
8 35 0 8
7 18 8 14
4 7 6 38
6 20 7 23
6 11 3 41
7 40 5 28
1 8 8 25
0 16 2 29
10 13 3 3
1 7 6 24
3 28 7 7
8 10 9 6
6 29 4 6
1 34 9 23
7 28 5 17
9 20 0 31
8 33 5 30
9 34 3 4
2 11 4 23
6 12 5 15
1 31 4 28
4 5 8 5
2 2 7 40
3 6 7 39
3 39 2 35
8 17 4 21
3 6 2 2
8 17 10 14
4 15 0 35
6 36 5 37
5 27 4 1
5 37 2 28
1 40 7 29
1 17 4 20
10 1 5 16
10 9 8 2
6 1 1 21
1 33 9 16
5 17 2 28
2 22 4 1
9 35 4 0
8 13 2 12
0 7 10 29
8 6 4 35
4 30 5 31
7 39 4 21
6 34 9 23
9 27 2 27
8 7 7 25
10 1 1 14
1 40 8 9
0 9 8 31
8 18 0 1
1 8 7 18
3 39 3 4
8 1 2 0
6 13 8 33
3 18 2 15
2 1 9 40
7 10 5 17
8 1 7 10
1 41 4 27
3 1 6 41
10 1 1 34
9 24 2 29
5 0 3 21
1 32 7 24
2 30 9 41
4 34 9 1
1 41 4 3
2 4 5 17
4 16 4 12
5 10 3 6
0 13 6 17
6 10 9 20
0 36 4 2
3 29 0 1
9 1 8 27
1 26 4 24
7 19 6 15
9 8 5 13
2 21 9 3
2 10 9 2
8 32 7 36
8 20 10 6
8 40 3 26
7 40 1 14
4 12 8 36
4 35 5 14
4 17 5 28
2 25 9 8
1 31 10 15
8 29 0 4
6 30 4 31
0 23 10 36
5 25 8 41
5 35 7 2
6 38 8 35
0 0 3 15
1 19 8 18
10 1 9 37
9 37 0 26
0 37 10 4
7 24 4 11
7 39 9 21
5 11 2 19
4 41 1 8
1 40 8 15
2 1 1 2
5 27 3 31
2 13 4 31
10 13 7 35
5 32 3 15
10 11 0 35
3 17 7 35
7 8 4 25
2 33 1 23
9 12 0 14
9 12 6 25
9 41 0 7
8 1 1 23
10 39 5 12
0 25 10 12
2 28 5 14
4 4 2 6
3 30 0 17
10 12 9 1
10 40 0 26
1 2 9 1
6 38 1 27
1 32 0 28
4 41 2 11
3 33 9 11
9 29 3 41
0 19 8 25
10 10 5 10
2 27 10 37
3 8 0 22
6 16 7 31
10 19 7 34
1 35 8 6
1 31 8 2
9 23 3 4
2 39 7 40
7 15 3 19
4 24 3 1
5 31 5 23
8 19 3 16
6 5 9 4
5 22 10 8
9 1 2 16
0 15 9 38
3 3 9 19
1 18 3 22
5 39 2 26
7 2 6 33
1 3 2 16
2 22 5 40
8 25 2 16
0 29 6 37
4 23 3 19
10 11 0 29
0 29 1 3
3 11 6 35
4 32 7 13
1 20 10 18
1 5 5 38
6 18 3 41
5 9 10 11
4 24 9 13
8 1 2 38
7 2 4 2
7 4 6 32
1 2 3 8
5 4 2 28
2 16 4 36
6 36 2 25
6 22 3 31
0 38 8 1
6 38 3 5
4 39 5 22
6 9 4 5
3 24 10 40
6 29 7 32
5 8 4 35
5 38 9 18
0 15 1 4
2 11 0 16
0 8 5 16
0 2 6 26
2 19 9 23
4 33 7 37
8 40 4 39
1 29 10 33
1 18 8 26
6 3 5 34
8 17 3 41
6 1 9 21
9 33 10 27
1 9 6 9
9 1 4 12
0 24 3 21
3 1 0 21
7 16 8 32
1 14 4 38
0 7 6 11
7 20 3 24
7 34 9 30
2 22 1 2
10 37 1 27
9 14 0 36
6 31 1 1
4 39 2 3
9 36 4 31
10 4 6 38
3 8 6 39
7 18 5 27
3 34 1 3
8 16 9 12
4 18 0 18
5 37 6 10
3 10 8 40
3 14 0 22
6 35 0 17
10 15 8 41
2 26 8 13
4 27 8 20
8 9 0 35
3 3 8 5
5 32 7 22
10 32 0 17
0 21 3 22
0 1 2 1
2 25 2 39
6 38 8 12
8 35 10 8
2 21 0 12
4 3 7 37
2 34 4 41
10 23 2 35
1 8 5 12
10 31 6 6
7 28 0 28
5 8 2 18
10 24 1 30
6 1 10 7
9 36 2 38
0 22 9 35
3 11 2 28
4 6 8 35
2 21 4 28
1 28 9 37
0 9 9 3
2 9 3 38
5 28 8 35
7 27 3 41
3 30 0 0
8 29 0 11
2 19 0 28
3 25 4 33
2 15 9 12
2 27 5 29
1 37 7 36
6 26 7 39
3 17 10 16
0 40 2 20
1 25 9 4
2 3 4 34
0 40 10 28
5 3 2 36
6 4 0 34
5 29 10 30
1 6 4 24
10 38 1 4
3 39 4 5
7 2 4 4
6 35 9 26
5 33 8 22
6 17 3 26
10 32 2 38
8 8 0 26
7 2 5 36
10 38 9 35
0 29 8 36
7 12 10 4
7 7 4 17
6 26 4 33
0 1 9 32
0 17 5 37
4 2 5 39
5 1 7 40
7 37 10 40
9 25 10 4
9 13 0 20
7 33 3 27
10 7 4 4
7 24 7 26
5 18 1 30
3 22 9 38
0 18 6 26
6 36 4 36
2 4 3 17
4 16 0 10
10 28 2 37
9 11 8 21
0 20 10 33
8 1 7 33
4 40 0 31
0 11 4 21
2 22 3 23
8 31 6 33
2 19 8 39
1 26 3 14
10 39 5 8
8 10 8 35
5 30 1 4
7 12 0 6
2 36 10 0
7 10 4 29
10 12 5 26
2 16 4 28
6 23 9 17
0 10 10 32
6 1 9 25
10 16 6 19
4 40 6 14
7 37 10 35
6 27 6 23
4 14 9 36
7 17 6 33
6 33 6 34
6 8 0 3
2 26 3 16
7 37 1 21
2 0 1 37
4 20 1 41
0 22 7 38
6 3 9 38
7 35 0 27
0 7 6 36
3 37 9 6
2 8 6 28
2 40 3 21
8 31 10 39
10 41 4 26
8 3 10 6
7 12 2 6
5 38 8 27
10 36 6 22
7 11 6 25
6 3 2 3
10 17 6 14
3 34 1 25
6 14 2 18
2 34 6 31
1 14 5 12
10 18 3 12
3 3 7 36
2 15 3 26
10 13 0 4
9 19 6 4
2 19 8 16
4 17 6 32
9 23 3 15
8 26 4 36
10 6 4 22
6 2 5 21
9 29 6 13
7 37 9 19
3 31 7 37
7 15 9 6
10 40 8 33
2 8 9 30
5 24 1 10
5 26 4 21
10 13 3 13
6 5 9 14
0 29 4 38
7 4 3 32
6 22 4 23
4 18 9 6
7 40 8 38
10 3 6 13
9 12 6 18
10 39 7 28
5 10 3 39
8 35 0 13
2 23 0 32
9 0 1 14
4 7 5 19
10 21 2 13
3 28 2 5
8 17 2 17
0 7 4 26
10 26 8 31
6 38 2 34
10 23 1 10
2 36 10 34
1 33 5 0
0 18 3 4
6 27 3 24
7 6 6 15
3 22 0 15
0 34 10 34
6 33 6 29
3 0 2 3
5 8 0 9
0 24 8 35
1 17 10 21
4 25 8 13
3 21 10 33
7 23 2 32
5 0 1 31
5 29 1 32
5 37 1 12
0 2 5 35
7 6 2 0
10 1 4 25
2 32 3 13
7 31 4 4
4 6 4 9
5 34 1 3
9 19 10 4
3 1 0 38
6 3 8 11
5 8 10 31
6 0 9 26
6 7 1 40
5 0 0 21
8 33 3 35
3 26 5 21
8 28 4 36
3 19 2 11
7 41 4 24
1 13 6 18
0 8 2 30
0 11 8 24
4 4 2 18
7 3 6 2
5 35 9 6
0 14 1 7
0 33 2 38
4 18 2 35
0 7 8 9
0 24 5 18
1 28 7 24
1 1 1 4
8 9 1 33
0 41 7 22
3 4 9 25
10 11 9 30
3 31 5 16
4 26 5 18
