436 88 53
15 5
65 19
87 41 76 17
18 33 56 38
20 33 18 18
88 34 87 24
66 34 65 51
3 34 84 35
83 42 42 35
32 23 67 17
25 29 26 14
26 53 85 30
16 0 39 1
58 40 21 28
34 27 16 6
21 36 15 24
21 0 8 53
60 0 10 1
16 43 28 8
41 10 15 42
68 8 88 10
58 21 88 21
70 8 0 42
60 53 76 19
80 4 75 5
51 44 16 37
72 16 1 14
16 12 21 24
43 53 67 31
6 46 75 47
87 23 75 11
25 52 33 39
52 11 16 47
39 51 81 30
53 45 51 51
26 1 85 40
39 6 24 43
37 49 1 43
34 39 4 14
37 51 75 12
36 27 82 51
44 7 43 37
35 10 32 39
10 33 24 20
82 2 86 26
43 31 81 1
34 8 47 53
65 36 60 1
34 53 69 42
9 6 12 17
67 43 83 13
37 3 71 46
17 13 45 29
78 13 4 43
38 30 11 37
64 28 10 35
44 7 83 43
11 13 2 52
28 14 40 39
62 44 6 44
20 44 88 16
39 49 9 34
47 16 32 27
33 1 42 30
69 49 86 9
84 36 43 1
57 19 59 49
27 40 71 33
40 16 61 21
44 13 25 7
73 30 19 45
48 15 5 45
62 27 88 51
78 33 25 31
54 39 35 26
37 44 66 47
42 33 87 40
69 28 58 26
64 14 69 23
21 19 49 14
52 31 62 25
25 14 5 3
30 50 9 34
33 37 40 50
9 34 55 20
57 4 63 22
20 24 45 7
21 34 67 13
20 3 75 1
61 24 39 33
86 27 4 38
24 42 7 7
34 5 67 16
86 9 2 40
42 17 39 23
27 38 29 33
17 35 46 32
62 45 44 29
71 6 1 28
20 31 10 17
62 44 16 2
52 12 41 47
72 11 16 11
61 43 69 11
2 16 62 52
8 12 6 0
48 42 75 35
19 19 56 53
59 15 73 6
29 25 88 27
63 20 70 12
28 34 47 35
78 1 45 47
73 30 37 27
65 36 4 3
81 50 75 28
18 23 32 42
54 10 78 0
40 1 88 17
17 18 40 17
12 46 52 40
86 15 27 11
8 38 35 0
57 10 64 6
8 5 77 19
53 47 7 46
20 52 88 32
69 47 30 27
77 23 36 33
78 24 34 14
37 49 40 6
84 21 55 19
87 53 8 10
13 37 25 53
15 13 17 49
58 21 39 13
13 26 60 36
12 14 69 5
77 53 88 49
42 33 78 0
15 11 78 42
23 40 46 53
7 0 82 14
78 27 56 52
76 21 78 41
84 51 13 1
49 5 38 17
85 13 53 12
45 36 15 42
77 14 64 1
76 6 77 17
62 18 74 49
64 16 39 12
3 19 14 16
31 33 74 8
35 24 24 35
77 49 40 28
38 36 55 36
25 34 11 24
80 37 16 47
49 52 29 16
42 4 75 48
68 29 2 19
75 13 20 15
78 24 57 3
40 50 4 48
30 40 30 12
17 22 57 17
86 13 43 15
5 50 84 22
77 33 32 50
31 21 17 15
58 45 36 47
52 27 19 10
7 36 42 35
0 10 67 37
80 53 87 4
49 52 10 40
27 11 32 52
87 52 1 34
24 26 84 48
18 9 54 35
31 21 57 52
43 34 66 20
73 51 53 8
63 30 59 10
0 10 59 44
61 50 74 26
67 40 73 50
21 44 30 40
76 47 4 15
13 12 65 26
54 42 22 50
49 1 75 11
50 0 5 46
1 25 88 14
50 19 28 15
6 3 61 6
40 53 41 31
38 25 18 50
87 21 59 10
25 1 53 47
75 47 71 11
36 35 12 43
42 15 38 41
10 46 83 33
53 11 43 44
31 4 15 44
43 26 61 32
38 4 50 28
16 36 73 41
78 4 37 6
31 38 40 20
16 45 25 10
47 17 56 9
5 39 60 44
81 33 80 38
1 5 37 15
45 27 63 34
74 45 76 26
31 24 59 48
87 46 45 53
28 28 35 34
88 49 82 16
39 51 24 0
65 42 16 11
60 43 59 1
86 13 61 8
53 53 20 36
78 51 49 25
81 45 20 7
42 11 69 50
33 15 53 9
65 21 29 40
39 42 3 11
29 39 81 10
34 48 49 22
67 7 81 18
4 21 79 28
27 28 88 39
57 15 60 2
36 10 27 31
44 22 1 40
60 49 52 36
0 36 61 33
68 37 67 4
46 37 33 33
63 51 21 10
60 1 84 28
10 26 9 21
71 32 12 22
65 5 40 38
86 44 56 46
41 10 86 24
71 16 80 13
65 52 26 1
3 45 79 42
13 40 74 40
33 36 24 49
71 50 64 26
63 38 42 6
13 18 18 29
8 0 86 14
48 5 68 33
73 51 84 14
58 33 80 29
65 36 3 33
80 30 64 21
80 38 69 27
53 39 37 39
54 43 33 36
39 25 27 34
2 33 33 13
58 9 15 13
25 20 87 0
2 36 20 39
22 49 12 25
58 51 44 31
56 19 52 44
54 47 20 39
32 21 88 26
54 33 42 42
40 8 41 45
46 21 12 12
14 10 0 47
0 44 29 16
71 13 61 49
64 35 13 20
41 48 81 8
63 29 59 0
21 29 87 47
10 37 49 15
87 1 71 3
64 10 47 39
87 19 44 27
21 50 12 18
80 9 2 15
61 43 75 6
10 21 32 34
87 18 47 15
14 11 73 19
8 3 20 26
7 10 18 8
60 31 18 44
63 45 69 19
63 21 34 39
86 10 82 33
22 53 50 18
49 29 88 13
76 53 74 23
28 48 5 25
3 52 54 27
3 48 39 18
21 5 38 35
63 22 72 2
14 28 72 28
64 42 23 25
82 18 40 14
60 12 0 35
34 38 28 14
60 29 10 30
22 13 21 34
16 6 88 41
71 35 57 4
1 8 19 33
19 45 31 43
52 25 79 0
6 50 39 46
31 46 43 1
17 53 71 33
87 36 25 34
28 9 33 11
31 18 0 49
81 13 76 43
45 39 29 22
69 34 64 14
57 36 48 49
82 8 4 13
59 1 51 34
75 50 37 5
32 42 38 32
52 19 46 7
63 28 30 33
13 15 78 52
45 30 19 39
3 53 76 34
77 13 60 39
65 2 23 37
62 2 12 45
77 3 28 1
49 15 83 53
4 23 51 53
8 12 24 2
28 47 67 44
59 33 43 33
66 13 18 44
52 23 2 39
37 32 66 1
17 36 35 53
82 9 61 46
5 43 73 52
8 23 1 50
38 45 42 16
14 43 39 15
4 48 23 32
40 19 63 34
52 34 36 10
36 1 57 36
49 12 65 51
77 25 23 30
40 23 68 11
58 29 2 12
49 7 66 9
46 7 29 53
32 42 23 20
59 47 56 10
46 49 82 44
6 19 43 35
45 4 2 19
15 38 29 41
2 11 41 44
76 46 20 15
49 31 69 14
30 14 61 20
55 46 78 45
41 43 62 6
20 21 1 48
71 35 46 20
58 7 56 37
3 15 12 40
8 18 27 32
27 24 54 20
76 42 59 38
9 12 23 10
40 25 3 37
72 15 13 43
48 35 38 44
29 10 34 48
59 4 78 2
21 25 75 26
48 44 8 20
20 9 63 3
52 29 80 39
73 8 88 21
22 16 65 30
18 6 2 38
29 47 72 34
10 10 84 1
23 27 53 35
32 45 3 11
9 19 32 27
1 42 20 25
22 46 30 33
69 4 54 5
87 30 6 5
60 21 75 40
4 18 81 39
83 8 18 18
40 14 85 43
27 40 72 16
69 34 18 51
57 31 56 22
84 6 36 8
79 53 6 7
13 22 67 31
63 1 26 42
76 13 49 16
28 45 23 23
29 25 11 40
40 4 45 17
9 23 44 2
65 23 19 12
11 36 61 35
72 46 62 31
28 10 18 28
66 13 52 36
19 1 41 40
20 9 22 51
