1000 100 100
5 29
88 65
39 92 19 78
2 96 94 63
44 49 29 72
49 58 42 48
34 8 49 21
97 64 71 98
3 55 15 67
69 78 37 30
51 5 49 12
73 25 100 16
50 82 9 83
92 100 70 70
89 85 47 36
50 100 78 98
81 67 33 85
9 18 63 22
58 82 58 67
28 29 84 62
12 65 2 89
5 33 69 72
14 82 73 86
8 76 83 72
9 46 30 85
61 9 99 51
23 65 50 27
45 46 26 93
52 9 70 41
100 25 61 4
5 34 39 42
4 59 25 45
58 83 72 88
48 52 7 31
96 78 72 48
43 5 17 24
0 64 39 90
23 51 43 91
28 84 94 92
33 79 23 41
24 95 6 43
99 63 98 30
64 78 79 99
53 93 40 31
12 40 18 34
65 93 28 53
93 9 42 17
64 93 80 89
27 43 73 96
49 60 16 51
63 75 40 65
85 78 62 61
6 39 75 89
47 67 45 88
93 27 17 9
11 63 49 50
90 47 94 79
47 65 13 96
45 28 32 39
46 97 43 59
44 58 12 33
97 32 83 39
0 27 82 8
7 40 3 38
31 49 38 52
15 90 6 69
56 78 50 57
90 95 38 70
78 93 52 30
40 5 89 65
82 60 34 80
1 95 73 64
82 69 87 75
48 35 4 70
14 6 19 25
64 85 17 81
8 64 63 73
16 10 72 33
39 41 65 72
5 67 44 43
20 15 36 17
69 47 1 31
62 44 60 73
4 14 35 1
15 23 95 19
24 39 41 35
17 97 68 76
7 23 45 20
29 93 98 63
29 64 19 39
40 68 44 81
76 93 51 63
28 56 94 97
38 84 74 65
91 79 23 73
95 63 96 2
37 66 73 86
76 22 23 26
94 69 82 14
5 95 46 61
9 83 17 34
64 45 35 67
27 50 14 77
66 28 49 18
45 41 69 68
91 74 92 74
53 47 39 98
73 50 13 68
85 72 76 61
63 46 63 88
35 80 77 91
49 28 4 89
15 76 29 92
44 13 99 49
83 73 75 61
16 64 33 84
25 66 26 66
78 49 85 6
60 24 89 7
98 9 35 20
27 47 71 72
98 44 86 60
16 47 67 96
88 67 9 95
69 38 90 58
58 45 74 84
9 96 26 67
6 79 23 51
94 88 94 24
16 40 24 90
60 82 19 57
1 37 41 95
34 93 68 95
1 54 8 49
94 52 83 5
21 84 25 85
78 41 37 7
48 92 21 68
40 70 36 89
91 95 89 42
78 11 64 6
14 92 50 100
82 26 84 43
62 20 64 28
44 59 74 75
29 18 91 32
31 55 20 76
95 86 30 67
38 94 98 82
33 40 20 82
61 95 20 69
62 70 20 90
96 66 84 11
1 29 5 45
93 77 25 51
10 92 33 56
92 10 89 79
62 99 99 70
32 90 31 33
86 4 78 0
4 96 23 69
16 13 96 23
32 41 5 84
6 34 47 56
42 75 30 36
44 41 75 86
46 78 71 82
52 19 98 73
10 22 33 8
61 14 99 10
39 73 54 56
94 86 31 96
11 82 31 60
88 34 97 21
33 63 33 47
26 7 63 24
58 46 55 70
41 28 36 94
32 20 92 33
21 76 50 51
93 97 76 94
27 84 39 88
57 39 82 67
83 91 27 48
63 84 8 68
17 89 15 43
70 94 2 75
43 78 88 94
30 89 56 91
66 51 43 43
96 90 73 75
72 70 6 88
67 90 61 69
98 74 79 7
57 44 8 47
44 49 7 83
11 98 16 94
11 15 38 18
26 45 2 46
12 19 80 6
79 95 37 91
20 65 45 63
55 65 85 66
76 81 6 67
25 77 69 100
4 2 97 41
65 99 48 77
22 50 57 94
36 64 43 44
84 33 53 1
20 2 59 7
50 63 50 27
66 44 2 52
1 55 86 66
77 44 91 63
87 81 19 97
86 54 94 18
60 11 49 18
4 52 59 73
92 0 39 1
82 61 79 86
49 39 16 58
88 71 93 32
20 99 39 38
49 65 70 74
20 36 23 93
24 54 43 28
93 79 55 28
53 89 41 46
53 37 46 50
99 63 89 36
86 87 63 75
63 56 78 81
40 62 55 37
61 70 2 62
93 65 81 14
36 65 51 91
92 73 45 79
66 59 0 95
84 4 83 16
83 92 95 41
66 30 94 68
6 84 44 98
78 68 74 99
89 73 34 36
13 44 81 94
99 65 18 95
49 8 98 53
32 61 30 29
0 43 83 63
64 84 31 78
11 39 3 34
96 80 17 74
25 60 35 74
73 59 30 91
48 81 5 71
27 21 79 26
92 81 93 24
22 53 34 38
47 43 4 52
94 68 58 52
9 70 83 93
87 48 38 0
77 96 35 53
21 74 95 98
17 44 28 87
7 40 71 78
66 33 95 23
37 74 26 77
72 92 57 87
67 64 47 83
26 23 28 5
84 13 3 28
3 62 8 99
25 62 38 80
63 85 50 53
80 66 9 41
71 48 8 39
23 7 80 7
79 51 58 26
88 33 57 8
48 68 55 88
11 90 55 83
21 100 74 60
77 53 65 99
7 22 12 11
23 59 88 83
75 100 88 88
81 43 85 17
32 49 33 70
46 100 49 50
48 76 23 78
90 1 94 49
9 80 6 83
85 67 96 90
33 94 3 56
76 88 43 99
65 47 85 77
18 70 89 92
23 26 88 22
99 28 49 6
2 4 88 32
31 18 28 21
10 84 45 48
68 74 63 56
31 86 11 34
15 41 75 67
41 67 64 78
22 54 21 56
23 32 33 85
89 81 97 77
39 93 97 71
40 78 56 38
75 75 93 68
89 33 82 41
45 21 90 1
31 82 31 65
67 15 88 44
63 75 47 60
23 20 56 4
41 77 22 91
91 9 93 19
28 34 58 95
92 100 3 77
39 68 64 61
3 76 58 31
10 91 88 82
45 72 20 96
20 3 57 3
4 63 32 47
57 19 83 13
95 28 67 20
17 55 59 86
78 68 4 38
57 65 13 82
56 88 67 91
37 42 50 43
85 55 87 7
6 34 64 53
11 70 37 98
93 9 84 35
67 67 7 92
98 35 88 1
100 87 19 50
18 55 36 88
56 39 54 66
15 30 69 55
86 34 58 24
29 80 12 46
97 87 42 99
13 77 67 76
24 81 61 82
57 23 27 6
84 99 57 44
30 25 8 21
52 76 76 95
34 10 80 7
100 9 86 81
88 62 68 40
61 56 5 58
74 99 35 93
86 65 25 75
56 45 5 53
88 78 96 3
57 78 31 41
79 1 40 3
3 94 71 80
89 99 26 99
49 68 92 97
55 10 56 2
98 92 75 5
84 70 26 76
97 77 93 22
32 91 42 95
99 91 34 94
62 100 60 80
7 60 10 59
92 44 65 27
3 81 73 66
21 44 57 32
58 63 26 67
29 90 40 45
51 79 29 69
27 34 40 75
66 70 71 51
31 10 60 18
71 18 6 10
62 23 97 57
54 86 23 55
12 81 62 59
5 47 39 83
1 4 89 15
56 40 41 82
22 1 4 30
55 92 71 99
79 77 16 86
97 10 91 78
2 63 31 42
20 77 38 98
89 95 92 25
55 30 16 64
27 84 82 99
24 90 14 29
60 89 36 73
60 76 56 43
52 47 65 54
45 3 43 11
91 82 54 71
24 74 72 55
88 93 8 99
52 55 65 93
79 67 67 69
73 94 70 86
81 93 89 73
75 70 77 69
92 83 95 76
66 76 87 89
95 29 49 19
87 52 70 35
26 93 11 68
16 8 78 11
65 93 5 62
56 42 64 76
97 93 47 78
85 91 16 47
3 30 31 36
95 95 56 37
95 49 82 29
89 95 46 53
61 85 6 91
63 86 84 64
53 67 67 63
17 28 73 8
16 30 86 89
68 39 99 54
1 51 12 50
30 24 6 25
80 75 89 99
64 95 61 68
55 10 91 9
78 37 84 36
3 20 72 18
23 44 79 85
33 23 49 20
12 40 50 27
4 69 83 64
8 51 64 39
40 72 33 58
88 8 71 14
83 17 80 44
95 90 11 40
11 1 85 5
71 28 61 32
89 18 69 4
83 62 14 70
79 7 85 10
95 68 15 52
95 91 39 31
50 58 39 57
55 36 38 87
76 18 99 99
50 34 34 37
36 54 59 39
54 70 72 69
4 52 45 43
61 73 31 42
68 79 75 97
48 14 83 19
54 50 30 48
23 6 20 24
67 64 86 86
17 63 58 82
69 33 88 21
13 71 77 94
87 28 41 15
56 44 36 92
98 47 64 29
29 76 40 90
14 20 15 21
38 80 45 32
89 40 84 40
96 54 90 78
40 78 60 98
27 72 15 42
22 95 20 35
66 71 74 94
51 67 24 36
43 25 17 5
5 100 31 50
56 24 31 26
92 30 72 32
81 86 4 68
52 89 63 41
1 42 75 80
56 10 22 11
46 42 53 83
44 79 53 73
56 24 57 20
12 45 50 38
54 18 51 23
30 3 90 60
63 26 94 23
30 66 21 58
15 33 88 74
5 78 2 41
11 35 2 90
9 74 29 29
32 15 28 19
89 96 57 74
28 38 41 35
63 91 32 29
9 20 59 6
27 84 46 100
24 73 31 64
48 92 40 100
32 35 14 89
7 60 32 62
21 85 12 47
79 54 100 15
47 80 63 72
18 51 0 49
10 70 10 60
53 24 42 10
16 69 93 66
6 47 51 58
54 56 40 56
76 86 25 96
80 20 76 11
60 75 9 77
81 19 24 8
23 55 47 44
93 1 32 21
11 66 67 96
15 37 38 99
43 37 52 75
85 14 38 14
39 80 19 29
4 73 31 56
91 90 41 47
70 54 94 71
40 94 55 89
6 84 40 27
64 99 42 49
3 39 6 60
22 95 8 88
32 69 75 89
75 56 72 60
25 63 54 26
86 28 18 2
40 31 14 49
83 68 4 47
43 76 49 40
60 5 92 3
2 82 28 58
41 84 6 97
19 25 70 14
51 41 27 51
97 18 73 44
50 89 29 36
65 62 55 75
41 71 33 50
28 78 85 71
15 92 17 65
98 3 83 22
39 68 34 66
0 83 18 50
85 11 96 63
12 26 99 19
2 60 46 63
62 8 17 23
38 75 55 67
19 93 7 55
37 70 1 79
70 61 98 78
58 62 33 48
74 76 69 90
96 75 88 21
3 66 9 76
35 31 77 72
44 86 21 29
37 53 32 49
78 64 54 46
40 65 63 63
97 3 19 15
93 99 45 93
11 55 49 91
82 6 53 5
69 42 54 8
98 75 97 21
29 98 61 83
54 48 91 96
22 48 51 48
81 0 5 17
89 61 88 37
89 69 7 60
29 40 8 91
45 32 13 84
81 98 14 48
95 5 19 9
54 87 69 44
78 14 86 58
15 3 30 23
60 57 89 84
1 57 76 86
60 28 63 17
46 93 43 78
45 80 69 100
53 12 58 17
81 87 29 62
68 87 88 87
74 23 43 0
47 50 39 80
78 73 88 87
3 24 10 56
91 14 15 9
63 49 19 47
65 81 19 44
64 82 56 47
15 53 10 84
27 34 11 33
15 75 63 44
19 2 58 8
85 18 70 17
7 75 32 92
61 96 27 46
75 63 80 61
74 31 52 2
54 59 57 64
18 20 93 31
13 61 69 88
55 29 58 54
51 27 71 89
62 20 52 21
21 68 83 72
5 71 77 80
42 30 64 56
1 77 60 66
33 55 3 90
60 7 76 29
53 67 57 34
1 64 24 74
27 65 83 93
49 34 5 88
43 54 89 80
73 13 93 38
79 95 64 87
28 52 71 54
91 83 19 60
56 72 19 94
92 2 89 64
7 31 33 89
9 12 91 19
54 38 47 99
23 35 7 77
75 13 20 19
77 19 91 26
30 11 13 28
1 8 95 21
62 73 2 78
10 50 32 78
94 77 1 61
76 82 59 57
37 10 96 30
76 76 10 31
67 39 69 7
42 47 18 68
61 70 57 34
25 91 5 32
32 27 49 31
86 44 90 27
96 11 95 85
60 35 40 74
1 45 83 74
22 82 43 95
29 50 4 72
0 88 58 36
80 16 84 32
56 52 78 80
6 40 82 75
43 32 23 66
2 73 78 73
78 54 87 85
82 96 39 95
83 53 93 31
60 4 90 7
40 48 2 91
48 26 68 87
4 93 7 79
18 19 84 16
20 64 42 40
6 18 22 22
2 69 65 87
61 41 9 97
65 73 26 34
58 56 63 70
84 8 15 24
1 41 21 90
0 45 89 72
77 12 8 16
27 74 20 33
76 89 36 36
89 98 19 35
47 67 21 41
100 56 53 8
6 80 42 81
93 72 21 85
24 95 16 57
76 38 60 32
86 52 86 13
64 20 93 31
57 64 9 38
61 100 16 34
29 66 92 98
67 81 10 36
41 89 1 99
68 46 52 86
28 17 91 21
61 91 16 72
59 64 4 88
33 85 87 74
53 89 24 75
30 93 48 82
34 29 41 88
61 98 84 81
82 80 61 53
56 94 13 70
34 80 26 70
34 52 24 86
68 98 51 39
25 76 76 53
80 92 41 56
53 83 28 43
35 42 72 75
60 93 39 61
77 61 9 72
24 77 15 70
70 92 74 53
14 94 86 68
62 83 52 65
2 6 15 4
55 81 60 49
36 86 34 99
61 48 45 43
73 28 38 9
90 41 87 18
84 33 37 7
25 4 85 6
28 86 37 54
41 40 50 89
96 72 4 75
39 72 35 56
25 58 39 74
91 67 82 67
85 65 4 71
85 38 90 46
98 17 15 22
53 75 54 93
21 80 92 80
43 30 81 76
77 29 51 10
93 35 76 37
0 65 41 89
34 84 39 97
63 48 95 84
50 52 19 38
81 65 12 38
77 67 26 36
55 97 12 32
70 68 81 58
73 82 62 54
71 2 88 32
37 30 48 32
6 87 64 82
79 54 52 7
53 83 56 92
34 54 63 86
84 98 22 55
78 46 69 43
18 100 33 71
96 22 9 24
25 43 52 90
73 2 22 6
14 33 37 90
40 29 96 100
89 98 2 87
57 59 80 99
68 62 41 91
6 37 76 65
20 45 20 37
100 77 81 91
0 41 56 89
91 52 58 23
74 68 42 49
47 43 6 93
74 57 23 96
9 53 30 45
38 52 14 40
19 65 42 59
37 32 20 71
38 33 16 61
47 99 13 63
75 98 44 49
58 56 81 98
86 56 100 90
46 44 80 58
19 92 23 85
43 20 43 17
28 85 27 37
50 49 72 71
49 32 53 34
81 76 54 79
47 20 45 3
25 55 69 85
90 37 75 20
66 53 42 61
93 46 78 30
41 79 57 39
38 94 52 48
41 87 18 80
56 70 81 81
3 42 13 45
49 55 46 86
47 26 6 31
85 98 92 95
45 57 62 81
39 39 16 60
52 75 15 98
76 24 2 11
99 59 71 80
83 94 100 25
60 75 51 31
50 42 14 62
49 52 38 96
37 58 59 58
33 97 28 90
18 98 23 43
82 73 9 35
91 50 81 13
48 22 100 9
34 73 42 44
76 7 63 33
51 3 92 11
5 0 66 16
15 4 90 5
64 98 83 87
13 48 1 58
41 65 52 60
16 49 3 58
15 45 3 36
2 49 81 71
34 34 54 74
71 94 30 96
60 58 78 64
84 38 92 10
83 63 83 89
33 4 88 49
23 52 57 35
57 45 1 54
21 2 77 36
46 70 46 84
67 59 57 52
61 25 48 17
28 43 20 66
65 64 77 75
82 64 26 43
73 53 27 41
5 53 38 65
72 35 61 6
95 80 5 34
96 71 49 75
83 93 60 39
65 58 46 96
2 21 83 18
77 97 50 79
40 14 58 3
81 91 19 68
43 37 45 71
49 35 18 65
36 4 88 53
16 90 67 75
80 0 100 55
52 3 34 25
72 2 78 18
2 91 67 47
99 19 95 76
34 93 80 98
38 100 42 48
92 79 59 38
2 1 27 12
29 42 67 50
70 9 97 10
18 96 1 47
36 63 77 94
67 47 77 84
16 67 80 68
90 18 19 19
42 91 77 98
6 44 59 58
81 82 11 44
41 69 16 73
89 77 99 73
36 66 42 85
65 31 92 62
78 100 46 45
89 97 83 100
60 23 15 17
4 87 60 58
32 69 2 50
68 71 13 86
49 0 12 8
90 20 40 19
53 90 59 87
66 58 48 62
3 88 7 53
45 56 25 47
21 68 48 91
74 30 52 25
7 61 20 71
40 32 28 75
51 33 43 53
92 59 59 0
61 34 67 34
68 27 22 9
25 44 75 79
12 7 29 22
84 80 2 82
40 49 17 66
36 75 33 53
2 37 27 56
88 4 95 63
97 63 83 88
25 29 67 66
4 66 10 71
8 93 13 77
28 47 37 67
14 72 50 79
13 72 72 52
51 34 68 60
22 72 32 72
9 83 74 91
12 45 7 65
55 60 70 80
24 55 87 100
83 60 15 93
53 27 30 39
12 59 50 34
99 44 87 62
34 50 30 39
40 1 59 15
11 60 54 56
20 81 50 43
37 86 18 59
36 49 45 79
57 20 9 12
64 31 83 9
89 51 80 25
2 39 40 100
93 4 92 71
50 44 39 29
1 94 24 44
5 12 28 12
54 87 95 67
68 85 77 75
63 95 47 42
67 91 48 95
56 34 83 76
52 79 73 68
84 63 14 34
91 35 68 7
21 0 19 26
41 44 31 94
34 83 6 100
65 54 72 47
75 46 88 28
18 21 69 7
40 77 80 89
44 49 31 71
20 38 64 97
65 17 90 8
92 12 91 99
59 98 65 84
94 78 90 62
79 66 22 94
99 41 80 32
94 10 53 2
45 81 34 53
63 84 82 82
19 38 85 77
68 37 87 39
73 49 97 93
60 96 97 73
25 49 26 97
46 39 33 70
91 19 80 20
37 93 55 43
44 43 16 31
57 56 71 61
79 6 51 23
32 96 33 89
6 76 26 47
55 34 36 69
46 57 26 59
