1000 100 100
40 79
12 94
85 61 92 71
68 99 84 94
48 52 83 31
27 54 9 73
53 28 25 67
23 23 2 89
95 76 38 55
27 87 28 66
95 1 60 13
46 92 100 97
44 1 94 43
27 69 55 47
84 1 13 82
22 65 43 85
92 22 62 33
19 20 62 48
57 50 48 65
89 0 71 61
29 12 73 49
1 69 99 11
52 37 75 26
78 66 82 34
59 7 92 8
16 82 44 74
2 15 5 11
45 56 0 4
52 16 76 12
91 17 72 15
81 77 22 86
97 68 17 54
40 36 22 31
44 39 67 6
2 97 17 24
42 8 3 81
81 42 57 62
76 21 60 38
10 55 57 62
65 76 10 33
85 14 96 69
60 50 71 28
10 18 92 4
70 52 29 77
86 62 83 13
21 24 57 51
6 64 28 9
70 2 91 54
84 55 31 15
86 38 71 35
63 2 95 57
72 76 79 59
85 38 87 29
49 30 80 35
84 27 30 77
44 56 61 44
98 70 68 0
11 3 11 53
64 72 40 57
31 5 31 56
9 99 33 14
16 57 49 7
14 92 1 2
51 38 23 3
83 25 96 84
91 37 43 64
95 13 61 20
38 11 83 10
45 43 83 22
48 1 40 76
18 7 0 13
75 40 43 4
73 67 85 21
12 13 3 93
84 62 19 35
90 56 60 12
5 54 64 73
34 40 74 42
74 66 90 36
64 41 6 84
90 85 68 86
2 33 0 38
13 58 56 65
81 21 63 55
46 37 31 56
22 29 90 8
66 72 1 82
85 57 56 14
15 15 79 46
28 87 35 68
30 38 58 2
11 87 31 87
97 0 36 24
43 40 54 2
84 36 39 41
51 21 100 74
100 12 14 18
28 90 44 36
70 67 42 69
9 18 18 86
15 34 44 74
83 74 94 32
97 25 75 39
19 49 26 41
91 23 58 9
67 65 46 51
3 79 19 8
46 43 12 86
33 13 15 64
41 57 16 67
22 85 50 62
5 81 46 69
73 48 79 63
13 40 87 17
11 51 84 58
41 67 37 39
34 64 60 29
16 79 95 35
9 65 25 76
89 28 94 63
69 96 68 88
34 69 88 14
73 51 58 76
48 63 28 5
95 59 22 55
97 51 16 75
49 67 28 60
93 98 94 66
57 58 78 58
65 73 6 57
18 6 7 91
6 17 16 15
47 41 95 50
8 35 86 14
80 38 81 74
23 16 23 89
59 55 62 6
39 44 78 50
51 71 92 61
12 74 17 61
13 59 89 27
12 64 70 19
68 5 95 56
78 16 15 70
87 73 96 25
33 39 50 13
56 29 80 67
21 72 14 89
75 44 24 73
46 18 21 85
87 53 93 66
47 69 30 30
67 29 44 35
88 21 100 55
69 45 78 41
34 27 12 33
97 12 39 46
38 15 1 17
12 16 77 24
0 100 34 77
74 73 15 22
17 4 52 31
41 39 6 90
73 31 78 15
91 20 12 80
74 42 81 48
26 89 40 49
94 98 79 2
18 83 1 14
22 7 70 49
49 73 2 74
26 41 75 35
91 20 85 17
22 84 90 25
94 12 98 58
98 48 16 76
58 100 77 98
100 99 90 69
37 73 72 29
26 87 73 27
94 59 19 83
10 15 10 16
22 65 13 35
66 28 9 3
88 65 34 74
20 75 75 30
55 21 73 61
50 20 72 56
36 51 95 44
74 66 39 26
47 48 42 0
30 48 92 9
42 71 10 4
85 7 33 73
14 2 1 54
66 0 40 18
30 37 41 62
56 72 85 17
7 69 95 55
57 6 55 53
62 30 67 43
35 38 71 34
95 93 41 97
93 36 80 15
44 60 2 99
27 62 57 26
82 39 46 36
59 36 99 4
4 9 73 49
16 70 9 25
36 60 19 84
31 54 76 8
54 96 76 96
82 72 65 48
87 36 70 68
66 30 91 42
7 24 75 32
69 53 4 50
21 88 88 18
43 47 11 42
77 24 52 73
83 29 95 98
64 34 70 49
73 20 39 9
43 26 66 68
95 56 52 71
87 5 78 15
92 69 60 49
59 17 44 34
68 45 71 73
23 7 22 48
47 54 61 50
79 62 5 60
39 8 66 76
52 48 6 65
92 75 68 66
30 99 95 80
29 82 57 80
23 64 65 50
24 71 27 38
11 40 47 42
51 29 31 22
1 65 2 15
14 87 22 28
60 26 50 51
11 52 96 27
1 75 68 21
82 27 13 92
9 2 56 2
8 3 73 14
61 19 22 61
76 43 17 35
87 48 2 60
20 17 54 61
75 52 52 48
25 15 92 69
56 49 41 78
36 83 40 22
35 55 72 61
4 66 5 53
45 28 30 67
46 67 96 43
74 7 53 1
88 73 61 69
5 31 63 9
67 38 52 8
63 62 48 21
7 53 90 9
39 85 22 86
35 41 82 75
31 19 53 7
82 6 23 15
64 45 97 21
80 50 77 59
6 28 26 32
63 77 93 74
44 36 50 75
45 26 31 40
46 59 14 16
50 10 59 70
42 62 64 49
6 24 90 45
18 64 44 33
73 3 29 31
9 69 74 76
45 28 12 75
67 52 0 72
6 65 28 65
85 39 11 85
3 41 2 76
55 41 32 46
67 43 13 63
64 42 76 36
63 51 67 29
23 24 64 70
54 5 95 65
13 47 40 81
24 73 28 63
28 53 91 8
99 79 15 17
84 75 74 70
76 91 69 96
6 96 13 89
19 82 17 20
31 54 91 48
69 28 57 17
30 43 20 63
42 2 22 91
62 33 31 14
46 66 97 1
18 53 2 5
50 41 46 48
74 27 55 16
21 65 43 48
5 59 32 65
23 67 6 96
70 18 49 52
28 62 77 61
84 33 56 24
31 31 44 70
80 16 45 8
59 31 6 24
93 75 84 79
33 66 11 60
57 40 10 80
29 29 60 19
90 67 97 28
75 27 58 47
39 41 77 42
44 74 38 39
52 48 24 44
43 61 17 53
38 24 86 74
24 75 78 7
9 36 28 75
84 86 23 96
59 32 96 72
9 62 57 15
49 36 44 63
11 31 54 53
73 31 48 46
90 46 6 63
75 0 1 1
36 44 44 36
81 11 11 80
62 31 31 61
40 28 19 72
20 85 12 87
95 44 1 51
97 55 98 85
48 28 0 27
83 17 1 76
92 28 28 13
72 63 25 28
8 15 23 62
29 87 63 22
90 23 87 48
38 55 92 45
88 69 15 0
2 16 96 10
96 35 86 46
24 38 90 62
71 13 44 64
7 78 37 65
28 76 89 6
28 63 59 13
26 73 55 56
14 20 36 62
93 6 5 64
20 95 83 84
97 40 10 26
92 9 47 16
54 70 88 21
35 69 28 28
48 61 24 59
52 33 100 71
53 1 94 36
6 78 31 37
44 0 17 85
85 79 100 99
69 31 38 3
85 28 88 28
50 4 98 13
64 14 83 25
19 46 21 5
23 90 33 26
78 14 21 88
22 58 33 73
50 52 92 20
87 6 98 40
25 79 63 43
68 71 90 2
73 30 76 34
71 8 46 1
69 65 78 70
78 64 91 15
99 46 84 61
64 21 54 74
39 29 3 72
36 31 79 74
20 20 10 73
18 19 79 27
64 66 62 25
69 62 40 14
75 64 5 1
29 69 38 73
93 14 49 15
6 47 24 73
88 60 38 19
28 89 29 37
43 11 32 31
8 60 3 77
48 26 31 72
87 85 70 98
84 26 4 100
14 59 27 82
14 85 17 38
74 14 33 45
48 51 34 79
29 34 36 20
54 40 38 40
24 90 21 54
52 10 10 52
11 93 82 17
27 28 18 82
95 16 5 5
86 64 62 43
12 41 61 45
10 26 32 18
1 80 41 39
60 14 62 44
45 73 91 15
45 60 50 63
38 11 64 73
53 58 46 44
95 99 97 16
98 49 59 58
89 46 81 67
22 4 48 77
65 28 97 58
100 54 50 58
16 5 35 25
90 1 23 25
88 6 52 29
45 100 100 78
24 8 86 20
87 20 86 2
32 47 55 57
13 36 66 18
42 25 20 65
39 56 72 72
24 21 43 76
22 51 75 62
46 31 36 16
48 15 41 54
79 18 79 30
95 22 65 68
73 64 55 11
9 44 47 56
7 76 30 33
68 11 96 24
99 43 40 54
11 85 14 22
41 48 3 53
86 36 27 27
46 62 33 71
2 58 80 11
82 24 90 3
12 93 74 58
83 45 30 19
83 36 43 49
18 26 61 56
98 60 20 30
93 98 91 63
99 38 96 5
87 62 24 30
40 96 57 86
40 52 34 38
22 34 17 48
36 47 7 15
80 8 83 33
36 80 36 40
9 97 64 8
51 0 66 44
28 80 14 27
57 11 3 69
14 2 8 8
33 14 37 7
68 3 82 43
60 30 87 12
71 64 26 12
38 52 22 69
55 23 25 32
94 65 8 73
0 64 74 57
13 53 92 70
30 5 23 37
9 43 80 29
60 19 34 15
6 29 58 51
70 55 6 75
5 58 21 60
73 66 28 64
16 64 21 2
70 8 9 24
41 56 17 35
40 69 62 19
67 35 19 7
75 22 87 41
2 39 16 34
64 77 92 53
36 10 4 50
66 32 14 45
8 16 55 32
97 46 52 32
97 2 97 67
83 59 16 56
77 21 68 68
92 43 80 15
37 34 22 27
24 73 19 33
38 56 45 12
15 84 1 41
70 0 41 13
48 58 41 15
58 49 11 64
93 83 90 72
2 95 48 11
95 23 97 11
72 54 34 33
43 64 45 42
86 52 45 46
74 73 66 52
30 27 88 12
23 2 37 75
99 54 45 21
62 54 88 17
52 37 86 70
62 25 92 31
28 63 48 22
100 92 41 88
74 64 99 0
6 29 0 32
5 82 54 37
96 29 97 92
10 9 20 90
43 1 3 4
24 52 31 46
70 14 42 27
32 75 52 8
42 4 90 36
39 8 70 0
60 70 89 23
83 22 54 67
32 28 2 85
48 54 99 61
55 16 54 49
4 31 69 0
74 31 26 12
21 48 25 27
70 62 28 14
52 53 26 83
60 63 10 75
15 73 57 19
100 79 88 55
4 59 52 41
2 13 26 7
62 26 93 43
89 86 65 96
91 57 8 64
30 2 5 86
23 89 43 8
39 20 12 17
6 58 24 14
50 49 42 39
81 24 65 8
84 52 9 13
28 38 8 59
87 66 76 23
15 48 19 19
25 82 55 38
48 6 29 36
20 5 35 84
38 8 14 1
20 36 44 61
6 14 5 56
12 68 22 64
0 8 39 85
34 15 41 59
16 12 44 65
78 22 26 49
88 34 65 20
56 58 17 38
64 43 34 62
84 73 2 56
17 0 28 57
38 64 88 62
36 59 55 12
87 27 41 34
8 66 65 68
8 24 47 26
63 2 46 66
84 36 99 12
98 32 29 24
79 44 32 59
67 68 50 47
31 83 69 61
32 62 29 9
58 23 87 42
95 19 34 71
50 69 7 8
18 68 27 58
1 25 31 31
3 30 17 46
45 60 10 60
94 17 80 11
31 82 81 11
55 48 35 68
47 26 36 83
35 80 60 52
26 70 6 21
23 38 100 20
2 9 20 89
20 78 81 32
46 67 11 0
78 38 50 20
40 46 33 62
50 55 43 69
12 32 60 30
23 45 45 76
7 56 5 21
90 2 61 71
6 98 88 87
42 47 31 46
37 3 88 14
69 33 83 16
87 4 46 65
55 45 2 76
22 64 24 33
93 63 67 2
71 17 3 26
12 52 76 17
71 22 5 94
79 67 41 37
89 46 44 36
8 85 82 71
27 35 96 50
78 76 32 54
80 65 49 44
87 23 87 72
32 43 12 64
32 47 53 6
8 97 77 82
56 34 19 27
16 32 41 33
54 43 62 30
26 69 25 28
93 8 98 55
12 72 52 69
26 45 47 44
93 55 19 40
51 29 40 71
49 33 72 67
8 28 30 22
75 48 15 78
79 19 68 56
10 85 80 67
21 64 93 20
99 44 93 80
83 2 47 18
28 71 92 32
36 5 99 24
40 18 97 81
75 41 76 36
49 22 96 53
55 15 53 37
97 56 1 90
9 41 9 48
33 94 10 100
38 39 80 20
6 46 19 16
72 60 30 77
66 59 15 47
92 75 32 15
7 30 29 74
75 14 3 77
74 51 68 6
84 30 9 14
36 22 36 37
77 29 0 74
25 57 87 36
16 87 99 11
37 59 96 13
25 53 76 61
91 39 82 72
34 23 41 69
38 89 53 99
79 46 15 22
49 76 20 32
50 59 39 58
59 60 47 14
13 25 49 3
32 37 43 1
40 20 58 28
83 52 80 67
99 61 15 36
48 22 86 49
5 8 70 4
95 54 25 2
29 44 50 14
49 73 66 41
18 7 12 78
43 44 39 57
22 88 69 49
24 88 30 11
45 21 45 16
50 29 70 11
62 25 16 30
27 69 6 94
48 39 20 88
19 31 77 23
83 5 81 52
28 30 61 42
22 54 17 57
30 92 78 84
57 38 22 91
9 23 89 29
16 50 6 45
25 51 68 45
10 93 55 2
13 29 31 22
60 1 19 65
87 44 44 10
86 58 88 33
0 50 6 89
49 59 90 59
95 12 76 43
36 41 62 53
39 64 90 35
77 47 54 36
59 67 6 26
74 11 56 66
19 57 3 39
4 90 26 13
81 52 90 35
14 33 96 4
26 3 47 37
86 36 99 24
45 65 89 26
16 24 61 0
30 25 2 52
33 10 26 83
9 62 47 45
65 47 100 53
11 72 64 46
10 73 35 64
24 64 26 56
97 29 76 38
3 45 60 32
34 31 22 47
27 42 77 33
87 22 91 19
25 24 85 52
75 34 84 33
40 67 24 47
33 6 92 66
13 37 3 2
42 7 58 1
80 50 62 34
1 84 65 41
34 47 11 29
33 83 43 28
59 44 54 14
68 23 69 5
4 86 8 79
37 12 63 39
45 76 7 19
59 36 50 30
87 14 0 83
95 39 21 12
91 7 34 41
1 66 14 69
41 42 97 27
82 31 8 3
39 26 45 3
24 48 46 21
1 25 91 19
80 13 61 58
22 13 60 66
43 76 8 90
93 7 85 74
72 74 58 49
20 66 77 2
41 43 4 99
20 5 12 23
4 15 96 9
44 38 12 54
1 13 98 55
20 43 77 12
10 54 19 19
57 41 47 32
63 66 39 14
32 54 25 61
95 60 93 67
26 4 58 45
1 4 97 69
52 74 68 53
41 44 6 27
96 61 73 41
9 73 7 35
17 91 24 62
99 11 40 74
2 89 73 4
4 4 70 38
35 77 61 24
13 42 80 36
24 52 81 9
28 17 51 30
89 31 45 71
60 29 85 23
19 47 32 44
3 23 94 1
20 51 15 58
38 89 21 99
51 8 47 38
75 17 43 65
67 36 51 71
29 64 72 4
41 39 32 17
71 36 28 25
61 77 18 65
10 54 74 23
89 6 3 46
15 45 16 81
73 26 54 29
60 53 79 36
50 58 97 54
10 16 76 58
71 53 7 14
12 10 86 52
8 98 65 38
77 59 95 13
79 4 46 69
12 9 96 61
6 3 98 15
91 7 61 67
26 38 69 39
54 14 18 31
56 37 77 26
81 18 15 4
87 40 38 69
30 17 35 37
56 4 21 90
12 6 91 52
26 69 99 66
3 57 33 60
8 22 63 32
17 4 67 32
98 29 28 21
90 23 11 33
77 70 45 20
2 82 34 57
0 16 15 53
25 46 36 65
15 48 93 48
73 62 79 71
8 65 0 76
55 35 87 5
66 59 64 36
4 63 20 76
91 6 100 16
56 89 84 82
100 46 81 10
81 57 41 16
47 59 99 40
35 8 86 74
82 35 71 40
24 2 48 34
25 1 8 57
88 8 43 42
100 2 47 61
18 58 53 12
99 19 80 27
50 0 68 33
17 52 29 6
52 68 41 19
90 75 93 2
44 55 84 10
47 78 99 46
98 60 44 54
1 70 61 67
95 72 89 11
43 7 72 43
30 62 41 23
24 56 31 56
100 35 54 14
42 22 9 70
13 27 64 50
65 16 35 30
32 37 29 24
45 46 58 58
31 85 97 35
97 17 53 19
56 61 24 44
7 76 36 11
47 23 28 71
57 49 69 37
45 34 63 68
54 49 79 59
31 77 29 45
53 30 39 12
38 7 11 23
35 3 38 48
62 53 41 26
82 25 74 66
14 30 43 28
20 52 9 5
28 60 71 75
66 45 68 64
12 62 22 73
65 69 2 15
62 14 4 37
67 22 91 44
39 45 89 4
6 56 59 47
21 58 34 27
53 78 99 23
81 50 66 51
38 71 100 45
33 85 26 29
33 56 39 62
47 21 93 51
85 20 41 58
1 4 41 20
34 29 85 37
65 36 47 67
88 82 58 100
6 47 67 55
69 5 37 26
1 11 53 77
52 65 63 76
45 61 53 35
84 61 41 45
2 55 1 66
53 14 34 60
37 65 89 49
14 59 38 24
98 57 51 40
82 43 89 63
27 60 31 35
99 93 11 97
68 61 4 15
83 70 99 74
23 15 20 44
82 58 78 31
15 45 12 24
100 65 43 70
12 33 59 8
49 50 2 60
55 11 86 18
61 58 5 35
77 62 51 40
66 27 37 70
80 49 28 53
58 1 95 3
48 6 7 45
55 62 51 47
3 18 58 32
92 68 35 8
63 1 37 50
46 61 65 69
97 37 90 29
55 54 52 69
96 66 39 56
14 48 89 43
5 83 22 79
99 81 32 94
31 39 61 14
37 40 3 58
70 21 62 16
57 21 99 14
93 4 95 75
32 55 100 77
89 56 43 5
12 87 93 1
14 60 12 45
56 4 100 73
87 44 56 44
92 11 87 17
14 10 27 13
65 4 98 93
12 12 56 29
29 49 83 69
27 40 38 2
1 49 86 42
43 56 93 27
45 40 61 0
36 39 43 16
48 76 54 31
95 84 99 37
59 2 38 39
22 62 85 67
