1000 100 100
75 21
40 29
1 1 27 90
15 40 88 68
12 46 31 32
65 12 9 6
36 28 28 27
97 92 92 28
77 8 93 38
15 17 84 95
71 42 73 40
25 37 54 6
15 46 25 25
50 85 22 26
36 61 50 42
37 67 17 22
25 2 49 16
94 57 50 48
21 65 78 71
12 69 28 12
68 54 100 87
88 31 25 70
95 57 46 70
98 55 99 87
39 67 100 95
88 8 96 14
6 83 33 2
22 75 55 82
80 68 85 20
7 94 66 60
65 36 80 22
81 48 38 100
13 42 10 63
51 90 20 75
40 16 6 1
96 90 1 83
30 36 2 4
2 33 55 13
7 28 8 15
81 96 19 90
17 8 62 94
46 70 15 7
35 43 97 70
59 45 8 78
10 2 4 93
32 37 23 61
31 86 81 53
62 96 98 42
19 82 26 48
0 45 57 57
67 53 75 93
7 69 11 83
66 11 90 26
31 70 87 48
24 69 44 74
95 85 21 34
51 44 36 87
50 81 7 61
17 19 93 15
91 98 67 96
5 33 41 77
79 43 39 57
65 32 65 70
100 7 11 33
27 11 42 86
14 10 6 42
85 62 26 41
85 31 87 70
67 64 9 95
59 98 37 39
33 90 87 12
68 95 84 37
28 74 83 93
53 75 8 77
54 15 41 25
74 38 23 49
81 85 23 93
70 94 82 25
33 100 96 51
99 63 58 87
63 85 49 81
31 70 14 96
77 69 62 41
8 41 53 11
41 77 13 47
35 99 58 80
80 58 85 64
63 64 9 83
50 2 5 6
61 54 28 43
29 41 77 26
5 49 63 95
72 39 96 91
77 34 49 51
88 52 14 43
98 31 23 76
70 42 94 14
85 17 79 17
52 23 47 31
71 45 29 77
29 38 10 66
55 83 21 83
52 22 67 8
21 8 28 84
4 51 45 11
66 39 55 92
47 72 58 86
70 72 0 53
84 100 20 90
85 49 50 70
4 25 86 1
28 82 0 65
2 14 26 39
63 38 18 68
37 37 79 56
92 80 31 43
38 10 88 10
76 40 29 92
41 92 81 39
36 56 58 48
82 37 93 93
59 98 80 3
88 51 61 64
39 58 10 6
12 93 20 21
81 83 34 82
91 12 83 25
83 40 85 39
59 41 100 67
88 10 39 4
52 56 8 57
3 8 69 23
92 78 0 98
12 88 25 14
74 80 6 49
91 5 44 5
5 98 10 67
22 19 99 15
25 5 14 6
1 85 75 25
79 44 16 54
8 31 80 66
41 74 79 37
26 85 98 84
64 72 74 97
53 66 67 52
13 48 19 27
20 42 21 2
31 66 13 58
69 36 97 6
69 57 19 74
17 87 25 95
6 97 74 32
0 26 16 43
17 32 4 95
44 78 70 76
42 95 86 65
34 71 75 38
75 20 85 0
44 42 10 65
52 31 69 84
45 45 21 39
72 87 94 28
52 83 42 99
72 23 10 66
82 54 13 99
80 42 18 95
69 36 100 20
41 90 5 70
82 96 51 93
73 67 63 66
57 39 12 67
45 79 73 77
75 75 22 77
98 32 73 7
14 62 17 6
52 80 96 73
10 14 34 68
60 71 99 35
10 88 25 98
64 37 81 32
83 1 46 100
11 27 31 50
57 95 12 16
77 92 64 79
5 50 61 11
65 89 84 46
94 81 50 87
91 97 79 26
91 27 20 54
69 100 7 94
24 0 32 91
21 43 42 8
34 96 79 93
6 71 87 29
3 37 85 74
61 31 100 24
50 90 77 72
74 44 78 33
79 55 23 47
9 91 4 30
94 29 65 46
71 45 85 39
34 40 95 18
13 79 97 61
24 49 20 57
83 1 71 45
32 36 64 97
64 79 90 48
22 72 16 89
40 70 12 9
92 5 50 84
7 87 34 43
92 29 23 48
63 47 84 77
3 63 57 40
47 73 84 100
16 6 5 44
13 13 16 79
31 36 57 91
75 67 22 37
0 40 98 96
1 77 89 20
56 70 90 39
83 1 92 16
75 23 71 29
9 18 31 95
4 97 75 35
98 57 86 87
34 71 42 35
23 97 27 41
44 95 40 72
12 68 26 74
21 15 51 26
82 5 82 31
75 72 21 57
53 81 2 53
92 89 87 94
48 47 83 77
58 49 89 87
46 69 5 15
49 68 94 75
47 95 45 75
54 34 2 69
85 12 62 1
46 88 92 87
99 22 95 75
1 63 51 11
84 85 1 44
46 100 70 38
15 35 18 3
76 30 25 63
43 4 97 25
3 71 88 87
87 14 81 13
1 89 40 48
41 64 57 52
22 98 83 96
14 32 71 89
73 51 7 63
9 84 91 34
90 15 7 8
82 28 70 85
14 45 55 63
15 74 23 100
40 61 89 81
89 66 20 52
27 39 54 33
89 22 96 96
78 20 0 67
78 31 97 7
2 19 70 7
23 47 68 30
74 100 1 74
7 51 73 30
17 11 12 26
20 84 38 62
88 8 64 8
28 56 67 84
93 44 87 33
45 4 15 86
69 19 36 25
43 63 99 37
26 71 42 74
76 71 18 77
88 16 77 2
20 48 65 61
77 41 94 91
18 47 55 74
94 14 0 52
62 2 16 7
14 75 22 14
5 26 50 85
70 47 73 24
4 7 32 48
28 31 75 0
61 76 58 38
26 31 46 23
43 44 94 95
7 100 94 2
15 74 62 78
70 26 77 63
68 48 36 92
50 91 26 83
74 8 1 26
64 29 25 85
18 94 86 21
86 0 100 69
42 15 15 65
83 93 17 67
91 11 4 73
52 93 76 71
79 10 56 75
30 88 79 52
66 54 44 44
68 88 13 36
26 17 19 86
4 41 69 38
100 57 69 45
2 19 4 1
58 58 69 42
11 5 66 12
85 30 48 69
27 59 47 54
99 7 21 76
58 42 5 68
23 88 22 48
29 60 1 42
54 40 78 39
80 10 88 36
75 66 62 39
52 57 86 28
40 82 35 44
66 98 59 88
13 10 86 2
97 27 80 87
66 61 34 72
72 47 99 43
16 66 0 77
58 35 96 71
18 83 93 30
58 52 27 84
20 8 33 22
74 64 69 36
86 52 45 74
74 64 54 81
53 2 45 15
50 90 57 85
47 2 89 13
95 14 85 47
18 92 35 25
74 93 35 64
100 81 29 90
77 98 87 41
93 13 98 84
48 59 46 57
11 45 65 38
18 33 25 13
48 58 35 84
69 73 40 71
99 86 73 24
44 55 50 54
61 56 98 54
64 29 2 45
41 39 89 48
42 74 93 43
55 42 95 91
44 27 7 37
92 8 49 88
66 56 66 75
93 89 15 56
61 61 28 97
30 21 3 98
24 74 96 65
36 88 80 94
36 55 32 67
75 43 66 82
94 11 73 56
19 86 0 21
41 49 52 99
99 8 65 64
33 28 23 97
83 44 96 14
77 13 73 50
39 43 90 76
22 27 59 3
4 86 77 34
95 68 67 69
78 65 30 91
11 41 76 72
4 26 5 75
39 50 77 73
68 69 62 78
43 76 37 37
44 80 55 90
80 15 58 76
90 99 89 68
5 26 100 90
48 44 84 27
37 16 21 78
75 72 42 41
62 42 30 57
2 4 75 83
16 79 76 50
88 98 27 64
13 49 54 90
47 25 8 44
79 11 86 74
36 14 52 18
75 75 77 54
45 54 47 95
13 95 99 72
52 96 94 61
6 43 95 24
83 64 53 77
46 81 91 94
90 57 80 63
46 35 63 58
37 68 97 65
35 83 29 89
67 54 11 33
88 71 64 51
0 47 23 1
5 78 39 69
41 88 45 34
28 73 27 18
98 50 49 93
11 34 44 60
8 15 20 43
50 1 92 28
20 96 73 67
63 21 1 42
27 38 31 93
87 48 38 70
4 26 9 23
13 33 97 77
91 46 65 28
81 77 84 77
51 93 25 27
19 3 37 70
58 16 8 0
24 56 82 77
59 40 92 58
62 23 47 7
23 11 64 4
57 86 8 3
17 51 41 41
27 96 89 60
33 37 36 0
97 33 67 16
88 58 95 67
46 63 7 61
82 73 74 76
69 88 9 1
46 48 97 56
90 26 65 98
98 88 9 93
42 60 50 93
9 47 19 80
44 60 16 90
6 12 49 12
88 26 25 76
7 68 19 38
79 36 61 38
92 49 23 92
8 91 75 75
58 51 84 16
28 74 74 75
70 71 57 83
76 54 35 98
81 29 57 100
25 52 13 3
97 43 5 97
33 46 48 46
19 92 29 51
100 98 48 95
83 0 95 100
74 71 92 15
87 19 46 59
44 44 60 34
95 9 54 75
26 70 91 58
93 23 81 7
76 43 90 31
56 47 50 47
42 58 46 94
89 29 6 94
78 48 10 33
83 62 95 86
32 94 85 65
86 23 98 60
49 78 74 39
58 66 6 33
61 96 84 60
97 30 61 1
86 98 1 41
85 61 41 66
61 95 32 48
99 39 78 60
39 88 48 61
66 5 24 43
77 70 69 54
35 41 77 79
60 31 81 70
13 82 8 63
28 89 55 50
90 70 30 88
28 100 91 78
74 48 91 36
55 80 33 78
48 91 58 42
49 65 92 34
11 44 89 23
64 100 88 92
22 61 75 31
5 57 87 37
10 95 25 63
29 62 81 17
93 7 68 60
42 57 55 46
37 23 13 88
8 72 51 91
44 5 12 97
74 75 15 60
90 84 28 85
100 47 57 46
58 80 80 46
30 79 0 56
6 81 9 21
17 7 30 9
38 59 44 44
74 48 85 52
67 53 75 31
51 86 43 45
1 13 39 22
93 80 43 64
31 42 24 14
4 47 10 91
59 39 37 48
99 39 96 43
49 100 75 99
17 77 94 34
81 60 98 81
100 14 84 95
6 74 25 16
44 80 48 46
78 95 14 74
61 69 98 78
55 85 33 49
60 30 42 49
40 89 9 52
90 18 35 45
50 80 11 25
94 87 57 88
83 95 49 77
8 12 69 82
42 4 80 22
88 59 81 13
57 98 37 83
82 6 21 21
51 34 51 80
74 35 79 16
69 7 52 15
8 21 2 7
94 54 49 51
94 12 39 69
78 50 12 91
80 35 92 8
52 59 26 53
3 83 38 53
22 88 61 51
45 10 49 27
53 69 28 53
41 45 33 44
57 9 47 29
55 34 5 75
5 14 7 81
25 96 23 91
75 3 3 55
48 95 23 18
73 73 78 37
94 46 76 60
79 49 14 93
8 17 50 63
42 96 82 60
82 48 78 82
46 27 23 2
37 45 30 34
100 22 38 41
83 58 24 75
82 87 15 27
36 36 78 26
32 53 48 47
17 72 23 36
50 54 7 44
100 26 42 1
54 16 79 21
6 80 95 90
12 66 81 32
17 80 66 75
83 100 26 82
70 82 8 42
35 3 16 97
15 50 6 22
43 38 49 40
95 99 94 34
59 79 95 77
10 94 24 65
41 71 36 59
31 53 53 92
34 47 98 18
10 20 31 48
53 47 14 35
96 27 65 66
88 13 24 63
78 55 56 88
17 31 43 50
28 37 93 98
56 39 87 51
19 20 14 46
61 70 86 81
67 81 87 89
6 46 57 52
9 55 50 36
59 82 93 74
26 53 42 36
71 44 51 51
16 15 11 41
4 13 46 67
31 23 11 96
31 39 80 94
28 65 61 78
18 14 12 27
19 26 94 95
78 47 2 30
53 31 74 43
78 90 99 81
48 46 7 75
54 51 99 72
71 77 45 77
32 60 20 6
52 53 85 24
21 52 42 4
15 50 84 80
32 71 93 60
96 47 19 60
84 88 98 76
77 73 5 47
97 24 98 73
67 2 30 23
80 70 75 73
0 64 82 29
94 79 96 0
93 48 22 98
81 29 12 67
1 13 17 55
69 8 51 10
68 36 78 100
28 44 100 14
29 91 44 43
85 15 10 93
35 37 51 38
29 3 37 4
24 71 43 82
34 82 14 5
91 65 31 54
88 24 67 61
66 43 79 48
71 39 97 74
38 38 14 98
98 19 95 8
71 8 52 19
36 25 19 7
90 83 99 37
17 78 3 47
1 41 33 74
59 100 68 89
100 70 85 26
33 88 8 57
88 55 81 46
30 68 20 15
74 86 7 44
55 36 21 98
89 88 53 54
29 32 94 9
14 6 35 57
43 33 15 62
33 0 49 9
35 29 18 96
78 40 73 54
55 52 83 92
1 30 52 8
8 15 13 63
31 58 32 91
34 69 12 91
53 62 34 83
9 42 31 16
35 78 9 41
75 66 72 52
41 82 20 80
80 27 30 43
70 0 84 38
9 35 2 12
16 94 19 79
48 11 48 2
77 96 16 95
96 5 37 12
11 48 25 46
7 63 50 72
18 65 76 95
7 37 7 35
55 88 54 68
75 68 92 69
60 47 42 82
76 65 24 47
17 73 37 41
16 42 30 82
65 30 100 43
40 74 95 16
52 94 60 97
58 36 21 93
69 94 13 62
56 36 17 76
63 39 31 46
21 32 11 43
35 56 20 65
3 78 99 24
95 16 68 57
11 82 26 25
100 60 98 79
72 57 36 98
37 90 23 78
14 12 18 96
44 95 16 42
45 95 81 21
58 95 87 83
0 9 82 15
99 95 60 69
97 94 51 57
11 75 29 95
26 27 69 100
8 80 36 12
12 76 17 67
38 92 23 40
96 96 83 81
64 83 69 53
94 24 87 97
100 89 13 75
67 9 75 0
51 89 43 98
25 22 0 86
5 31 84 16
33 10 72 8
56 82 74 60
38 20 11 74
0 63 100 60
0 38 45 98
42 42 23 60
92 44 92 26
11 64 25 31
49 0 0 91
86 65 26 57
70 45 20 94
73 84 82 9
93 42 92 80
77 49 54 56
96 35 44 60
55 8 57 3
30 97 34 74
8 16 41 56
71 88 70 49
34 63 37 96
93 11 82 32
68 98 77 26
43 80 60 76
79 20 62 22
53 42 97 96
100 2 39 25
14 23 14 85
0 60 43 90
7 50 32 77
19 28 5 83
69 5 67 11
94 71 59 54
27 1 94 6
74 4 10 40
80 78 78 20
62 40 95 79
79 30 77 77
16 19 50 62
54 95 41 68
21 67 74 86
58 72 75 35
48 97 24 0
79 70 48 44
81 20 5 72
85 27 73 6
100 64 68 79
1 91 73 28
97 39 68 71
59 70 86 56
53 92 8 68
28 47 56 29
26 25 4 23
65 11 33 26
73 54 61 35
75 66 88 53
15 79 75 70
73 46 73 49
74 34 63 59
12 62 36 59
32 46 6 42
65 31 62 51
28 1 9 10
91 2 92 34
24 63 28 6
22 28 35 75
2 75 91 74
4 70 87 60
25 34 14 43
93 31 89 49
33 99 33 16
11 100 13 39
44 93 49 98
25 89 44 52
11 38 66 65
35 68 18 96
72 72 6 76
25 84 89 92
53 84 61 28
30 69 88 92
26 94 25 4
53 84 94 52
97 99 34 42
83 60 93 92
75 75 98 11
47 37 7 87
80 46 39 60
90 86 68 75
66 86 95 90
82 29 88 82
9 71 16 16
99 80 87 75
60 78 0 53
89 51 9 79
81 87 23 53
22 78 34 64
91 19 84 73
51 55 10 13
82 49 68 27
59 47 47 45
94 67 14 92
44 89 81 78
43 79 100 4
94 24 76 36
65 85 13 64
86 74 31 77
79 61 50 92
18 85 57 66
71 88 78 97
74 23 38 96
14 17 51 64
26 26 16 37
16 71 94 99
99 20 10 96
62 57 80 44
49 90 48 57
89 83 23 45
8 43 18 55
40 1 56 13
63 66 78 62
11 16 32 10
44 87 54 53
26 97 65 99
50 50 36 83
24 11 9 80
92 91 75 33
97 37 33 89
45 50 55 85
38 28 5 16
69 19 40 27
7 37 55 82
100 37 7 88
92 22 97 4
41 95 6 87
77 82 99 66
25 5 13 61
22 8 45 86
92 12 50 92
75 62 80 69
1 92 63 99
64 58 3 93
40 97 50 94
53 99 52 87
49 60 16 22
82 8 89 5
78 10 52 26
83 85 43 66
83 76 55 29
14 56 75 56
95 73 68 27
17 32 60 96
94 8 58 87
51 82 2 16
54 54 99 42
43 54 55 40
0 72 49 53
2 49 69 35
52 93 69 64
62 12 0 44
76 14 75 47
95 1 10 14
11 79 38 98
35 88 12 65
40 96 98 76
87 70 37 71
22 4 9 60
1 41 98 62
98 28 96 5
58 79 93 88
49 61 47 67
99 43 80 46
35 61 2 59
34 44 25 72
100 65 69 83
5 74 86 90
68 45 30 76
65 76 99 82
24 93 28 28
18 67 60 54
94 48 87 14
19 36 23 7
100 61 77 19
19 28 76 10
9 78 22 98
81 97 4 70
51 52 81 20
29 25 1 100
80 42 100 31
65 17 20 37
64 75 8 94
28 50 78 54
81 88 56 44
67 65 8 69
9 34 3 77
84 16 67 64
48 61 93 10
67 37 67 73
8 54 92 92
55 90 56 43
99 62 54 61
91 40 61 58
65 40 97 93
64 78 96 20
38 57 8 50
88 20 84 19
82 56 98 42
69 69 84 83
76 85 28 90
13 4 74 1
81 25 68 57
23 96 26 39
3 71 36 21
25 57 61 99
46 41 26 47
27 51 47 73
9 35 51 24
25 69 2 36
60 41 40 71
16 84 97 78
20 42 44 67
40 96 68 81
9 22 1 63
49 85 79 93
67 85 87 4
55 59 8 33
43 91 9 4
25 100 38 59
40 58 22 45
70 44 67 34
89 16 82 100
12 77 72 94
92 45 28 93
23 73 25 59
53 39 58 90
41 64 99 72
97 77 75 52
47 42 98 65
79 89 18 20
32 79 43 40
63 94 34 67
11 33 17 58
60 7 94 11
24 95 10 52
4 23 72 84
48 71 61 42
65 57 33 83
37 43 5 85
81 15 64 37
65 48 6 62
27 19 85 7
93 32 7 81
