1000 100 100
7 66
60 66
43 3 85 55
30 54 1 80
32 24 2 72
65 6 77 73
11 13 0 94
12 31 72 14
59 81 1 90
34 87 7 89
86 100 64 87
91 78 69 69
100 14 79 58
6 10 6 52
93 37 55 91
78 64 72 66
66 9 97 82
89 28 77 86
66 87 17 97
89 18 34 38
77 36 76 60
75 54 99 10
4 67 83 66
44 33 24 37
54 19 1 36
87 38 54 25
28 46 73 30
81 62 78 72
4 69 72 76
21 66 52 59
72 44 75 40
36 13 31 48
85 76 88 31
47 84 97 43
0 88 61 90
72 39 52 26
38 49 66 1
21 36 39 17
77 32 61 11
13 96 16 72
93 20 85 1
65 73 83 32
11 83 52 68
22 33 5 24
60 4 98 88
91 89 70 77
75 33 71 76
27 71 54 97
78 69 57 19
95 66 4 93
96 29 93 59
2 41 12 21
100 72 96 46
63 81 62 100
22 39 10 0
46 14 3 4
50 25 52 8
58 67 82 80
57 95 32 69
93 84 25 83
52 42 80 25
83 47 71 8
90 70 55 23
34 80 88 99
0 61 73 22
29 5 99 42
70 84 89 70
14 65 63 97
66 31 91 32
6 33 44 10
100 81 48 89
30 41 19 49
10 54 82 25
69 65 83 84
54 31 57 0
55 88 95 89
94 80 9 82
81 91 82 52
70 0 12 14
20 4 9 50
37 62 32 95
87 24 84 63
78 23 23 21
7 74 0 57
85 44 83 24
39 83 43 65
51 20 91 42
58 37 29 33
38 21 65 4
57 71 59 39
69 51 78 98
98 35 49 76
92 42 57 7
4 60 13 12
52 32 70 28
87 96 76 49
65 80 88 77
72 70 64 26
35 81 37 75
76 5 78 29
52 3 27 26
24 28 72 2
83 88 89 39
0 44 11 24
99 91 90 69
99 3 90 20
56 50 55 55
89 17 95 27
12 20 69 32
92 32 63 12
72 0 53 1
72 60 78 12
87 19 6 64
28 89 70 99
86 8 23 44
25 54 34 20
88 13 37 46
11 84 97 55
41 31 19 20
47 0 11 5
75 44 66 23
14 94 25 69
30 33 59 11
84 84 28 89
73 63 23 87
33 65 87 89
98 95 55 92
76 52 86 70
3 67 23 23
26 12 49 14
91 5 63 53
44 39 12 2
8 99 11 89
83 82 76 17
48 98 23 70
69 52 74 79
45 36 72 1
91 9 18 51
65 69 68 47
76 65 57 95
19 10 8 60
66 77 97 39
12 72 94 82
22 96 89 60
68 62 68 72
19 38 7 34
86 46 75 80
17 78 76 96
9 1 77 46
22 84 34 94
15 92 92 98
5 98 9 97
74 15 88 26
9 81 46 85
71 31 34 2
98 32 44 27
98 16 7 1
100 92 91 96
80 1 13 6
12 33 67 15
90 74 75 86
66 2 90 14
36 92 95 41
43 23 15 24
75 41 67 20
78 18 56 84
36 36 64 31
38 49 7 57
90 92 11 99
73 69 65 8
76 35 64 3
3 93 72 91
84 25 25 52
20 45 68 19
37 100 15 97
84 63 43 90
100 84 79 44
90 65 22 68
55 17 1 13
76 33 88 22
46 47 81 97
60 3 73 87
60 55 18 90
16 87 15 80
59 80 79 57
71 69 52 93
23 51 5 0
84 42 68 67
56 44 17 99
64 22 0 4
57 60 52 64
37 40 1 26
9 75 46 76
17 46 94 25
44 52 55 62
65 29 73 45
27 92 19 79
89 59 67 52
73 31 58 22
8 74 6 99
53 54 29 62
89 57 69 24
13 23 70 18
1 71 81 88
12 88 73 81
68 30 64 21
5 41 22 35
27 85 58 48
15 6 73 34
58 84 24 72
89 51 88 32
56 1 87 25
61 30 74 33
74 87 92 58
66 46 79 28
96 79 46 89
27 97 11 86
86 95 99 71
96 72 53 86
68 17 69 52
100 13 6 52
83 9 48 2
61 49 55 46
56 96 94 45
88 31 60 68
2 14 15 3
23 10 67 7
3 38 21 11
94 0 31 49
88 9 85 95
53 32 77 39
90 24 56 3
23 29 91 2
84 66 12 81
6 31 20 11
88 37 2 0
86 69 57 84
77 70 45 90
9 20 7 19
83 98 61 65
13 26 15 51
47 33 76 5
27 15 36 22
2 36 8 94
88 72 71 18
36 5 81 6
86 55 72 24
62 63 97 40
65 1 72 87
79 20 90 78
97 3 26 35
79 19 64 97
53 9 14 42
91 19 62 92
99 100 65 12
50 3 77 71
46 56 18 66
0 71 44 54
9 23 5 96
34 89 99 97
41 43 3 16
83 34 82 53
24 24 85 36
8 26 62 7
75 25 9 36
94 0 48 41
88 1 56 82
61 35 29 44
75 9 78 37
61 67 20 60
23 11 46 36
60 34 98 22
37 93 95 86
66 84 46 76
73 59 93 60
27 33 86 21
59 34 70 35
78 3 87 77
82 31 87 16
28 1 32 7
87 58 73 80
15 32 51 20
97 3 93 36
74 16 19 18
28 2 18 7
74 3 17 8
23 54 51 37
97 95 57 0
57 26 13 40
67 16 28 38
16 84 38 67
69 99 78 15
51 31 67 31
78 15 32 9
60 98 15 89
86 33 0 27
21 15 70 9
95 75 74 63
95 55 99 13
12 40 19 56
41 99 53 63
10 58 12 39
10 75 29 78
18 34 40 28
30 10 97 45
98 76 36 67
98 0 75 23
71 40 64 64
34 28 26 42
68 10 0 46
84 54 66 88
10 92 60 52
29 26 22 58
78 90 75 60
0 76 93 98
32 89 50 75
20 64 3 85
11 51 17 16
91 2 20 55
13 29 73 29
86 48 61 0
18 47 60 14
99 32 9 2
74 25 78 48
40 72 1 68
66 95 67 3
78 59 84 77
40 33 41 45
15 19 95 34
13 88 61 77
60 69 7 92
26 13 71 20
92 95 80 95
96 0 31 10
14 47 11 11
9 0 9 41
91 83 2 94
64 64 92 18
79 65 70 2
15 15 39 45
19 54 30 38
32 91 10 100
40 17 54 35
64 96 96 8
75 98 73 88
79 87 22 83
78 98 25 93
52 64 73 74
79 26 78 24
76 51 66 97
36 31 32 34
14 31 5 21
26 27 23 10
96 33 73 68
4 0 87 45
88 5 62 32
21 57 56 19
41 75 72 90
63 77 82 41
27 49 14 29
95 18 51 88
33 9 97 10
87 32 80 14
76 12 92 49
74 47 58 72
89 12 18 32
80 54 74 84
34 32 20 45
53 85 98 14
30 12 34 37
49 2 64 21
62 26 36 35
13 69 11 73
76 86 29 55
45 30 98 47
72 46 69 68
90 88 9 85
75 49 86 40
11 59 53 14
69 71 81 66
35 62 69 76
87 72 94 12
2 84 22 79
86 50 92 24
51 4 23 15
34 77 50 65
2 21 19 48
26 13 21 56
54 1 16 27
38 73 9 67
74 91 1 77
23 83 29 87
6 41 51 16
31 37 26 18
5 25 39 24
64 43 71 21
89 5 43 17
83 62 21 98
20 69 1 74
18 99 15 86
6 28 70 35
3 89 8 86
28 37 70 10
35 24 44 34
80 86 68 4
90 68 33 75
50 6 41 10
86 90 89 84
16 36 27 42
65 79 99 45
59 70 72 35
80 79 87 86
100 87 99 81
8 9 16 29
53 18 100 69
30 100 11 64
52 43 52 85
66 71 59 91
18 98 7 69
90 38 26 30
15 22 38 10
64 60 69 36
7 97 90 96
65 13 98 44
32 10 83 37
59 8 21 57
71 85 75 38
63 93 92 88
94 40 6 2
8 1 28 19
42 23 45 40
53 26 94 56
96 5 75 72
66 15 81 100
51 17 5 10
67 6 15 4
99 90 70 38
64 40 83 10
37 46 26 49
83 77 16 86
6 21 11 54
46 55 53 79
29 90 70 78
13 9 50 15
72 33 9 26
42 0 4 23
60 69 66 50
93 48 54 75
63 93 96 98
24 44 61 23
53 39 40 1
89 11 98 89
10 86 86 91
3 45 89 2
19 45 38 17
96 27 95 23
69 70 6 87
59 65 70 85
44 89 95 76
84 67 62 83
91 91 89 11
8 90 82 57
28 58 20 86
60 75 36 60
8 5 83 12
36 62 24 67
8 50 32 6
76 30 2 21
3 89 19 92
49 60 52 73
63 23 84 40
5 56 18 57
93 79 60 14
30 40 75 33
26 49 5 51
4 35 11 41
41 82 65 89
14 94 54 79
87 24 13 19
14 27 24 30
9 69 63 71
78 56 60 25
14 44 29 0
84 13 77 12
50 71 28 96
72 7 9 50
49 23 17 20
66 62 75 100
61 99 78 93
53 71 75 82
5 12 17 45
29 65 29 62
5 24 93 7
13 21 19 4
85 26 84 79
95 90 96 33
49 25 90 12
49 64 16 96
26 8 33 13
77 83 16 91
10 1 28 28
45 64 66 90
14 83 1 98
80 57 36 3
71 49 88 98
86 7 86 54
44 27 47 15
49 86 51 86
56 100 89 22
78 79 41 91
36 41 99 0
79 61 73 86
17 60 22 36
38 93 34 77
42 63 91 75
61 17 71 94
13 91 8 79
66 86 75 25
25 77 73 84
12 35 17 54
77 69 65 100
16 15 35 48
79 49 85 1
72 85 83 14
15 13 74 31
4 24 56 17
40 0 23 4
86 59 99 49
97 41 39 18
60 3 0 70
32 99 76 87
90 83 84 63
28 40 4 4
54 60 45 53
1 74 47 56
72 16 77 12
87 62 40 72
22 12 36 39
51 88 68 96
95 60 87 37
90 25 82 83
35 77 24 81
64 71 50 96
58 17 97 23
69 30 73 86
9 38 15 20
0 35 33 26
75 20 23 12
25 31 71 20
96 57 30 74
96 36 90 83
5 94 28 84
94 40 60 17
38 38 44 4
34 68 72 85
72 87 100 15
84 21 100 90
76 28 17 17
53 25 20 27
71 79 68 9
57 22 37 12
15 4 97 10
87 56 75 86
29 24 55 12
55 85 54 84
84 13 84 5
80 96 97 97
54 17 5 65
98 18 87 8
7 28 59 22
91 44 52 95
36 17 6 26
95 96 53 72
51 82 89 54
98 25 8 26
57 41 49 63
40 9 40 35
84 74 22 73
50 89 68 69
47 59 23 96
14 61 8 55
37 90 86 39
12 64 76 69
92 73 54 5
57 29 50 39
81 74 87 53
82 26 29 38
44 13 34 16
20 38 22 46
43 41 24 40
94 66 86 66
92 64 82 29
80 63 91 75
32 57 54 97
10 28 50 15
84 91 57 66
95 29 46 35
65 86 33 82
1 52 97 15
80 80 78 33
79 93 64 10
16 41 0 20
31 76 8 75
18 76 96 89
14 29 10 47
59 97 65 43
42 21 64 1
81 30 90 74
60 44 61 48
49 28 93 21
55 36 93 24
43 11 4 10
85 19 7 49
24 96 94 81
79 6 65 85
75 25 90 41
25 54 70 11
3 71 20 62
96 15 83 0
13 21 55 30
25 80 7 80
2 55 22 17
46 27 16 46
47 22 18 32
76 100 77 95
62 84 95 61
2 69 82 71
50 2 94 27
42 93 54 61
24 70 27 98
27 80 13 75
48 79 84 52
64 48 71 94
41 14 73 11
18 74 34 54
63 17 73 41
43 37 59 31
92 74 86 38
1 33 33 3
86 29 81 86
78 89 5 90
92 2 62 10
86 32 1 5
89 73 69 28
77 39 73 90
81 8 74 86
43 73 95 59
68 12 100 35
89 1 65 27
63 29 76 50
63 8 40 14
61 88 32 62
59 79 82 40
83 62 64 59
47 63 37 75
29 1 53 22
64 27 84 70
63 17 93 100
74 62 87 15
1 89 98 97
54 81 89 79
61 32 11 45
76 1 79 94
81 7 6 42
94 42 65 6
60 99 64 66
71 54 55 80
3 68 63 36
15 32 87 10
81 57 4 95
44 24 68 39
49 75 51 78
88 100 94 7
72 40 69 0
67 16 80 39
33 10 98 34
71 64 79 62
41 9 7 40
100 72 56 93
72 95 51 51
69 8 90 49
91 10 78 27
5 100 1 22
50 80 83 37
67 8 38 37
22 7 98 42
90 81 69 65
8 69 64 87
29 97 94 63
38 22 38 9
97 18 75 68
75 74 28 76
47 44 20 21
20 22 44 46
97 49 54 27
100 93 69 53
45 17 61 26
6 7 37 16
23 36 27 55
55 69 67 63
17 99 35 87
75 19 8 1
80 26 70 5
93 77 32 71
35 77 11 93
93 10 9 29
78 74 93 4
8 93 5 61
46 25 75 26
28 6 81 31
6 39 83 32
20 46 20 36
62 53 97 8
42 34 35 12
13 61 16 16
2 54 78 7
40 93 74 73
39 2 78 9
46 79 51 97
2 89 87 72
38 79 13 85
15 52 46 25
98 64 66 52
80 11 97 81
61 36 79 36
84 64 38 4
34 37 6 31
22 67 56 63
7 92 94 69
45 68 50 67
100 26 58 4
90 51 90 29
17 20 19 35
92 84 32 90
83 34 17 8
11 25 95 20
87 99 61 68
49 7 43 25
86 45 82 67
83 32 69 67
97 44 72 6
40 53 40 62
30 34 84 7
34 63 50 47
92 31 56 19
75 90 59 79
80 77 88 18
75 47 76 85
78 48 72 21
72 95 77 19
91 64 82 88
54 6 99 62
15 56 31 51
67 2 51 21
22 40 1 46
64 57 82 84
96 30 46 97
18 1 19 40
88 47 61 25
55 78 72 68
92 46 100 70
87 12 18 5
64 37 83 1
80 14 61 99
56 60 19 83
75 37 58 12
17 75 73 68
35 3 67 34
72 90 94 87
6 73 6 91
23 78 57 53
73 38 21 23
54 25 87 0
79 20 3 31
79 98 66 79
33 9 10 58
77 91 44 53
11 71 63 77
67 10 5 2
28 41 6 65
98 85 88 44
25 37 61 22
60 22 68 31
80 95 24 77
78 91 79 29
9 23 0 1
62 78 100 32
31 43 90 29
72 14 17 17
26 49 57 29
16 66 15 84
43 22 70 38
2 70 1 58
76 54 89 46
95 100 91 77
95 47 75 35
64 86 83 47
67 10 84 45
0 20 5 31
99 15 57 78
75 72 91 53
66 0 67 16
42 27 78 3
72 45 67 76
5 82 4 77
46 100 91 48
90 55 66 60
84 90 71 74
82 84 78 55
0 95 63 87
86 46 31 92
65 56 98 99
49 1 50 20
46 54 36 70
6 97 1 47
63 2 71 53
22 48 35 8
71 44 80 4
45 90 68 74
80 41 69 17
95 64 60 9
99 79 74 32
68 87 13 96
98 35 85 76
50 0 52 40
22 11 3 15
83 20 96 90
33 82 53 59
69 32 90 38
81 2 15 41
67 88 56 99
41 14 97 30
90 35 55 11
58 36 21 27
69 24 64 48
60 67 99 86
60 34 6 50
84 87 70 58
3 63 7 89
85 39 58 4
61 49 43 58
93 33 39 89
62 30 93 8
75 33 70 7
95 11 7 15
86 58 49 90
81 60 79 39
38 35 83 12
87 71 63 75
78 49 49 94
17 8 39 39
76 91 65 87
0 80 45 46
58 45 14 71
15 72 47 69
17 47 22 49
15 25 40 14
4 56 60 23
36 67 51 61
94 40 53 81
14 47 79 30
63 58 65 41
46 14 38 19
58 85 95 70
40 32 26 13
64 77 65 49
91 55 65 30
2 58 59 1
80 5 82 21
85 80 65 56
39 7 9 20
96 18 11 41
67 97 87 3
96 79 9 95
60 71 3 93
29 6 35 19
8 62 36 33
83 30 71 49
69 70 98 20
77 37 95 25
73 81 68 24
39 16 4 56
97 78 14 89
24 8 51 12
65 100 72 30
28 58 49 80
67 51 92 78
51 84 79 55
3 45 7 84
63 78 34 70
90 88 37 67
92 95 13 80
68 66 80 53
85 40 19 19
64 8 30 6
8 95 49 87
43 91 46 66
52 41 69 12
40 79 21 65
90 70 58 9
94 44 73 46
88 83 28 77
75 94 99 59
69 61 92 19
5 86 35 91
76 50 88 27
42 8 38 4
0 34 23 29
22 39 68 30
33 69 34 84
58 78 17 68
85 50 32 94
79 45 80 18
33 54 40 92
9 55 23 53
9 22 16 16
80 70 94 20
80 4 39 20
65 30 24 9
71 19 78 1
68 37 53 19
96 91 91 75
57 51 1 81
26 99 87 85
75 32 56 20
99 69 47 71
40 84 51 90
92 50 59 4
77 82 51 100
2 15 23 52
50 98 32 74
38 73 71 80
19 5 28 37
17 94 41 73
18 87 95 60
41 2 84 16
65 91 81 72
49 61 36 51
60 73 44 67
52 57 45 48
63 51 94 94
68 99 89 80
44 57 45 64
91 11 79 87
5 6 87 33
74 66 92 33
98 49 100 37
32 65 15 65
64 0 70 15
85 52 62 95
49 12 87 58
95 90 27 69
20 90 87 52
42 72 35 99
75 5 79 60
56 3 99 60
24 20 76 23
75 7 21 55
86 17 95 3
89 8 4 39
33 20 5 59
73 14 63 88
81 65 73 3
23 26 6 18
83 90 71 80
11 71 68 98
86 92 42 72
87 78 32 93
48 7 72 7
82 49 81 38
95 65 58 14
88 33 99 64
80 71 95 45
11 62 72 14
18 64 68 74
52 95 8 72
74 11 64 16
94 83 24 63
10 25 49 25
91 56 34 81
90 19 78 27
97 5 65 65
60 69 60 98
99 26 28 39
61 21 94 49
4 92 58 55
63 90 91 79
44 69 27 80
65 8 87 96
65 71 90 90
79 28 74 67
36 66 40 52
23 28 33 10
54 90 70 28
79 100 43 64
74 73 79 29
76 70 85 32
44 34 38 46
9 93 37 70
2 11 14 13
99 11 25 30
39 40 41 11
