1000 100 100
12 90
31 84
62 47 36 97
87 30 53 26
59 41 28 65
83 86 20 17
90 91 100 12
82 28 11 99
35 38 26 35
28 25 13 11
9 94 86 54
34 22 10 37
17 31 88 47
39 26 70 73
98 42 41 41
27 23 38 29
17 58 36 0
9 77 2 60
89 17 49 23
99 4 74 31
62 55 22 81
44 96 17 59
46 85 78 18
8 78 3 75
26 79 52 56
56 82 72 18
31 34 38 7
75 0 49 76
98 25 87 19
40 58 44 10
92 37 36 4
30 98 4 59
75 73 9 65
81 49 72 22
4 29 38 85
2 33 24 17
25 24 77 0
52 50 86 40
36 56 55 9
49 85 93 65
20 72 77 22
14 56 39 19
77 82 41 53
86 61 3 15
56 18 87 82
66 88 7 31
93 97 25 45
59 46 96 37
87 50 26 9
20 51 79 86
40 38 38 50
91 87 19 46
46 8 41 69
1 19 28 17
7 32 1 50
77 33 64 100
44 82 71 58
67 24 95 33
19 44 17 60
45 67 58 12
14 2 17 16
6 85 68 11
87 50 60 8
92 71 16 52
62 66 44 31
26 55 93 29
14 61 18 67
89 52 18 62
20 72 91 83
79 99 57 17
29 39 0 17
88 4 40 18
25 71 8 7
21 52 89 37
83 21 78 15
77 40 82 69
32 35 39 84
21 18 69 33
75 37 48 50
68 0 82 19
26 82 69 61
72 96 68 13
51 88 67 73
72 75 86 77
94 4 45 54
46 88 9 95
0 66 93 64
73 58 85 52
64 76 59 69
88 50 11 13
46 16 10 77
76 16 20 20
84 62 85 19
44 94 78 84
33 10 65 5
40 53 24 52
27 81 25 63
95 9 68 32
11 92 75 49
72 6 2 7
77 91 32 96
98 64 18 4
17 46 83 55
71 35 1 20
50 61 2 37
67 52 31 44
79 98 6 52
79 13 14 22
42 29 28 76
91 28 38 98
17 86 51 79
83 81 48 80
81 90 54 20
79 40 63 72
30 19 53 9
20 24 97 10
77 93 33 50
91 43 86 80
8 37 90 40
52 13 47 27
48 50 59 16
82 43 72 21
80 53 79 71
60 40 50 31
24 9 17 74
73 92 57 58
89 92 76 59
34 29 20 47
22 64 34 34
56 83 22 35
10 71 19 19
16 28 45 35
71 99 17 89
42 91 6 9
46 30 71 31
22 33 10 15
62 40 12 18
8 70 9 8
1 65 8 34
63 36 25 43
39 13 86 1
85 36 96 56
49 6 64 13
79 81 3 8
20 8 47 1
37 62 6 81
37 93 39 50
81 64 49 21
8 91 91 83
69 85 24 100
56 75 84 52
99 38 2 20
29 26 78 53
76 77 53 43
87 89 35 72
4 100 39 72
79 12 96 7
23 96 29 78
86 9 54 44
57 10 30 39
29 50 87 8
35 4 55 23
96 21 48 13
48 69 33 95
53 61 72 10
27 2 7 37
61 57 78 34
82 1 11 31
90 65 54 91
63 88 93 61
78 3 63 97
41 18 40 91
65 65 81 65
43 81 45 26
87 63 50 38
18 97 42 95
52 57 99 76
31 18 10 88
80 87 92 51
18 8 48 19
24 20 64 31
75 37 31 41
23 49 48 100
84 3 18 1
77 57 44 24
92 94 70 0
73 42 90 11
42 88 52 41
13 20 2 50
8 88 91 11
54 17 34 65
2 15 27 100
57 88 32 98
0 92 40 54
7 78 54 49
68 56 11 91
67 45 35 94
17 53 36 52
33 17 12 10
42 46 89 7
55 97 60 12
45 82 16 51
60 84 74 29
55 17 63 6
16 15 82 83
37 41 39 91
50 26 83 97
61 81 27 6
36 1 12 55
76 58 74 87
49 28 34 34
82 13 17 12
36 71 50 46
1 40 69 66
72 52 47 48
97 25 94 88
91 100 57 70
23 95 41 79
89 52 50 3
25 98 78 65
13 20 60 57
41 68 66 35
11 16 32 20
0 34 3 94
97 33 74 63
61 2 66 37
48 23 69 41
41 45 49 64
84 1 85 20
23 74 68 24
34 66 15 48
3 89 49 7
43 78 14 64
100 36 83 79
7 33 73 100
54 1 47 41
13 86 98 22
4 9 50 43
53 61 96 31
26 97 56 46
57 60 36 30
53 0 89 92
85 71 23 29
93 53 69 92
46 62 97 63
92 78 59 8
95 62 10 22
66 16 46 22
30 98 69 48
24 26 83 85
6 63 91 53
68 62 26 12
16 29 22 29
25 39 66 59
30 93 97 5
37 15 88 40
36 75 12 86
8 16 16 44
90 53 83 29
66 77 20 26
85 85 8 36
41 29 2 61
83 34 6 55
11 57 22 13
48 93 40 73
49 80 10 30
24 77 25 83
84 89 56 62
59 57 5 18
49 47 14 92
50 60 74 49
6 98 62 55
79 14 64 32
77 82 14 51
44 5 30 2
19 100 36 94
33 73 81 62
6 82 86 63
75 9 49 99
83 94 69 61
53 32 49 16
20 87 65 87
11 87 99 28
0 92 39 98
88 84 59 75
61 76 91 48
74 98 85 79
8 25 56 77
41 80 74 71
82 86 83 39
23 51 25 61
4 87 75 63
72 67 11 84
39 19 85 37
49 28 47 87
76 41 3 91
52 63 89 11
78 94 80 70
96 10 30 40
98 22 16 35
100 2 57 29
91 10 11 96
52 36 25 37
77 85 42 58
89 32 68 87
36 45 94 51
60 29 71 68
54 51 43 38
30 73 4 57
91 43 80 36
97 27 13 35
41 33 72 44
92 80 92 83
54 34 47 73
45 4 70 37
2 50 17 44
96 68 13 72
11 43 2 44
95 80 48 93
62 29 28 68
22 34 24 79
36 22 60 80
16 59 76 68
63 80 38 63
5 82 98 62
22 80 7 13
26 59 79 19
72 33 0 99
92 28 86 39
20 20 11 59
10 41 31 52
91 36 73 38
68 11 4 63
9 27 28 6
14 71 56 97
84 24 98 81
84 88 62 56
15 20 24 92
91 100 34 53
33 3 21 57
43 96 23 68
14 83 17 20
4 77 26 15
92 77 42 53
44 88 5 7
76 83 22 25
29 94 8 37
30 77 31 17
71 45 55 67
66 38 1 42
50 40 5 46
31 58 85 35
16 31 34 64
97 56 100 85
99 20 77 92
7 48 92 0
17 100 24 12
1 78 100 64
57 23 87 90
67 11 87 42
85 12 75 76
12 77 51 43
50 37 23 57
32 36 57 98
44 73 61 58
74 78 67 4
56 95 74 61
92 20 91 4
18 16 36 43
24 81 97 95
94 17 73 41
99 43 90 19
76 96 61 36
46 28 62 35
81 14 2 85
68 11 44 6
42 83 0 44
35 90 41 15
30 77 54 99
22 82 23 99
64 76 64 79
30 81 6 70
91 68 96 97
9 54 26 59
25 47 64 19
77 34 7 48
81 95 42 17
29 34 28 61
69 68 39 63
48 63 44 98
14 78 72 89
56 65 87 91
84 48 59 0
30 34 59 43
70 94 72 75
55 74 99 78
92 37 81 45
34 13 90 67
55 2 64 56
12 24 82 83
31 23 8 2
16 51 28 95
69 43 46 52
30 10 74 11
28 26 91 35
74 53 10 66
29 60 2 88
41 78 46 84
58 85 46 31
95 65 56 22
77 84 3 6
19 15 86 47
49 52 60 50
0 82 37 32
1 91 45 5
12 9 55 5
97 15 8 3
38 51 69 92
26 18 88 84
60 55 60 6
37 60 4 79
44 49 80 24
74 73 26 22
54 62 22 6
0 9 45 93
93 36 77 74
4 10 55 5
48 74 21 47
47 5 50 31
88 61 48 73
3 53 13 46
59 36 3 13
16 26 63 40
79 91 13 20
16 66 0 61
83 69 27 42
25 47 59 23
58 54 76 19
21 62 90 64
58 62 98 20
92 64 25 28
19 30 95 18
70 63 58 15
23 75 54 0
19 53 12 49
38 70 10 96
100 78 64 33
22 86 42 24
57 17 49 40
22 21 51 35
91 25 16 85
72 89 8 9
3 85 40 5
10 31 44 45
70 5 49 17
10 8 59 20
8 70 38 39
87 79 45 78
28 12 86 12
19 57 17 43
48 4 55 66
89 73 70 43
15 51 53 58
97 38 82 98
85 92 56 17
60 60 61 14
83 69 98 60
96 67 54 72
66 76 99 91
76 31 37 94
13 33 72 58
79 42 48 43
12 41 35 95
41 16 36 3
25 93 41 99
74 29 19 17
53 34 96 28
10 10 12 48
48 22 68 25
98 94 79 66
1 97 14 56
9 88 90 72
34 21 75 24
30 59 57 58
2 14 21 32
6 37 93 4
38 54 50 59
7 1 58 99
44 25 68 39
85 87 67 19
83 86 23 35
14 37 24 88
9 29 43 40
21 61 73 15
15 7 85 30
38 46 27 49
43 4 32 2
53 71 32 100
75 60 78 5
31 0 2 83
17 86 77 1
69 61 35 18
41 64 6 49
52 66 19 76
27 73 96 0
57 46 51 9
4 13 15 59
18 97 3 88
10 87 42 10
2 95 23 75
43 28 33 30
21 99 66 76
87 67 91 30
29 71 35 85
32 99 21 55
24 20 55 84
64 7 92 33
29 74 30 31
25 71 10 77
64 46 4 29
93 54 1 15
6 70 41 28
8 56 69 99
90 46 76 35
53 43 7 80
20 21 57 92
75 88 76 32
3 88 85 2
63 94 85 11
5 78 15 11
48 52 18 71
79 6 73 25
58 50 63 17
47 77 74 63
80 94 38 24
36 74 55 93
88 87 99 92
40 17 36 88
9 7 91 36
47 38 58 11
62 4 93 1
57 25 16 15
53 63 91 74
93 53 87 30
39 92 18 17
81 12 74 25
5 40 16 71
62 73 46 42
6 77 34 30
48 90 35 9
52 52 63 91
39 44 77 54
3 67 80 1
87 7 65 78
59 53 22 49
99 81 39 88
69 73 93 96
89 60 40 79
86 19 82 46
83 22 98 57
4 26 41 9
78 97 37 25
66 20 37 56
94 29 22 47
99 84 72 7
67 82 0 81
39 98 75 72
7 51 26 67
100 70 46 97
17 79 77 11
88 48 2 75
79 87 13 84
42 23 27 26
68 74 2 88
59 6 30 31
0 97 93 89
85 43 1 30
3 71 25 29
41 81 64 89
77 71 67 64
66 25 13 9
63 19 45 6
70 76 84 28
5 79 3 21
30 46 65 8
40 100 32 33
73 9 98 61
29 12 81 89
53 62 62 32
74 80 7 10
29 38 44 1
42 87 26 72
95 43 52 61
37 100 55 82
24 8 7 48
54 31 40 86
24 3 2 34
72 85 33 78
90 87 46 45
67 45 59 78
22 42 40 48
74 46 95 62
37 9 28 50
28 43 10 16
19 63 84 9
51 15 28 38
53 24 95 35
21 78 16 64
30 79 48 7
34 6 39 36
27 48 70 0
34 31 71 27
57 79 7 73
31 58 32 41
60 90 70 14
42 37 55 74
19 25 37 52
29 47 18 64
26 80 35 29
83 87 1 20
88 50 35 68
46 66 0 9
96 35 81 44
77 27 78 53
41 46 43 13
42 5 41 48
38 5 88 84
91 50 43 66
1 43 80 47
13 73 66 6
53 72 29 96
81 81 65 96
37 35 97 53
6 91 39 76
34 67 45 4
48 72 59 66
46 78 43 96
37 94 15 95
20 64 79 23
49 12 100 40
0 62 63 43
26 51 10 58
69 72 1 82
18 59 86 0
100 32 66 17
71 57 26 38
88 60 70 85
10 67 64 21
43 73 75 41
36 60 32 19
95 70 17 18
78 46 98 6
15 85 30 32
10 63 32 99
6 68 16 18
97 59 32 58
50 38 58 86
23 63 10 49
34 35 41 65
90 70 46 81
61 91 45 73
28 45 67 4
94 51 66 38
89 9 64 9
44 100 87 67
66 95 34 67
99 3 24 20
72 23 63 78
45 75 37 9
96 42 78 37
100 60 8 60
61 34 30 1
92 20 23 48
61 46 20 18
72 43 39 92
23 8 73 25
78 92 37 11
39 3 81 97
23 28 55 86
12 71 89 65
56 2 47 81
85 21 91 74
22 57 7 36
100 12 6 83
1 8 42 50
91 80 80 21
34 66 2 82
86 43 58 86
50 40 14 10
56 50 88 59
28 21 7 7
69 9 0 45
98 34 88 70
67 65 25 7
84 48 88 54
5 41 15 88
62 43 37 96
99 19 48 53
97 86 28 28
39 43 14 51
25 38 97 35
41 11 19 24
97 80 45 73
14 85 13 68
17 74 79 17
49 31 65 32
71 35 45 22
79 52 81 82
100 16 9 83
78 24 21 42
34 53 35 71
83 30 83 22
79 45 51 16
16 68 56 11
64 18 59 89
93 80 94 95
6 48 61 6
53 51 42 35
50 40 100 57
38 79 4 7
33 84 51 77
63 87 4 67
4 30 54 73
95 64 58 98
34 64 76 60
6 96 22 50
19 70 97 56
68 34 23 77
77 69 71 72
58 33 77 20
28 46 35 4
67 15 35 62
53 85 41 34
68 71 56 89
17 94 61 69
11 26 74 20
29 32 30 23
53 98 42 31
45 31 27 10
40 95 25 16
58 67 21 97
80 65 1 42
47 84 30 94
94 23 24 94
48 96 61 6
63 23 19 56
59 10 84 44
90 47 9 90
76 12 100 95
24 11 1 44
62 84 80 50
34 41 81 45
29 43 39 27
44 81 77 33
95 35 76 82
77 23 45 48
30 82 93 30
27 99 47 10
77 16 68 55
20 57 89 64
44 19 18 35
37 7 31 87
21 18 30 51
98 45 61 87
44 49 47 32
73 57 36 3
0 78 28 47
43 60 59 28
58 48 1 83
84 97 17 26
10 31 71 55
52 50 18 30
95 14 33 78
100 49 0 16
53 47 9 27
59 17 25 39
64 14 91 82
47 49 41 60
38 71 0 33
8 23 30 75
92 5 60 40
36 2 91 81
49 65 2 52
48 83 78 47
14 81 86 6
93 20 72 38
50 79 94 39
34 40 41 53
32 24 90 75
13 71 14 91
7 79 64 89
78 50 88 57
2 100 46 6
75 19 27 32
93 8 61 48
30 2 80 60
47 52 81 54
100 35 5 74
19 67 43 37
99 52 24 29
100 28 84 19
84 75 28 25
41 1 36 90
56 38 60 33
79 74 13 71
34 7 98 12
20 99 73 6
2 79 89 67
67 76 97 28
54 65 76 77
6 22 8 21
58 65 8 30
33 71 90 43
89 27 1 18
22 100 55 86
93 49 81 65
65 85 54 64
52 42 71 69
89 13 2 71
10 67 65 90
44 31 78 78
84 46 1 16
13 23 1 52
0 15 4 96
8 30 55 36
78 98 69 35
46 10 74 100
3 95 3 47
43 16 39 21
16 81 10 24
43 89 7 48
56 21 20 65
32 31 91 89
65 25 56 99
89 23 5 84
2 31 81 35
85 43 38 21
33 45 30 77
38 58 56 24
80 74 43 43
6 81 34 18
25 9 31 50
56 35 5 16
23 48 97 53
49 34 98 69
80 17 65 40
18 4 63 45
89 57 22 51
64 98 9 7
4 73 18 94
52 65 10 44
85 70 90 16
23 73 94 29
21 89 13 55
84 93 46 77
65 66 59 56
40 69 22 86
11 77 54 76
71 87 77 36
56 41 59 96
98 69 85 49
17 76 43 43
73 51 45 99
23 91 80 68
29 33 97 35
16 69 4 57
41 88 83 73
37 74 98 4
97 2 53 96
95 40 34 46
14 4 97 29
35 84 10 95
34 57 97 81
87 57 51 49
46 41 50 32
20 47 28 14
57 2 27 14
35 20 11 91
50 86 75 61
92 10 77 97
90 32 7 57
33 81 61 60
90 59 26 3
39 100 52 38
79 79 96 13
34 99 73 29
66 68 58 5
96 67 47 55
90 50 65 60
65 57 38 15
36 96 57 37
29 84 78 90
48 49 8 3
97 23 9 88
95 24 70 40
80 96 32 98
12 75 70 15
69 99 87 13
4 0 78 30
48 44 60 5
28 40 55 68
62 40 29 14
45 0 49 64
55 30 18 81
36 14 100 63
78 50 4 94
93 33 43 95
88 0 6 45
89 59 67 77
85 9 16 16
39 97 88 51
82 8 35 95
97 93 88 66
79 18 67 16
51 61 56 99
27 25 88 19
92 82 47 21
6 35 90 16
76 35 94 99
36 6 8 33
37 61 67 36
26 17 47 39
5 78 6 26
68 8 61 99
9 7 89 70
21 38 89 99
57 35 74 17
33 73 96 36
30 57 38 96
9 11 63 36
4 24 71 15
49 80 29 52
42 87 58 12
6 4 57 35
12 74 80 64
58 8 75 10
44 34 76 42
72 68 48 32
19 16 22 42
91 15 9 18
79 69 94 45
6 82 12 10
56 19 8 23
98 67 37 82
88 64 40 27
28 3 32 97
92 70 37 95
72 86 90 56
44 0 23 73
25 2 1 74
75 83 35 22
28 16 91 17
70 55 3 37
85 74 11 41
13 11 66 28
67 74 35 37
65 28 65 51
87 32 21 41
27 60 12 56
65 64 2 46
22 37 84 43
37 84 24 49
13 52 28 38
97 7 93 97
36 31 58 28
11 76 11 47
30 50 84 59
12 70 4 47
36 79 54 85
17 100 98 3
80 72 58 37
42 84 52 70
57 2 58 78
95 65 8 61
71 49 81 61
30 99 73 83
50 75 93 86
84 50 68 25
17 29 83 93
69 47 87 85
70 58 75 100
76 19 78 77
87 47 23 93
72 64 2 39
90 77 32 73
5 29 58 13
36 22 61 45
65 91 36 0
21 15 50 56
44 95 88 1
23 83 15 52
57 84 50 72
20 66 88 25
86 71 98 76
92 81 83 27
36 45 54 2
41 42 92 5
96 15 0 47
33 64 14 96
20 81 89 45
83 32 42 52
7 65 47 91
