1000 100 100
47 37
63 22
89 25 24 51
62 45 23 42
88 17 51 30
82 13 77 77
50 75 37 85
54 94 2 4
27 86 25 85
64 5 51 9
76 31 5 28
88 43 19 46
58 42 20 97
91 52 48 61
57 11 69 92
87 13 25 42
40 99 4 6
46 67 64 84
61 87 56 48
69 98 78 100
42 0 11 44
74 16 5 57
52 36 95 61
24 54 23 37
26 86 79 76
52 12 62 37
40 73 55 72
66 57 50 59
5 26 57 30
30 7 84 26
18 96 20 21
74 65 6 56
52 38 86 73
21 34 94 80
68 38 65 9
25 33 58 57
91 44 87 31
40 73 74 52
15 74 4 62
57 70 85 49
46 92 60 31
93 95 59 0
13 51 96 69
9 31 100 52
78 53 24 63
27 29 74 11
13 97 80 86
77 51 80 1
49 71 92 96
67 8 96 46
84 94 2 80
18 70 25 61
81 35 31 77
0 49 15 74
55 49 19 88
78 20 69 9
68 51 88 25
18 24 74 36
67 90 1 64
5 34 82 78
76 60 50 2
57 8 44 24
79 28 3 93
13 57 15 17
94 26 13 90
2 43 100 13
40 22 60 7
12 62 86 89
96 49 76 12
78 5 30 49
50 88 83 22
80 58 85 1
5 6 91 19
3 33 82 88
37 68 19 56
97 37 52 23
58 27 91 30
32 92 37 36
60 11 55 72
64 13 46 96
20 38 92 78
56 18 79 38
80 20 20 51
73 75 16 68
95 49 81 43
97 32 50 87
97 26 20 35
61 94 41 44
93 90 30 69
55 61 18 52
0 25 2 80
42 65 44 59
92 62 58 85
87 28 0 22
100 85 86 53
45 82 80 87
88 76 57 76
38 44 42 41
34 26 0 92
76 18 92 63
9 53 32 56
36 87 33 7
10 61 62 72
11 99 41 11
50 62 5 40
93 45 68 19
1 61 62 96
7 53 62 65
34 41 41 94
43 58 55 95
0 15 25 8
95 51 37 10
99 18 3 55
33 23 79 86
77 54 56 17
60 71 69 89
99 40 4 76
47 35 74 29
91 56 19 64
4 4 27 97
77 16 99 9
41 76 14 27
71 67 57 2
100 37 16 78
52 90 3 79
48 27 40 25
47 2 42 75
93 19 22 49
76 99 30 88
86 84 63 44
25 17 47 66
7 94 75 32
36 36 90 9
85 24 53 87
90 51 20 78
20 24 52 2
38 1 25 91
86 33 62 71
65 75 26 93
64 44 17 38
65 31 24 62
27 19 38 91
48 1 25 74
47 51 20 12
15 33 24 55
36 83 27 53
64 18 97 14
58 47 19 20
84 11 15 11
76 55 0 51
6 75 51 67
60 26 8 23
49 36 47 33
6 96 61 37
33 31 75 92
19 14 72 92
91 0 87 10
64 38 77 67
40 20 85 98
37 19 4 68
29 40 42 66
49 19 66 18
22 44 89 6
39 16 69 90
3 45 78 78
96 16 40 91
22 96 26 70
45 5 88 85
81 2 75 24
50 17 56 100
27 17 31 16
90 76 69 2
14 85 53 71
22 17 53 39
70 70 17 3
93 16 46 51
44 18 23 94
36 41 43 36
40 29 81 25
25 44 78 60
54 24 77 86
20 48 43 38
64 53 48 76
75 42 73 0
53 33 21 75
46 83 11 16
93 53 12 73
49 35 43 80
15 91 78 46
93 8 54 78
87 72 63 1
76 80 35 48
92 52 95 48
79 22 21 27
3 57 6 25
23 5 52 90
26 38 36 13
83 63 52 15
6 0 39 8
8 21 32 54
29 10 37 40
4 10 67 22
12 37 28 20
82 6 2 30
39 58 3 8
41 10 46 70
71 15 73 46
95 46 86 71
38 92 8 16
29 52 41 68
46 20 34 46
79 56 67 97
85 11 57 77
8 84 59 10
11 44 88 43
15 61 41 42
74 95 7 68
50 32 38 49
58 74 6 31
82 82 96 5
10 20 53 87
58 33 77 89
39 26 67 53
65 56 17 33
98 41 6 91
33 46 54 18
57 10 19 31
63 89 19 76
96 6 69 64
0 11 69 77
16 67 73 7
87 65 99 33
5 80 89 77
33 32 12 25
34 37 34 7
29 7 73 3
8 69 75 20
97 59 42 73
35 40 8 36
5 6 23 12
60 92 17 73
89 93 46 5
13 52 62 32
78 10 44 20
94 37 97 43
47 25 41 61
60 63 20 56
27 89 71 66
11 61 33 75
78 63 62 17
46 0 3 87
20 68 100 86
87 8 63 26
100 91 39 17
26 84 48 2
98 8 23 91
86 64 14 15
33 13 14 47
29 73 53 37
63 15 43 95
2 2 41 34
27 98 18 73
8 60 23 29
62 79 39 24
52 63 59 18
25 27 46 3
80 21 80 50
19 84 49 14
40 89 2 30
54 71 92 61
84 75 18 4
38 72 17 40
77 44 78 2
14 52 16 14
56 59 82 39
81 44 64 68
76 41 58 61
33 17 30 97
55 40 21 25
47 98 97 33
40 98 17 66
49 92 95 48
63 72 79 74
10 43 52 30
32 63 83 61
50 38 66 94
72 36 37 11
80 83 59 63
60 51 14 81
43 67 12 4
85 78 16 28
93 81 30 47
94 27 29 15
33 40 73 91
17 25 53 23
82 3 99 19
30 79 96 44
28 5 1 53
44 73 69 15
46 37 39 15
54 97 42 26
1 29 13 64
48 67 50 45
34 38 70 29
14 47 86 72
63 11 88 80
92 69 15 44
7 8 79 17
13 54 27 91
12 30 1 28
88 16 43 45
44 17 62 43
62 60 60 97
21 31 59 5
85 45 25 36
73 31 73 62
40 34 43 4
23 2 70 19
73 41 31 9
19 87 99 61
7 65 60 97
36 5 35 45
66 70 45 86
29 76 2 33
56 26 10 0
16 43 94 27
10 23 96 75
43 75 88 53
99 77 77 9
49 14 1 64
33 11 20 21
32 10 77 72
40 90 23 59
28 51 85 47
67 96 59 41
39 52 60 39
8 99 63 88
39 70 23 74
79 29 91 27
48 56 63 86
20 84 87 91
32 49 85 79
99 35 69 44
51 5 35 3
27 9 46 73
37 13 36 97
14 99 90 23
96 6 63 45
34 85 0 83
25 46 6 99
31 65 58 15
87 94 50 53
57 96 32 31
13 35 70 55
41 83 22 30
33 12 69 48
24 99 27 55
65 4 55 19
41 39 61 7
79 14 53 88
45 33 33 32
27 25 18 78
77 62 19 88
60 67 48 67
95 2 67 82
55 25 82 90
94 28 95 93
2 80 7 0
87 54 85 35
24 67 31 29
29 12 92 7
26 22 22 14
69 88 8 18
34 65 87 7
16 27 7 82
17 68 13 23
89 97 96 21
18 8 97 56
67 59 53 64
62 87 95 53
18 10 37 62
28 64 17 64
46 94 12 95
90 87 3 65
57 78 60 34
6 55 92 55
83 74 29 85
48 69 85 63
97 35 40 60
42 23 9 63
97 83 6 77
49 50 69 95
28 46 38 88
77 32 26 36
49 6 81 11
0 53 89 59
69 14 16 80
42 29 13 11
59 58 7 54
24 85 89 66
99 42 15 8
80 78 59 31
76 7 78 33
15 7 85 33
63 28 97 29
92 13 48 29
15 70 100 34
20 14 61 54
17 34 41 82
20 44 100 26
95 81 46 48
80 39 22 49
31 49 24 90
90 80 80 74
91 42 57 25
80 32 39 36
34 41 16 30
45 91 3 36
86 28 52 59
64 80 97 38
10 79 31 31
63 79 20 100
28 85 38 76
34 1 0 93
37 25 46 76
63 1 30 97
8 59 14 77
81 74 93 59
79 0 34 75
33 59 8 26
53 4 62 55
67 43 58 27
99 69 65 71
77 10 68 34
97 29 71 74
36 43 47 13
20 77 14 46
90 43 81 35
86 10 78 18
76 7 44 66
89 78 24 48
15 24 70 15
66 25 40 50
58 27 49 66
100 34 87 49
32 94 86 65
83 100 68 13
6 62 61 28
9 37 76 52
70 89 3 37
45 78 60 70
15 61 11 39
55 72 21 97
1 86 27 43
12 13 31 49
7 93 59 41
11 7 46 39
92 34 85 3
6 38 40 62
81 22 91 48
11 38 93 50
66 97 55 57
3 36 7 65
30 46 47 95
51 40 25 13
35 91 17 70
3 72 4 81
29 75 33 23
89 64 81 65
65 21 23 94
22 95 71 23
52 60 52 79
13 21 83 100
11 89 83 77
69 23 76 17
93 97 8 32
95 60 21 100
84 34 14 53
89 53 24 67
97 43 13 41
27 74 71 87
93 83 44 100
33 90 96 22
2 12 51 96
30 69 97 60
33 25 38 59
24 67 100 39
31 79 76 7
68 48 89 5
79 0 54 97
64 65 88 52
43 88 0 47
94 35 26 7
12 6 29 4
88 77 37 36
30 90 14 9
81 31 83 68
71 15 89 100
0 8 95 21
56 33 40 74
64 70 69 31
58 43 36 5
33 39 46 8
31 43 52 64
1 34 56 83
79 29 36 26
87 66 37 64
32 12 30 6
11 43 97 78
11 37 25 99
77 35 84 77
40 84 17 99
39 20 71 81
78 60 87 63
52 60 6 77
17 39 18 75
78 74 69 55
42 82 62 0
18 55 13 45
93 40 52 5
61 34 23 26
64 47 24 86
57 43 25 12
8 66 77 31
62 32 22 10
65 51 35 63
89 42 30 69
84 21 37 12
93 27 53 34
35 19 85 91
29 58 38 17
76 56 79 93
27 60 28 77
67 19 82 5
61 82 81 79
99 7 70 41
27 91 0 25
95 37 95 86
29 57 88 66
42 5 60 14
37 75 98 34
85 55 9 87
58 80 60 77
36 54 56 43
66 71 2 9
100 63 18 74
14 89 84 94
5 81 81 39
79 84 1 1
94 88 92 54
22 1 96 9
77 86 15 95
59 97 58 49
91 1 50 95
44 58 29 43
23 64 62 55
45 60 36 58
17 14 52 13
86 94 62 73
19 7 41 36
29 82 81 11
10 94 86 16
30 75 84 11
52 64 7 16
70 90 44 12
76 81 75 99
92 96 28 33
75 56 27 20
34 24 82 31
19 6 58 45
25 93 99 29
50 12 7 70
57 68 78 2
87 10 10 18
79 95 91 14
5 70 21 13
75 39 74 0
59 42 100 11
0 19 42 54
39 59 95 15
19 47 61 7
82 100 50 1
39 42 7 19
43 24 98 6
68 98 16 3
48 64 85 41
65 95 98 90
97 61 10 97
73 41 92 21
22 70 16 98
78 73 55 87
71 96 31 25
75 87 95 59
75 36 48 68
70 13 79 22
10 36 25 45
7 85 92 87
80 40 92 6
38 29 19 45
73 61 7 21
77 99 30 91
64 13 60 65
96 7 63 74
48 53 37 22
81 42 17 27
24 65 30 3
53 79 96 41
36 12 92 63
2 65 7 21
41 49 97 25
62 72 55 54
31 24 35 36
87 70 59 51
71 61 74 6
26 78 85 13
6 67 83 41
40 76 78 98
91 56 10 67
44 88 21 11
65 73 72 77
38 49 29 26
45 55 53 64
46 10 98 14
21 86 6 22
18 66 80 59
30 96 15 9
0 57 73 28
32 90 17 68
0 56 67 42
30 13 17 24
18 54 61 60
96 98 50 0
2 84 10 4
69 1 6 4
60 33 54 56
27 47 68 33
53 85 47 23
20 96 81 64
80 18 42 1
62 55 86 77
43 49 27 95
75 75 89 66
28 72 80 71
36 91 21 58
49 57 60 11
35 42 62 64
59 30 78 92
31 56 60 23
73 26 53 50
93 75 3 9
70 57 49 4
93 83 58 3
61 82 25 32
93 38 29 73
8 48 99 94
9 72 2 49
31 97 73 25
74 85 66 65
77 23 96 14
56 99 96 4
54 43 89 0
92 57 23 96
15 48 88 19
91 97 53 41
18 84 32 3
81 80 95 4
47 57 7 47
53 55 60 73
33 95 62 90
56 11 77 68
32 42 9 17
61 52 43 73
23 79 84 73
3 24 32 76
23 94 43 10
59 41 12 40
29 97 35 48
52 33 45 8
24 22 94 47
15 91 16 6
46 32 32 21
6 35 37 40
37 14 35 44
33 17 6 28
35 69 9 75
9 20 50 19
29 93 52 78
92 2 14 72
7 42 0 91
47 31 96 65
61 15 2 57
69 3 86 81
24 32 40 44
53 1 14 39
2 86 9 35
36 1 45 95
27 51 29 90
80 67 12 38
35 84 93 66
46 36 87 94
51 44 28 70
37 54 65 61
35 79 39 10
58 63 0 100
75 31 32 12
87 45 71 32
35 80 93 66
90 24 59 55
14 73 51 44
100 85 81 95
32 57 9 37
54 25 29 75
72 46 30 28
76 98 85 42
85 51 10 70
21 68 96 97
23 50 25 53
12 78 15 89
66 18 88 98
71 20 44 1
95 87 55 1
12 2 39 4
87 36 14 49
74 88 62 23
69 52 16 83
74 34 8 18
99 97 38 84
87 99 2 11
28 16 69 65
83 67 6 26
49 79 91 78
99 61 66 51
30 3 67 1
55 35 38 84
19 56 56 85
19 90 66 1
25 0 57 94
5 61 53 84
60 7 66 83
19 30 77 10
71 88 96 16
27 0 36 12
17 43 0 8
54 76 7 33
50 6 97 91
66 75 58 0
99 95 65 89
53 31 2 37
51 74 51 43
97 16 49 18
14 15 11 65
83 40 68 37
70 31 19 78
100 28 15 31
52 37 13 29
34 98 65 56
10 79 36 56
25 97 23 86
56 16 78 52
9 1 5 16
11 61 22 36
52 25 88 63
1 30 44 4
24 6 45 68
72 88 29 44
51 69 40 52
33 41 51 52
34 88 21 15
32 49 72 38
60 80 64 17
26 42 4 60
40 56 68 72
78 91 54 8
30 47 66 57
82 69 6 53
94 26 58 86
45 38 19 34
49 71 81 29
97 72 60 36
28 75 85 54
34 80 32 39
30 47 18 82
33 12 42 55
25 84 73 78
17 67 59 16
1 66 47 77
64 37 22 81
47 49 10 62
26 86 0 98
55 92 48 81
17 50 90 34
54 21 43 53
72 94 66 21
66 84 18 16
2 78 17 41
84 31 4 27
94 11 55 13
86 76 57 54
0 75 85 99
62 83 77 86
56 26 38 44
2 87 57 96
46 73 6 64
47 80 96 66
36 32 65 5
61 87 77 14
45 19 14 23
43 40 16 51
6 38 41 46
9 68 12 18
24 51 6 47
61 70 46 24
92 13 38 82
90 96 46 47
5 97 49 5
95 71 70 60
60 30 85 92
74 62 43 63
56 67 97 79
30 68 26 2
39 83 60 72
7 43 2 95
54 69 15 68
80 22 75 79
46 25 9 37
81 49 31 43
88 37 10 8
10 69 18 99
82 49 49 0
11 61 19 21
4 54 72 97
43 65 83 77
91 20 33 90
85 37 44 74
27 92 93 9
38 47 13 80
31 39 26 46
92 61 73 44
25 23 63 53
33 36 26 77
80 23 65 77
70 92 69 16
100 36 43 37
26 76 44 85
10 53 41 97
3 97 20 34
72 92 53 45
20 1 65 98
92 12 34 61
75 26 62 9
15 83 28 27
92 70 77 15
37 54 64 27
82 62 78 35
50 37 22 77
21 9 90 0
93 15 52 3
99 100 12 86
44 71 39 31
73 46 41 18
7 43 54 67
32 79 66 56
14 3 9 40
8 51 62 56
42 91 90 97
18 83 68 76
20 64 45 41
37 13 42 68
9 93 64 93
69 30 99 11
25 64 91 31
64 45 67 65
69 39 67 51
59 56 32 95
61 33 74 56
14 8 7 72
17 71 7 42
41 22 64 64
56 18 82 3
64 60 69 49
4 19 86 80
27 74 28 16
51 94 34 29
40 87 43 54
28 19 78 89
35 38 32 17
60 9 49 63
43 39 24 44
32 4 32 82
50 33 30 99
21 17 28 73
81 63 95 25
6 55 90 29
55 24 71 83
51 14 38 11
32 4 87 87
84 42 28 76
34 95 50 14
12 68 13 71
31 42 14 13
23 22 69 30
49 11 23 74
77 98 82 60
85 23 11 14
44 8 32 44
7 93 0 61
34 0 52 70
40 64 53 59
61 59 68 16
47 92 95 41
18 37 41 98
71 57 27 73
4 5 22 2
26 33 0 73
28 69 42 32
74 92 70 2
35 51 98 3
74 94 2 47
6 47 73 91
13 2 32 98
78 57 20 28
26 14 8 37
24 73 30 2
17 19 5 0
44 20 81 21
94 3 26 60
56 80 48 100
80 76 44 77
86 12 44 50
30 51 75 76
47 55 38 76
88 19 73 5
61 67 99 99
6 55 83 21
67 36 21 87
30 19 74 47
35 100 68 66
19 44 29 56
38 36 15 43
57 32 3 45
36 48 9 39
42 31 79 38
10 85 72 9
18 4 76 80
61 44 14 38
64 44 1 50
87 94 24 9
39 88 5 78
96 81 99 9
15 32 65 67
68 34 68 2
27 23 66 94
92 85 30 13
63 12 75 24
20 81 58 8
12 99 80 16
97 77 7 74
19 68 97 53
94 79 82 52
70 92 68 76
26 16 60 17
8 7 89 75
90 59 8 39
75 92 15 36
51 9 87 78
57 37 24 83
63 71 100 100
23 75 61 41
15 73 74 51
0 35 64 27
25 77 83 93
40 49 52 97
38 68 6 54
78 6 30 84
64 42 59 45
14 34 99 56
56 40 8 30
86 82 27 10
39 60 23 60
54 89 22 74
84 56 14 67
14 15 26 59
50 37 3 74
22 81 50 4
41 83 82 45
64 96 25 40
4 80 29 38
33 55 73 97
74 78 44 1
20 54 24 23
32 27 36 65
22 18 8 65
12 55 18 9
6 1 23 48
23 81 22 100
50 25 86 18
44 28 51 65
85 28 39 6
37 85 61 79
73 25 23 19
35 11 40 55
48 31 79 78
