1000 100 100
82 82
94 56
82 76 73 12
59 63 53 37
5 46 60 5
16 22 40 78
68 87 92 100
19 27 84 13
36 5 89 6
8 29 77 24
77 78 54 40
12 43 95 89
69 91 77 23
26 10 74 83
89 41 67 42
8 32 5 91
79 50 58 47
16 87 4 99
66 12 61 85
39 96 10 8
28 7 12 69
26 5 10 27
73 95 33 51
58 17 0 19
11 24 91 71
80 64 93 55
33 42 15 81
100 7 7 48
35 32 27 76
12 74 98 27
72 71 39 31
41 4 7 33
69 42 48 53
72 89 70 64
61 8 70 29
33 21 52 79
30 89 80 86
71 15 56 58
79 22 21 18
78 59 91 24
21 88 33 54
25 28 46 42
42 18 38 84
54 41 4 75
61 86 6 91
15 34 2 4
12 16 49 81
64 73 11 13
32 35 34 3
78 43 76 85
66 66 0 80
0 0 50 48
38 21 34 78
24 76 87 27
92 71 73 9
36 76 77 91
16 31 29 29
0 68 26 53
91 9 39 41
42 34 98 94
15 79 25 39
71 11 77 66
85 0 94 7
52 0 10 34
46 62 61 93
70 12 97 86
67 46 50 59
14 40 85 19
76 73 8 20
41 37 32 80
64 35 17 52
51 55 26 68
40 86 22 8
5 78 74 88
18 7 74 37
96 65 20 96
89 33 58 39
26 15 99 85
29 40 7 56
29 41 14 14
80 76 88 97
73 71 13 11
74 41 44 35
38 18 87 89
79 5 77 83
61 26 40 14
79 31 11 39
27 95 43 8
95 32 12 12
52 78 36 61
25 76 1 8
3 11 54 54
35 14 0 34
61 29 7 13
49 37 10 48
10 6 12 31
70 92 29 100
35 85 7 67
94 94 73 36
44 13 0 2
54 9 70 43
40 27 91 33
2 6 20 11
55 20 84 85
95 51 100 83
50 97 7 90
21 8 4 49
49 73 3 100
72 33 49 57
22 78 15 8
15 75 55 92
16 17 50 62
34 77 39 64
92 80 9 36
99 61 13 64
77 35 19 96
29 83 82 10
32 89 4 44
76 96 82 37
39 38 76 56
40 42 30 28
37 44 59 31
100 31 70 4
49 42 96 78
31 44 15 15
11 36 64 81
9 42 94 91
99 23 4 53
57 14 31 16
39 70 35 26
62 54 88 33
1 1 39 79
97 88 86 42
98 57 13 75
2 62 27 67
25 95 15 80
41 54 75 60
66 79 88 77
33 38 65 7
30 94 56 17
24 1 82 45
96 59 39 82
96 58 54 67
84 35 21 62
77 40 99 26
21 86 47 90
8 77 89 19
6 21 56 14
9 67 39 46
46 36 39 76
27 26 80 88
83 16 46 85
73 27 62 4
92 33 70 60
50 51 2 74
88 33 53 50
33 42 98 23
61 76 6 60
35 92 12 59
76 11 73 58
62 31 24 16
85 52 26 55
94 19 22 99
93 63 80 12
3 32 63 8
57 45 88 97
41 30 77 29
8 34 57 38
11 90 89 19
15 93 74 76
83 21 95 13
79 23 47 48
49 22 17 91
17 100 55 39
8 36 53 75
7 98 94 7
80 92 69 11
89 3 41 79
40 83 24 43
80 2 42 53
28 40 86 46
49 29 59 66
50 50 70 71
47 50 22 39
36 42 9 72
76 22 6 84
13 55 42 86
83 11 71 7
100 72 82 96
80 30 33 3
34 62 100 55
62 48 39 35
13 23 61 16
82 72 100 23
77 62 45 5
14 53 13 62
97 37 84 36
64 37 38 26
73 4 3 44
0 71 67 36
88 49 14 3
80 21 12 66
5 51 28 61
15 86 25 85
62 31 9 34
70 46 3 83
62 80 71 71
46 12 99 9
72 88 95 10
80 34 50 25
22 82 86 85
24 11 91 73
51 81 8 82
60 30 41 39
14 9 60 53
44 42 70 91
69 31 64 60
56 48 4 60
59 89 94 95
77 52 66 51
36 91 21 56
58 11 41 31
94 95 46 21
3 78 100 41
46 34 94 96
2 64 90 53
18 89 91 72
56 11 73 13
41 58 55 47
65 25 65 16
86 39 70 6
30 14 91 35
25 47 96 13
8 60 91 30
32 64 22 47
78 17 48 60
95 91 12 100
82 46 40 45
58 22 72 13
4 80 3 81
25 34 39 36
77 3 9 97
6 57 66 46
10 82 99 57
54 90 98 61
5 75 32 20
68 77 7 63
2 18 99 55
10 39 30 51
36 2 83 85
45 27 67 28
11 91 5 100
24 37 50 72
94 76 33 86
69 89 25 6
88 51 99 73
4 6 57 68
48 88 48 50
92 88 32 27
59 100 31 62
11 29 28 95
91 62 91 36
26 68 25 43
44 40 7 24
17 2 55 60
37 89 59 27
89 51 61 15
57 86 45 52
21 74 8 8
61 68 45 78
68 63 2 2
47 94 43 59
92 59 99 62
55 85 38 86
96 31 20 36
88 61 41 54
47 64 60 10
60 66 78 54
36 90 92 93
17 70 46 73
7 90 95 18
92 81 82 13
30 47 40 74
45 96 53 22
21 72 41 55
37 27 34 15
97 47 79 63
16 1 34 25
33 93 38 25
7 57 91 17
1 84 61 15
46 94 71 22
60 77 66 42
96 94 14 58
12 65 26 51
80 97 90 50
37 97 63 98
13 79 64 34
93 32 60 21
39 11 32 17
96 48 20 17
73 94 10 60
73 82 32 32
39 78 83 43
94 13 29 5
38 84 0 5
83 51 17 31
85 72 52 37
52 90 2 72
17 49 51 41
16 87 21 57
95 16 8 78
0 3 78 85
35 66 26 34
36 37 74 92
96 32 35 35
75 38 41 88
45 88 11 76
51 85 76 12
89 74 58 27
40 78 38 29
35 36 89 97
54 94 41 6
25 53 24 75
59 65 0 20
86 91 99 75
80 18 21 57
15 70 74 28
49 78 34 53
12 33 97 71
10 44 84 17
45 74 88 9
31 65 91 36
35 26 24 82
3 4 10 68
20 94 42 58
65 24 63 25
7 43 58 8
45 96 9 40
42 40 7 27
33 37 93 71
37 76 43 69
82 77 69 71
89 54 59 90
29 97 64 62
59 25 28 38
78 88 65 99
94 84 95 85
33 80 81 47
64 84 51 39
45 41 11 58
34 33 77 81
59 95 23 30
91 98 5 75
66 0 91 94
2 10 39 22
56 45 8 53
9 56 43 58
29 56 36 22
34 93 23 80
7 25 39 12
51 2 52 92
75 50 63 15
64 96 57 13
62 10 63 10
37 30 66 3
38 95 64 22
35 93 71 72
86 56 94 55
3 15 15 9
13 65 89 47
78 43 59 100
53 42 89 87
85 32 19 2
97 2 100 62
86 13 73 41
46 37 45 18
32 77 42 84
68 99 91 62
89 61 40 39
37 48 41 59
18 89 49 29
70 67 74 3
80 49 56 72
23 18 17 28
20 11 8 31
28 99 60 71
32 52 9 32
27 69 66 96
67 40 94 50
79 46 34 10
3 100 53 87
34 23 44 40
81 52 53 94
60 39 89 53
57 38 25 67
3 92 47 97
10 11 99 36
37 47 14 81
44 27 82 51
72 85 18 12
79 30 6 25
30 40 64 23
72 97 49 10
96 83 58 43
91 16 33 79
14 59 77 92
86 4 92 26
56 58 79 97
11 25 4 67
0 48 10 83
50 97 16 74
50 42 44 53
42 47 22 64
58 58 87 10
21 25 80 40
82 27 46 2
2 73 26 5
90 26 3 63
71 58 13 4
42 82 74 30
43 15 43 34
47 38 85 72
50 11 1 45
48 60 69 25
91 42 86 58
35 46 38 98
61 24 73 17
6 63 16 54
17 16 80 9
75 76 45 58
43 81 5 47
35 29 30 89
16 77 51 51
46 67 17 79
6 77 50 53
86 62 39 53
75 50 70 3
46 95 9 72
91 9 28 34
35 31 5 60
71 97 61 21
18 86 58 8
50 29 99 28
98 14 60 67
98 42 78 22
55 32 2 62
29 40 61 61
45 13 30 40
84 0 37 34
98 82 18 32
63 51 59 33
85 9 53 49
25 13 59 9
68 77 100 80
43 58 68 74
11 55 8 20
15 31 42 87
93 60 16 23
68 64 16 23
70 42 62 4
14 77 7 89
52 1 87 50
39 53 99 28
5 40 54 64
6 92 47 60
91 18 56 71
6 64 94 7
67 66 84 42
1 26 92 43
15 89 32 84
21 67 49 86
58 39 42 38
4 93 15 97
97 81 47 44
80 59 11 64
69 10 85 39
98 86 34 98
33 49 73 66
98 46 85 31
66 1 59 95
87 45 68 37
67 57 82 5
27 7 24 25
81 32 94 40
92 23 63 86
52 52 12 32
91 3 26 88
86 10 67 67
59 64 36 86
72 9 95 54
79 81 81 38
30 64 29 80
25 23 95 66
9 6 92 40
81 0 31 30
2 28 39 90
75 88 5 13
81 76 45 99
86 93 32 7
96 76 57 89
5 69 84 65
59 87 42 90
35 85 77 57
88 25 83 55
94 17 90 65
4 34 21 37
20 15 87 45
36 61 2 90
4 71 33 43
39 84 63 44
99 97 91 26
14 2 61 84
62 79 13 41
35 16 60 1
68 40 9 15
50 52 14 67
77 66 56 59
58 27 72 57
99 71 76 73
83 2 18 71
1 18 75 99
36 37 3 28
84 90 54 93
7 95 28 97
97 43 41 51
54 30 52 83
66 35 17 53
89 52 1 75
40 37 28 16
23 28 12 18
56 95 2 28
97 80 19 76
23 57 39 50
7 15 84 38
91 94 82 4
25 69 92 84
7 76 56 87
82 14 37 2
27 32 53 65
2 79 9 91
26 0 30 13
1 74 100 80
63 51 91 77
68 37 20 1
39 8 52 8
28 77 65 39
81 84 63 97
72 37 52 67
23 64 74 26
100 22 61 34
22 45 86 61
78 69 59 79
94 67 85 78
31 87 81 33
45 33 52 85
49 66 45 20
29 93 78 69
41 4 57 98
45 81 53 71
55 36 47 46
75 63 29 58
92 70 90 92
20 68 26 54
85 29 20 55
100 23 56 73
90 93 64 80
29 38 64 55
76 51 92 15
63 41 69 31
18 74 72 88
65 55 32 11
44 58 7 30
6 62 46 0
95 6 3 25
76 66 24 89
8 83 18 88
13 66 13 6
37 62 27 64
91 7 94 20
33 76 57 1
6 18 0 26
55 3 76 75
44 94 24 54
9 24 30 57
1 11 32 52
26 29 49 48
19 14 17 15
47 88 13 23
42 59 90 44
2 81 3 64
61 1 53 89
68 88 31 88
32 16 66 37
71 81 65 64
2 46 56 65
91 19 28 86
38 99 7 68
42 21 78 27
13 33 20 30
68 36 3 3
75 60 92 64
91 27 71 28
84 24 1 23
69 15 12 97
68 82 40 84
8 27 9 5
32 35 38 76
14 49 39 80
24 9 65 75
35 33 68 88
78 23 58 46
20 71 55 47
87 98 83 86
68 5 40 56
11 82 88 45
59 69 91 18
34 84 1 97
18 12 9 72
24 88 91 46
92 48 15 53
52 87 25 9
68 21 76 33
85 95 18 93
91 39 23 47
97 35 24 11
17 22 7 20
62 88 52 71
73 92 24 48
91 55 98 25
72 39 72 27
85 30 57 50
71 40 30 90
41 4 8 70
71 16 47 77
29 66 43 17
11 31 51 63
88 83 91 87
72 22 64 80
68 42 63 21
68 54 18 58
9 19 44 67
37 59 24 89
91 54 3 11
49 78 26 53
55 44 15 31
38 52 78 49
39 88 85 78
91 27 17 24
17 40 81 43
24 86 55 40
37 86 25 74
90 78 26 13
25 71 25 26
47 35 3 41
10 90 9 79
53 15 15 65
77 83 7 11
66 24 32 30
83 82 82 75
2 48 96 69
96 53 0 23
0 93 45 25
50 96 4 59
29 45 58 26
0 58 43 39
19 97 45 71
9 53 5 52
0 73 22 87
44 85 18 20
77 58 38 80
0 52 67 57
53 53 83 63
50 47 26 12
42 69 69 50
94 61 65 58
38 9 15 97
47 40 53 85
2 19 40 37
96 12 90 7
25 27 58 69
75 92 10 75
72 9 69 27
53 69 84 74
58 58 79 43
91 54 0 70
58 41 72 31
37 87 89 35
90 38 77 99
28 20 16 69
76 58 54 91
70 9 77 6
48 19 27 48
81 96 2 0
56 35 15 52
17 94 41 71
87 47 73 16
96 34 55 42
71 32 24 14
0 25 95 60
39 95 84 79
88 18 59 12
97 0 55 58
84 21 99 49
89 28 88 82
87 8 79 78
93 19 17 33
74 10 28 67
75 2 29 10
14 68 11 76
52 88 3 71
45 61 29 20
79 78 36 12
64 10 100 34
32 39 93 13
48 99 78 70
49 25 80 31
17 0 92 50
96 67 29 29
43 67 84 21
42 32 45 4
20 71 17 96
87 15 19 75
33 80 41 87
19 14 19 5
89 43 79 82
33 61 75 91
50 51 94 69
52 20 78 33
27 58 13 18
26 96 68 3
17 2 36 58
80 50 0 44
78 94 15 92
12 13 51 100
42 59 80 61
51 93 10 86
46 56 61 99
25 16 7 46
64 62 54 21
67 54 20 37
75 9 44 8
69 80 1 72
25 27 54 55
28 50 44 30
0 45 13 25
40 29 20 10
18 19 71 84
29 99 62 0
36 95 85 29
47 20 18 73
75 79 97 15
76 5 27 53
92 73 71 81
50 36 74 76
31 69 51 7
98 23 36 9
90 40 57 95
8 2 94 91
43 48 44 29
68 78 41 94
90 60 16 13
55 81 64 27
100 21 61 50
19 83 3 61
16 54 62 44
43 74 80 41
42 52 37 61
59 51 29 25
53 37 1 50
49 25 32 31
26 93 80 8
18 46 16 1
37 60 72 24
67 79 83 29
59 94 43 35
57 39 79 17
48 55 65 56
23 45 27 24
91 44 36 33
96 73 10 7
94 57 100 99
62 3 9 65
25 76 6 48
91 73 47 38
48 47 45 69
10 67 30 51
64 9 5 81
86 63 32 43
60 51 2 60
96 89 3 68
47 7 24 29
30 11 55 46
88 1 47 16
21 4 75 50
48 74 19 75
40 53 2 74
96 33 20 48
27 88 19 76
10 95 27 53
75 35 86 51
39 2 57 67
46 88 10 26
37 37 31 44
70 88 37 81
50 25 27 61
42 23 55 22
0 92 63 24
30 24 18 72
27 35 9 54
86 26 62 67
53 29 34 100
53 41 18 87
90 63 33 90
62 93 89 34
22 77 33 48
19 45 71 23
3 16 50 93
19 69 15 1
73 85 55 30
70 80 65 13
21 29 73 34
24 53 87 92
74 0 51 51
28 27 74 40
54 91 96 54
68 90 96 46
61 1 71 87
49 39 5 23
62 77 2 4
36 78 26 14
0 52 42 51
89 29 13 71
87 19 66 38
13 67 21 58
47 57 9 82
17 50 31 76
47 11 91 44
71 66 30 0
80 37 26 74
14 45 28 43
49 84 42 65
92 100 84 16
18 85 66 4
43 22 35 41
44 20 10 5
38 8 80 69
2 87 54 39
81 84 5 82
48 83 9 3
82 14 10 55
23 86 10 20
98 82 90 44
67 80 62 36
41 59 6 95
28 62 51 16
33 92 56 42
100 19 50 36
16 100 42 56
87 91 89 49
27 44 100 75
82 56 46 17
64 79 47 2
9 50 61 5
47 57 27 35
1 31 83 48
48 77 20 42
67 86 57 65
56 53 2 70
39 79 77 55
2 14 65 29
99 86 74 49
100 42 3 19
77 32 60 22
24 55 82 47
32 0 31 59
49 94 50 7
54 41 76 72
62 40 58 61
94 33 65 35
87 3 97 31
77 94 26 13
47 39 24 62
46 28 24 47
41 10 26 22
11 4 36 44
21 98 69 50
95 92 40 84
4 69 72 64
81 85 49 16
47 0 37 86
10 90 18 63
30 46 22 9
66 11 41 57
52 61 51 68
54 88 72 59
51 31 44 49
81 91 7 58
30 17 6 13
15 54 18 50
50 34 52 88
47 55 33 9
44 84 40 6
67 17 49 30
57 52 87 85
16 24 33 65
88 30 82 75
51 5 13 91
18 56 16 81
65 20 25 52
35 35 60 29
83 55 29 1
42 63 40 62
43 51 70 92
71 27 67 67
88 2 60 38
53 39 46 44
16 96 42 8
35 77 76 68
43 97 1 5
9 85 92 3
43 20 87 59
63 92 35 4
52 68 63 48
4 32 13 66
99 98 67 92
91 85 92 95
37 69 44 21
96 48 83 67
55 2 13 96
32 32 99 22
49 74 65 5
8 7 4 47
65 47 82 38
29 52 79 34
52 49 17 97
90 28 52 71
37 6 78 23
67 81 53 15
68 28 96 60
48 54 35 53
43 61 28 58
84 75 88 97
76 95 9 54
14 47 26 64
45 94 21 99
51 48 35 7
75 56 22 14
37 85 54 54
14 42 84 73
63 98 93 2
48 39 7 29
94 59 26 84
68 36 90 50
63 36 56 71
88 92 68 13
24 45 39 66
60 39 46 53
59 54 34 24
29 97 47 40
60 54 9 63
3 47 66 15
31 19 76 21
81 55 90 50
86 7 86 35
52 82 49 60
33 95 66 42
39 41 55 49
11 36 84 15
23 39 99 53
59 98 37 80
95 92 33 2
37 28 84 44
84 54 33 47
60 97 67 47
99 37 48 25
17 100 17 0
58 66 16 99
48 70 19 22
68 70 67 80
81 53 8 90
9 85 45 64
56 77 68 0
21 81 54 63
99 37 56 17
42 27 65 12
92 48 97 28
82 32 8 29
15 86 67 26
38 55 72 25
76 43 78 33
52 79 36 72
1 25 64 34
6 40 65 27
54 69 75 85
97 44 49 52
76 2 30 37
43 20 98 56
20 99 49 98
97 57 90 17
99 96 39 99
21 37 99 40
