1000 100 100
18 32
19 93
18 15 78 1
91 58 80 13
21 67 75 17
44 3 76 38
75 24 61 71
25 54 68 5
74 66 33 54
48 60 35 70
42 27 70 95
71 16 24 88
53 97 31 34
36 13 77 35
18 82 97 22
30 49 77 63
56 96 71 1
90 88 65 99
9 95 66 3
67 78 49 71
91 49 47 32
16 87 10 37
99 4 55 0
66 79 16 61
43 95 69 78
39 38 14 29
31 31 64 21
21 48 93 57
35 12 83 50
77 0 17 53
59 48 54 2
21 16 27 94
49 98 91 43
29 86 52 32
58 12 38 58
79 10 62 20
6 71 47 89
63 45 69 3
39 70 73 61
24 55 20 88
16 93 51 70
79 47 90 75
64 61 12 76
22 13 53 88
39 40 88 13
30 47 97 60
51 36 90 4
67 5 57 95
45 53 19 10
94 21 99 68
48 76 42 92
70 54 48 45
41 86 20 68
39 70 86 19
92 21 85 70
100 51 44 20
81 21 95 82
17 35 33 30
1 51 85 61
15 48 91 89
73 1 67 68
36 97 5 59
41 5 71 11
17 40 10 99
30 96 46 35
99 77 57 75
80 2 70 67
69 100 49 9
50 43 22 10
30 17 91 73
61 51 7 53
30 18 57 33
45 2 95 92
55 69 26 61
76 84 59 4
6 89 46 98
2 12 14 69
82 36 84 92
100 42 99 38
93 72 65 27
62 86 57 63
27 15 98 1
64 40 98 76
78 54 91 60
76 27 34 32
85 3 48 14
66 10 58 71
10 38 93 96
88 29 44 71
13 12 37 26
93 81 37 36
99 75 46 50
39 94 59 26
18 74 0 57
21 81 63 62
96 9 38 60
3 55 46 100
40 64 88 69
19 43 66 93
52 5 61 84
11 84 99 70
60 55 32 83
23 55 21 75
9 68 5 72
86 8 64 16
88 84 93 51
30 37 76 29
71 33 61 15
24 77 76 10
32 9 5 14
54 89 3 7
84 87 8 9
72 29 3 78
16 96 89 74
23 80 41 40
20 44 71 4
67 76 56 26
30 61 34 2
26 36 84 44
11 81 66 4
41 56 79 81
7 21 11 75
8 98 46 84
87 8 73 75
87 4 42 78
6 60 65 2
0 28 16 69
93 70 68 68
80 20 30 86
4 75 45 19
67 23 59 9
80 13 25 50
3 94 31 82
100 14 22 12
68 30 58 19
57 74 69 52
75 17 57 86
14 61 43 12
47 37 26 47
24 37 49 62
94 7 81 4
35 85 44 4
44 19 83 27
91 68 96 16
87 48 27 36
52 56 76 88
36 64 65 98
5 76 62 17
18 36 57 26
19 59 25 1
78 13 16 8
12 55 16 92
80 24 46 22
36 9 11 17
10 1 47 100
82 89 64 1
82 11 64 16
58 93 75 9
74 97 61 20
80 5 8 79
24 25 84 42
54 57 40 6
71 63 58 53
45 57 80 18
62 21 12 54
92 57 69 51
1 77 99 65
95 80 1 31
4 13 5 53
86 20 33 4
97 37 94 73
60 77 14 1
45 87 94 72
47 77 27 82
45 49 42 80
76 71 72 0
52 47 40 37
71 0 49 62
38 32 16 86
88 95 83 96
86 18 44 81
3 4 5 1
69 19 80 23
92 67 87 31
35 6 19 87
43 16 17 68
75 31 14 81
25 79 45 81
43 68 87 43
2 82 21 44
5 37 93 7
93 58 72 18
24 14 45 16
88 77 56 9
9 33 62 83
21 99 73 57
18 94 44 65
26 50 54 50
64 17 26 69
83 72 82 65
91 91 52 77
87 28 39 0
66 88 10 20
56 70 98 38
71 58 0 25
9 32 42 66
79 85 67 74
69 22 16 11
80 90 11 81
32 72 97 19
40 96 60 63
94 13 97 54
66 1 36 17
95 11 69 28
53 94 100 96
69 28 54 73
55 11 2 5
27 80 46 16
71 4 85 73
42 23 23 98
77 89 0 64
98 24 96 93
64 58 14 74
95 29 28 89
49 78 99 19
25 0 9 53
81 32 93 12
18 19 85 80
31 68 90 11
92 80 82 22
74 84 75 44
89 11 86 78
94 12 84 51
41 90 49 66
77 9 9 51
59 3 57 28
80 5 33 20
12 49 29 61
1 51 79 82
95 27 29 24
31 9 32 64
62 96 56 17
3 77 100 49
77 1 62 11
83 47 26 12
4 47 28 10
90 91 49 69
90 17 81 24
76 57 77 7
78 42 32 88
49 73 65 26
29 62 55 59
57 98 22 47
20 43 84 6
65 50 53 53
95 63 81 46
100 85 26 87
23 37 13 39
13 86 44 35
70 57 39 29
42 43 44 80
77 19 8 50
35 11 17 76
16 76 51 4
60 95 62 65
88 94 21 30
4 93 77 10
4 3 44 89
14 47 11 68
75 98 64 95
51 30 65 37
62 100 46 31
81 17 38 49
92 9 26 13
23 66 27 62
75 59 23 39
53 33 44 27
84 92 2 34
6 12 95 69
35 12 73 69
71 10 10 44
93 54 12 55
97 78 7 12
8 41 50 52
84 5 68 18
34 35 21 20
19 95 84 7
95 91 91 18
59 40 4 39
81 42 7 80
6 82 40 93
79 89 94 10
59 24 0 7
99 32 77 12
75 2 62 79
10 56 26 49
54 82 92 14
35 32 50 36
3 14 79 60
11 23 35 7
46 88 59 84
71 74 92 33
10 77 39 46
8 42 5 31
63 69 75 87
49 6 19 83
34 46 86 86
53 75 90 21
79 93 75 10
66 82 26 75
28 41 33 93
65 70 74 21
6 16 9 22
61 20 87 98
2 41 93 99
26 78 71 16
97 99 56 21
92 1 70 95
37 84 47 26
9 1 92 83
80 19 54 51
68 52 15 80
63 29 60 94
0 13 82 62
13 40 25 60
96 85 37 23
27 63 34 96
80 51 65 46
42 68 71 52
62 36 82 82
68 5 40 54
28 74 23 53
33 0 46 21
91 76 39 94
64 43 3 30
60 99 11 10
57 90 35 94
29 27 71 60
77 62 9 68
74 55 34 97
92 59 7 18
12 47 92 56
95 31 89 98
74 56 97 6
20 66 23 91
27 1 95 46
33 56 92 31
44 57 79 21
12 91 41 69
80 21 7 48
64 10 17 16
56 38 15 76
45 89 40 61
60 49 94 8
86 31 22 57
89 88 87 59
81 1 19 99
33 9 71 12
8 61 30 29
22 5 72 97
100 39 47 28
10 37 94 98
71 41 3 62
33 4 71 59
50 35 13 96
72 9 27 71
66 77 31 86
97 16 17 64
62 13 42 41
1 44 94 40
98 23 58 39
28 92 98 75
42 54 19 25
13 88 84 81
33 1 73 2
29 83 62 93
38 86 12 31
26 57 70 29
28 27 8 6
62 58 2 41
87 6 5 73
12 79 25 73
89 22 43 47
27 60 14 59
48 72 13 24
78 68 75 74
52 89 97 13
90 33 0 42
59 43 17 58
26 58 83 72
5 47 87 50
42 15 98 86
47 5 85 90
28 98 97 21
73 88 31 62
69 99 71 24
60 98 89 42
94 36 4 24
20 70 51 2
7 81 5 12
21 94 17 14
20 25 61 60
36 88 100 98
43 32 92 1
62 30 99 88
26 21 56 84
84 79 68 20
34 4 32 40
57 41 13 21
56 8 80 50
19 28 53 91
32 94 54 0
55 58 8 55
53 10 76 33
40 96 45 70
91 85 8 21
76 67 43 51
7 33 84 66
55 16 4 82
99 26 36 29
52 95 95 29
3 69 19 0
37 4 5 57
93 97 96 86
73 33 68 56
62 37 9 2
97 90 34 38
16 1 79 100
22 42 51 12
67 55 66 60
41 9 47 42
21 39 73 2
74 93 93 90
15 79 23 62
87 7 62 60
47 55 71 37
12 8 75 49
63 82 52 20
33 61 67 82
94 71 28 77
81 75 47 81
15 7 7 57
66 14 55 26
18 79 27 64
39 85 60 33
20 60 73 78
73 7 72 14
54 9 23 43
24 41 21 100
21 8 56 53
87 51 95 15
99 62 91 83
16 13 14 34
98 64 74 53
31 46 28 36
4 88 25 27
39 61 63 42
71 37 68 67
91 47 43 2
92 65 77 7
58 45 31 37
35 8 60 65
6 21 46 5
1 70 23 57
56 70 48 90
83 50 54 73
7 11 50 89
47 65 22 38
100 92 78 81
99 61 71 80
65 17 43 9
11 15 50 18
57 16 17 74
78 83 54 55
71 53 15 32
62 27 14 68
49 43 78 24
82 93 39 0
48 41 13 70
90 41 42 60
12 1 80 33
67 39 90 77
18 94 30 42
34 63 86 27
7 44 31 60
76 49 96 96
98 43 58 92
45 44 18 86
94 87 75 74
48 34 80 90
32 68 27 9
93 33 3 17
3 10 56 1
57 3 48 74
34 47 66 25
100 74 74 45
22 11 74 45
95 74 88 3
39 21 17 72
16 17 15 96
3 52 71 45
44 87 54 42
34 8 87 13
90 27 95 35
30 13 35 31
30 41 16 76
77 80 27 95
61 14 59 61
12 59 50 91
75 50 89 43
59 53 37 41
29 41 47 80
75 9 92 17
66 41 1 17
78 65 34 66
56 72 51 69
90 64 65 52
11 38 63 23
34 41 47 85
57 71 24 73
24 68 83 46
91 1 46 55
48 12 10 10
75 60 94 35
52 17 9 73
89 43 60 80
25 69 38 38
25 83 87 38
24 72 30 86
85 7 41 70
14 48 62 0
21 3 8 77
18 61 11 3
51 99 43 76
63 30 38 82
1 1 16 95
90 38 81 85
69 70 5 26
43 28 88 61
78 72 80 51
47 32 13 77
59 67 92 98
76 76 50 72
28 25 3 89
74 33 41 6
94 87 41 82
65 60 2 22
7 75 96 55
15 57 1 36
45 79 0 12
27 88 9 25
15 3 51 84
51 23 53 92
68 23 65 68
98 88 89 15
93 38 39 36
22 23 67 94
30 17 19 69
71 91 35 40
86 52 2 28
7 60 62 91
81 54 90 26
14 22 61 31
71 92 68 62
41 79 86 37
29 44 77 89
98 84 4 13
89 9 77 29
88 74 14 59
79 98 15 62
85 97 6 19
2 48 56 81
8 78 4 84
50 97 60 74
64 23 40 51
46 4 86 81
15 13 88 52
3 13 99 52
75 15 29 58
4 64 63 84
93 30 15 81
83 2 30 2
55 11 75 71
68 22 82 31
38 70 9 27
84 86 20 68
77 63 80 57
95 8 22 100
12 42 2 19
35 55 61 22
48 60 75 12
81 71 40 24
93 79 79 8
28 14 97 23
72 52 89 26
93 22 24 24
71 62 33 61
52 92 78 30
54 79 10 14
87 4 11 96
33 78 18 40
79 47 73 97
94 55 62 23
39 58 47 58
25 51 49 59
12 75 1 72
25 67 52 31
59 18 71 73
91 51 2 66
49 67 8 29
88 5 94 62
48 97 62 50
52 62 98 75
3 73 76 36
91 62 22 64
81 100 37 64
95 11 43 95
93 90 58 84
3 39 79 19
91 98 46 41
93 79 71 72
28 11 10 22
59 77 5 89
8 27 89 8
38 100 20 89
22 59 38 87
25 47 73 33
24 64 2 14
41 58 65 20
75 59 93 98
76 38 41 8
72 28 35 70
75 73 44 83
45 57 19 87
46 73 61 91
96 38 19 8
15 10 50 84
87 83 36 29
14 76 95 74
94 93 17 97
61 1 41 97
86 47 0 49
63 38 50 23
15 67 74 84
38 45 26 53
10 40 73 21
95 60 45 34
99 85 70 85
96 53 33 82
44 61 48 33
3 44 5 51
59 93 65 19
7 73 48 89
10 78 73 37
37 61 39 100
89 95 4 96
60 84 68 27
21 16 62 57
17 53 32 82
17 71 7 43
73 48 34 57
31 13 14 6
62 12 66 30
26 86 94 19
3 26 20 1
54 5 66 89
53 29 1 80
49 87 40 76
53 49 46 24
76 37 64 59
64 31 27 43
54 7 63 83
65 98 3 49
84 19 51 29
94 73 98 59
66 27 56 57
29 54 61 55
85 64 37 56
5 31 59 9
0 37 87 71
94 78 91 2
89 89 78 18
18 59 28 37
0 19 79 59
12 3 20 96
53 99 20 60
38 30 49 85
53 38 27 24
49 55 63 3
57 5 15 45
23 19 23 99
63 61 22 29
17 55 91 43
33 12 97 41
18 53 72 42
97 34 39 48
92 75 78 98
63 79 87 90
3 29 86 19
53 37 87 45
28 23 42 23
99 88 9 98
29 78 11 42
79 76 34 58
17 31 91 69
91 97 100 38
84 18 49 59
47 17 100 22
1 73 100 73
89 44 36 35
18 77 39 53
76 81 60 38
79 89 12 44
24 25 15 47
65 44 98 63
26 95 34 81
58 19 78 89
97 92 86 43
25 72 95 77
79 18 60 78
90 42 0 22
5 38 28 67
76 14 68 8
12 14 56 29
17 47 14 44
83 78 72 77
7 40 67 99
10 22 69 34
11 49 81 98
53 64 7 32
54 8 1 7
44 21 98 74
30 99 22 30
41 6 52 67
3 9 94 20
29 82 82 33
30 4 55 69
58 36 69 82
27 48 34 72
65 95 65 48
14 32 46 8
63 10 51 26
44 71 80 50
22 16 74 77
60 27 0 59
50 47 28 37
23 39 81 84
23 10 71 29
20 63 2 70
82 97 100 87
21 41 87 39
63 2 92 85
97 25 90 93
24 70 99 95
4 10 99 59
60 22 47 72
35 80 10 72
32 27 7 15
80 79 86 12
74 20 88 1
20 29 68 45
39 63 22 1
66 93 25 0
18 63 62 95
6 64 34 85
53 67 44 62
83 19 76 16
16 8 88 65
94 11 53 19
51 42 18 99
58 89 73 31
38 68 95 49
97 34 49 53
53 50 82 40
52 23 48 90
95 9 11 1
33 3 95 45
21 84 43 17
64 53 41 3
15 24 37 51
93 97 38 33
72 92 30 95
85 96 10 91
22 44 81 15
94 15 9 3
50 87 20 70
46 40 38 3
75 28 67 28
60 38 12 79
5 1 98 22
61 19 92 62
43 61 93 99
70 98 66 63
71 94 77 22
4 55 14 58
79 45 32 45
11 48 8 97
88 36 73 92
42 42 61 31
6 35 18 11
11 1 19 19
10 96 21 92
55 56 48 87
86 73 36 22
95 91 18 16
56 97 62 82
92 45 86 6
1 75 43 46
47 34 84 73
21 3 49 22
28 59 42 77
94 8 32 17
75 13 49 97
30 34 89 13
14 57 45 48
60 49 15 60
88 32 83 7
7 72 98 33
83 29 30 24
29 14 14 74
92 89 36 18
57 59 72 23
27 8 59 51
81 96 45 40
7 56 81 45
86 95 50 54
46 50 91 84
39 75 15 27
14 36 32 10
40 81 78 32
55 24 54 56
62 84 57 90
64 38 76 14
85 64 21 93
99 7 46 21
75 5 92 44
0 75 42 90
32 39 17 76
40 78 28 31
74 14 71 70
5 79 28 82
26 33 97 29
7 59 81 42
3 73 78 26
51 21 12 31
7 16 82 93
76 56 92 66
20 55 68 63
22 64 91 41
76 17 47 44
8 36 15 100
55 92 46 39
39 61 66 47
25 78 16 28
98 31 64 73
34 17 42 47
85 91 25 22
95 9 100 39
7 66 35 68
11 58 12 11
10 82 84 89
9 81 44 91
6 51 88 54
10 28 45 24
98 22 39 60
5 23 58 50
18 10 53 31
32 44 9 38
63 2 96 25
91 84 94 14
58 68 100 30
0 50 66 46
19 35 78 74
22 28 11 83
47 97 19 25
90 79 67 69
81 86 96 75
65 31 94 99
65 6 58 3
78 65 63 64
9 49 94 76
80 14 23 98
38 64 22 57
4 45 21 3
35 80 75 17
16 13 17 54
100 32 42 38
1 43 63 56
78 74 53 9
67 55 6 23
5 45 88 40
46 1 96 26
7 99 39 57
17 47 85 48
94 95 59 100
71 27 2 63
6 66 94 67
74 60 3 11
29 33 55 88
75 47 98 70
57 68 99 94
14 99 89 10
72 15 55 80
85 17 99 74
68 36 19 40
93 58 30 42
70 50 12 52
71 27 50 12
50 37 95 93
64 99 31 25
3 80 57 8
9 97 11 66
22 51 12 47
59 37 13 45
24 60 15 47
13 18 68 60
97 64 34 46
16 38 6 46
81 40 62 49
11 23 69 59
2 77 15 26
49 40 94 73
99 80 88 13
47 58 1 11
51 84 11 3
2 73 4 1
30 95 93 41
59 23 13 94
36 36 79 77
59 2 86 77
22 87 78 75
51 85 84 52
84 42 55 21
17 78 78 43
94 5 20 10
62 15 43 63
18 63 71 98
2 8 45 18
37 51 26 41
88 60 6 85
70 19 85 94
98 7 99 76
72 35 86 52
40 94 54 55
77 61 78 34
79 23 58 56
49 95 72 48
7 11 9 62
14 87 5 3
77 30 76 90
85 58 35 63
62 62 95 68
76 46 65 73
6 98 94 44
86 99 92 28
82 82 47 0
9 26 41 76
76 62 4 5
24 96 66 81
35 10 17 87
21 47 22 11
37 93 41 87
99 2 24 51
54 73 77 29
72 60 75 46
47 99 47 27
17 8 60 4
80 38 29 88
40 86 83 57
55 86 49 21
49 44 52 55
79 35 48 90
67 15 43 48
89 5 48 49
44 73 69 32
40 63 24 7
31 76 81 73
49 82 95 79
17 16 64 67
71 20 25 6
96 17 36 25
5 7 64 3
95 30 89 96
42 91 95 72
100 65 19 78
22 99 99 97
28 78 4 60
89 28 38 7
94 64 58 97
35 29 45 37
20 59 16 24
92 28 62 57
26 48 91 81
62 60 53 17
77 13 99 97
24 34 4 85
46 93 60 87
14 75 14 83
61 1 75 19
58 57 42 28
72 20 30 77
80 56 93 76
