1000 100 100
49 86
46 28
47 53 46 13
28 15 1 64
35 26 59 63
72 30 77 58
75 59 61 86
51 51 0 68
20 42 63 84
75 85 59 27
15 8 95 91
25 1 66 8
85 46 81 64
11 98 8 30
14 91 60 44
70 27 66 33
36 40 10 52
3 33 61 15
59 76 8 89
50 43 39 84
56 34 26 42
36 83 52 54
23 56 66 16
99 83 65 64
86 31 66 26
92 68 94 55
35 15 13 65
96 62 63 73
80 81 89 82
20 18 62 26
80 83 25 90
35 84 65 39
40 28 88 88
3 23 52 34
9 75 68 16
45 12 8 18
87 40 26 18
87 38 26 87
68 28 39 95
79 5 70 52
30 0 10 93
94 43 25 9
73 32 5 60
87 27 99 70
59 30 85 63
11 97 24 69
98 66 94 69
57 64 80 59
9 43 52 74
82 21 91 94
46 32 50 60
67 35 13 13
26 74 42 8
69 10 13 1
75 31 13 23
75 18 93 6
39 7 77 82
5 18 78 59
7 65 73 23
85 21 49 78
0 96 47 48
39 4 22 10
14 19 99 76
56 2 27 53
75 61 78 21
93 60 19 44
100 65 13 32
42 98 30 11
85 89 27 43
97 61 72 39
28 47 70 36
35 7 76 51
41 97 34 81
13 28 39 67
51 1 42 42
87 23 59 86
64 90 82 37
90 18 8 2
49 92 39 17
85 10 7 57
13 9 74 38
25 94 61 67
23 95 79 87
69 18 16 43
25 33 74 56
7 97 3 10
3 15 48 88
72 8 52 70
43 86 17 27
40 8 40 98
39 56 13 7
60 78 38 74
56 45 31 61
81 31 29 97
34 77 26 10
34 25 82 63
70 55 19 62
73 45 77 7
71 20 19 22
73 21 51 27
91 85 56 5
62 48 41 57
73 31 10 14
86 83 55 73
91 55 85 52
31 51 12 81
69 16 2 46
60 21 10 68
74 68 83 41
37 32 1 5
10 78 56 27
90 85 41 19
63 28 32 10
89 98 79 26
11 6 11 98
77 98 6 27
50 28 9 67
99 66 3 85
88 86 95 96
18 93 70 17
22 63 59 53
88 29 56 78
75 65 9 97
44 14 66 31
86 41 29 22
75 85 77 44
92 40 64 76
12 63 92 13
56 47 56 39
37 73 20 18
74 29 67 34
74 59 44 56
41 78 39 100
51 61 64 73
53 43 77 87
54 25 68 9
0 70 71 31
44 58 91 56
74 31 67 67
55 55 87 45
6 33 32 81
53 75 68 14
3 74 17 32
46 22 71 19
20 29 82 69
90 25 84 40
100 0 90 36
10 93 16 24
93 79 61 73
44 17 33 62
6 33 53 84
93 24 56 32
25 68 60 27
6 67 10 41
21 12 60 79
10 0 39 31
30 86 20 8
62 90 26 13
100 24 26 84
74 94 28 88
50 48 99 10
90 98 39 1
95 2 69 56
1 15 68 39
44 61 62 63
87 99 89 49
55 4 97 37
96 35 74 91
32 83 24 58
75 70 10 98
91 78 72 27
86 78 8 24
36 53 56 47
38 41 23 12
72 86 44 10
23 85 19 28
84 90 71 32
69 30 43 61
11 26 4 48
3 97 90 1
0 51 53 41
37 86 88 52
21 4 25 74
22 67 4 28
89 85 54 91
37 35 29 40
67 0 14 49
13 43 90 21
30 60 85 90
99 25 53 32
52 62 81 73
19 24 100 69
2 44 57 4
40 78 34 95
39 13 95 28
5 60 3 84
71 41 90 11
38 93 37 62
44 6 20 34
2 61 87 69
42 49 17 28
17 27 17 50
62 22 39 42
73 30 77 80
75 56 73 95
91 85 9 73
8 94 56 18
31 38 80 22
74 48 40 47
64 49 4 61
50 87 2 46
61 66 66 57
87 2 67 80
92 20 76 78
33 60 59 76
58 88 34 67
4 67 27 97
29 2 62 21
56 59 39 75
27 74 10 18
19 71 23 2
38 42 40 81
11 88 3 51
45 34 88 13
49 50 88 34
17 79 37 7
82 13 46 61
89 0 91 53
69 77 20 98
86 43 75 59
90 96 100 1
72 87 76 12
97 70 58 62
26 57 56 17
13 62 76 16
23 80 56 22
12 71 68 68
74 93 81 53
58 6 99 74
50 58 38 79
9 3 1 98
1 82 58 69
84 77 17 86
32 6 15 0
36 73 41 53
80 40 33 99
63 71 96 6
28 98 20 62
67 54 16 94
16 4 90 13
29 63 71 57
17 55 30 80
80 62 80 89
22 57 15 55
9 24 8 53
81 74 19 16
39 56 37 49
29 94 2 98
2 7 31 62
16 5 64 17
52 17 78 26
50 14 10 17
16 38 55 43
37 26 29 70
32 91 79 92
38 30 51 49
92 83 61 43
100 71 60 87
60 3 73 50
25 18 17 38
92 69 65 28
100 74 89 94
5 53 29 23
4 86 82 73
34 78 56 49
31 4 59 39
54 99 37 8
5 92 19 49
12 8 67 42
71 4 13 67
73 93 99 89
94 89 91 39
56 94 100 40
84 20 21 72
95 92 34 27
16 79 85 22
76 23 84 53
51 36 6 63
53 48 38 24
22 91 17 72
3 56 55 37
24 92 98 98
47 40 45 73
32 75 84 17
66 1 78 97
18 63 66 12
30 66 91 23
7 56 25 95
80 100 18 66
78 74 53 100
85 36 90 38
56 36 13 38
16 1 12 90
16 1 79 95
97 42 16 87
43 92 70 49
34 32 65 25
2 4 78 86
99 9 47 95
96 100 82 33
20 14 93 70
54 36 26 37
32 96 83 93
91 23 25 32
43 14 57 83
47 93 28 55
80 0 56 15
64 87 51 25
4 45 11 25
18 12 14 35
3 24 1 100
20 38 40 47
57 53 63 18
77 54 99 32
0 99 62 47
21 100 87 19
73 14 45 32
19 41 59 55
38 2 32 30
9 7 6 42
32 6 6 5
53 7 7 65
75 15 92 90
99 44 62 34
11 71 74 23
6 24 12 84
84 86 34 81
29 62 58 82
88 56 13 36
87 41 62 62
40 10 14 60
74 30 81 82
10 9 79 29
68 17 22 76
16 67 91 7
95 96 21 98
5 32 54 16
20 80 6 35
20 94 91 95
44 31 95 58
18 58 73 57
75 68 50 5
63 57 42 53
12 17 70 91
78 32 58 31
84 49 93 33
1 93 45 69
23 83 77 87
77 10 92 85
59 54 99 14
60 98 61 22
90 39 99 98
43 53 73 64
57 25 17 49
46 26 52 36
10 22 28 100
51 23 72 99
57 6 50 4
75 53 62 37
57 2 64 41
33 98 23 79
44 48 65 93
41 62 3 28
57 90 60 35
51 9 96 88
62 68 66 60
5 66 68 67
34 20 44 89
31 88 46 30
31 7 62 68
59 0 2 47
89 27 85 19
15 42 28 36
9 11 87 28
88 23 98 60
57 54 1 24
30 11 58 54
39 57 77 24
22 4 51 16
39 89 31 49
32 7 31 32
99 59 21 26
6 9 41 53
100 42 94 22
13 32 57 48
57 46 12 88
22 22 39 41
50 94 34 56
8 51 92 43
90 50 15 4
98 70 19 4
22 51 49 9
27 70 49 59
33 8 3 22
13 81 85 53
73 44 82 52
21 36 72 60
57 53 46 97
36 65 96 13
49 83 98 66
1 67 8 37
49 43 20 97
13 15 32 57
45 53 0 56
17 4 32 13
68 27 42 83
62 43 3 22
24 63 83 42
14 6 22 20
62 75 91 20
98 13 26 45
97 96 86 80
68 2 27 32
85 53 25 17
83 6 4 67
16 46 23 65
40 80 81 23
28 78 43 94
72 54 0 54
74 37 80 76
37 76 34 74
52 59 66 54
4 4 80 6
83 42 38 33
38 17 75 3
2 63 60 5
37 78 73 27
54 99 63 71
97 36 99 20
17 4 58 100
80 5 41 70
87 41 25 36
14 43 10 60
67 3 41 57
59 77 35 56
77 76 68 59
73 44 18 46
72 99 26 87
66 59 8 51
76 92 18 44
36 92 79 65
9 49 89 65
35 30 41 79
94 81 7 56
94 75 32 31
87 70 29 65
19 44 91 50
15 61 8 26
78 77 89 96
32 14 23 6
73 15 98 28
86 41 37 35
82 86 50 43
5 7 91 16
72 80 77 78
72 18 12 49
34 1 68 66
53 81 37 7
12 66 41 9
41 88 33 2
2 72 58 13
46 56 66 77
19 11 47 29
61 56 65 62
28 97 93 50
2 56 87 45
78 61 96 33
80 31 85 50
64 61 79 83
74 75 95 83
7 9 29 97
80 73 63 42
43 54 70 72
7 85 30 59
83 83 83 65
88 22 14 96
55 35 88 26
34 69 9 79
3 56 73 29
3 0 53 12
41 43 34 11
1 99 54 56
71 55 91 88
89 40 72 40
0 97 74 83
48 49 55 37
23 67 59 23
41 29 62 18
58 57 62 4
87 2 32 8
36 88 94 17
4 13 7 87
43 33 40 72
29 43 33 9
32 65 4 89
17 50 3 77
10 87 89 29
59 48 41 35
44 85 27 32
94 92 75 93
65 33 49 94
4 52 14 37
91 96 14 18
7 73 70 21
25 78 36 18
93 18 52 94
94 21 96 59
85 19 0 57
61 78 8 12
59 6 4 86
34 72 39 58
27 93 64 13
33 70 37 97
44 59 17 87
15 34 31 3
54 91 71 55
85 91 56 45
1 31 72 80
57 1 34 14
34 13 2 39
80 11 28 43
21 28 5 15
82 34 14 37
28 42 19 38
78 25 22 1
63 6 93 56
97 52 28 86
45 69 86 92
27 99 6 100
89 44 26 43
22 12 13 26
40 60 34 86
82 59 13 69
59 77 47 32
53 76 32 14
11 57 51 8
41 65 49 50
18 66 33 68
40 9 47 61
45 41 96 23
31 16 60 8
20 57 90 82
63 51 93 2
30 19 70 82
28 88 100 33
52 61 48 51
54 23 35 97
63 39 96 62
31 73 1 3
96 69 60 51
42 75 69 56
29 88 28 66
58 85 58 0
13 73 90 77
24 55 91 41
77 56 14 13
63 15 34 64
22 98 48 37
65 33 79 78
71 10 88 49
40 89 56 51
84 72 80 23
8 9 57 55
32 89 3 16
83 100 51 27
30 18 9 62
82 92 70 57
55 100 2 88
81 98 40 55
50 0 19 15
11 6 65 34
73 50 89 81
82 88 73 12
21 9 82 13
20 43 21 76
82 76 56 83
16 27 73 35
57 4 58 86
26 62 6 24
99 48 42 2
96 18 36 96
11 72 8 86
27 78 62 13
81 5 89 88
95 11 16 56
5 72 1 38
27 60 37 35
92 2 80 2
43 84 95 88
64 36 40 28
4 26 16 18
56 15 45 87
88 17 81 82
70 44 26 55
95 44 12 64
83 63 52 89
72 13 42 11
96 48 63 88
91 22 90 85
40 28 67 25
32 48 98 51
30 89 24 60
76 35 64 47
76 29 7 45
64 85 47 44
44 18 48 4
30 52 35 84
10 63 71 91
43 44 90 87
25 14 2 39
50 40 85 91
96 86 40 66
94 39 98 73
25 49 38 43
60 14 75 15
10 73 48 65
15 17 46 86
34 12 70 66
13 87 5 48
62 91 44 77
11 8 70 38
2 44 85 2
80 43 59 57
100 11 66 7
13 82 53 81
59 36 38 61
3 13 11 4
16 9 80 93
78 18 74 91
76 38 83 17
10 65 95 31
43 88 24 46
52 9 52 8
37 54 47 36
9 33 91 96
92 59 13 55
100 24 28 27
89 34 71 62
57 66 66 89
86 13 10 89
95 9 23 32
2 10 3 24
74 79 9 8
65 36 49 28
91 51 59 37
32 93 26 74
46 4 5 97
80 72 10 5
39 43 67 87
53 50 21 25
96 10 77 82
64 64 69 8
68 31 34 87
60 84 45 13
40 49 13 63
92 51 73 84
2 55 75 31
76 33 71 4
17 38 94 87
89 38 1 73
21 33 94 25
30 91 5 40
35 91 35 0
19 62 70 2
2 29 18 93
0 94 51 57
20 26 44 71
67 49 99 75
91 60 10 74
16 39 72 62
49 35 71 8
94 10 12 25
43 9 69 31
59 0 39 62
8 84 66 51
5 98 63 9
87 85 48 80
29 2 85 65
24 85 15 14
69 50 25 89
74 93 30 30
50 3 69 53
51 66 90 9
44 84 93 77
95 69 94 70
54 100 38 12
96 14 32 91
85 57 46 38
21 88 39 21
3 33 84 96
94 0 26 16
66 39 48 55
62 61 66 11
88 2 17 41
65 38 9 54
26 84 84 56
2 98 58 65
86 18 68 78
67 68 97 84
75 79 21 68
21 75 60 40
49 36 20 29
87 29 2 41
59 49 91 53
31 20 65 92
37 62 84 1
43 45 67 32
28 78 92 3
28 23 37 36
39 33 59 100
88 82 30 42
66 38 60 58
44 6 58 88
75 61 66 72
35 70 79 18
7 33 75 66
17 25 50 33
60 63 19 32
18 6 46 83
77 18 57 66
73 52 61 39
61 18 93 97
33 93 37 31
80 95 72 34
18 58 28 82
12 86 25 20
35 99 56 73
81 11 5 11
60 23 9 76
30 76 90 33
30 13 43 22
24 5 53 29
11 61 60 87
51 81 36 56
75 63 8 1
78 76 41 8
14 74 23 2
75 69 24 16
89 6 46 40
60 22 55 42
81 17 40 1
71 7 70 53
59 31 1 4
83 12 91 27
60 69 69 17
28 20 20 25
5 21 60 13
44 36 60 42
12 83 4 94
27 47 73 35
44 57 8 65
81 99 7 30
29 96 88 44
29 77 13 74
31 64 76 59
78 60 81 47
88 74 86 61
66 35 31 50
7 31 33 56
93 16 61 72
37 29 75 31
74 17 5 71
84 44 15 82
67 17 53 9
4 41 56 34
13 11 43 62
68 58 38 52
72 45 16 73
30 57 75 23
68 75 95 60
56 11 58 70
29 3 65 90
85 67 48 41
90 20 75 12
63 45 44 82
92 47 71 100
8 59 3 17
1 99 5 19
13 70 50 73
66 71 42 25
63 27 74 62
59 67 66 96
80 47 64 80
3 27 96 38
99 43 58 34
86 87 80 5
36 33 45 87
24 30 82 84
26 42 86 1
19 47 3 86
72 96 88 46
47 6 87 93
22 57 44 46
81 46 92 8
48 1 44 51
91 24 91 62
51 36 82 36
99 87 93 19
73 87 99 10
45 89 37 39
30 37 51 76
68 29 16 58
97 82 15 47
47 67 38 25
6 87 91 87
73 91 5 67
59 70 84 28
26 62 71 31
47 63 35 84
73 81 35 20
54 53 36 71
14 1 77 79
100 9 81 49
97 49 73 23
8 43 14 45
79 88 34 98
47 28 24 37
85 79 54 32
2 50 3 11
72 80 30 95
28 69 97 14
42 41 14 96
17 43 59 31
11 98 65 3
53 79 58 78
74 38 6 97
77 100 97 8
22 47 42 78
50 57 28 31
37 97 67 100
2 36 1 11
42 2 71 87
85 88 10 55
42 87 57 89
62 23 82 53
86 72 90 49
65 38 52 31
60 59 69 6
64 63 60 57
98 31 92 58
45 43 26 0
87 5 35 70
81 13 31 27
16 82 75 11
85 8 62 8
36 83 27 85
69 6 9 26
47 90 56 4
44 79 74 54
100 15 30 31
36 96 8 42
56 7 91 29
96 51 20 37
72 46 99 25
12 66 69 26
78 99 9 53
82 35 57 30
99 15 74 1
51 66 7 38
0 83 2 0
53 5 10 57
66 14 96 41
43 64 99 28
81 36 60 94
68 34 42 7
75 26 14 86
9 46 61 10
5 90 95 46
37 2 8 6
5 35 96 1
38 6 85 59
40 51 75 5
84 49 63 39
16 31 89 36
39 90 29 94
66 8 16 84
46 21 94 64
32 36 26 71
92 94 90 5
18 50 19 18
60 7 74 87
44 81 12 61
36 72 78 79
81 40 35 34
66 93 2 77
29 73 14 54
89 3 8 43
34 31 35 88
75 83 29 71
88 22 81 91
9 91 86 84
71 48 24 84
53 28 42 81
61 20 61 46
92 87 33 24
40 63 63 48
68 1 20 8
27 80 90 14
92 60 82 89
16 37 100 88
59 98 13 79
33 4 75 57
52 49 46 9
59 71 66 33
83 41 42 18
26 63 44 17
98 51 75 42
95 0 14 46
98 18 41 76
7 28 81 59
74 4 30 58
24 48 35 77
15 74 82 38
28 81 21 13
18 57 86 9
2 26 51 64
65 81 33 25
64 25 41 54
81 92 78 44
16 97 39 100
10 14 55 41
6 1 19 78
34 67 55 55
85 100 78 98
64 68 33 36
47 27 67 36
71 81 43 28
44 1 61 13
34 22 87 92
47 45 82 34
41 2 4 83
80 56 96 30
68 33 85 16
74 68 27 19
100 19 55 55
0 22 76 44
83 32 95 29
98 47 51 100
21 88 56 69
48 71 5 47
1 40 31 80
36 30 55 52
5 29 3 77
93 49 56 9
49 58 40 34
85 16 21 73
71 67 71 77
73 100 8 80
43 97 17 68
1 55 89 82
11 84 70 78
54 1 42 38
49 7 99 42
0 21 39 22
18 88 11 11
66 5 73 23
91 90 35 43
85 46 39 49
21 94 42 32
100 15 40 67
38 82 45 41
77 75 25 23
8 31 57 43
68 94 60 19
81 56 42 7
35 14 80 97
50 44 34 87
30 23 55 11
19 75 99 0
73 67 29 46
0 32 87 32
43 100 51 78
17 45 2 40
68 87 79 57
23 41 34 52
79 40 38 16
70 78 34 41
51 49 55 37
92 28 54 62
72 33 3 22
84 58 43 52
11 44 39 65
15 87 88 82
95 85 31 31
12 6 55 61
5 81 4 84
94 12 22 96
83 55 3 27
82 32 48 56
53 27 42 86
32 9 42 82
92 74 72 31
