1000 100 100
46 25
91 1
90 33 92 30
5 67 32 41
26 83 15 86
59 81 5 93
93 57 47 33
27 76 24 54
34 82 36 31
3 84 10 56
41 64 64 29
89 4 41 30
95 73 36 97
76 66 14 52
4 24 94 77
100 34 93 69
63 57 19 28
9 35 73 76
95 13 36 60
84 84 57 99
18 69 49 98
33 66 88 15
73 41 51 88
78 81 58 32
11 92 11 63
32 89 100 36
71 25 85 53
65 52 22 90
45 59 7 23
91 59 64 67
10 23 13 88
93 73 28 64
75 67 79 21
28 34 77 69
40 17 86 0
59 46 16 79
23 18 52 47
42 5 23 63
95 86 40 53
24 47 50 77
9 3 34 36
46 35 83 68
27 27 49 49
30 73 50 44
85 21 60 91
95 51 36 37
7 51 55 49
22 82 65 76
8 0 52 1
99 75 28 98
8 69 36 51
44 44 12 27
39 84 74 55
78 96 80 10
70 21 90 54
73 52 5 11
13 7 78 0
23 3 0 11
28 90 51 61
23 11 1 15
4 2 95 53
30 97 68 22
96 54 84 15
37 36 13 3
83 23 17 32
75 18 6 50
41 46 49 11
93 65 78 20
93 7 66 16
25 82 14 2
96 0 80 10
80 67 79 20
26 66 0 100
19 25 18 74
18 92 63 21
6 26 49 47
24 16 47 7
8 60 74 49
43 51 59 45
6 59 70 99
82 9 87 26
52 79 85 24
79 10 73 88
61 93 67 99
66 81 73 25
91 88 40 90
56 46 97 15
38 82 91 5
37 71 87 46
43 26 23 93
10 81 96 62
34 29 74 85
41 39 93 62
72 85 66 61
45 12 64 13
78 44 50 67
66 85 28 48
36 44 87 45
86 85 80 7
67 64 95 58
23 57 73 89
16 9 7 75
40 29 7 91
39 97 22 84
75 15 61 23
50 89 11 14
16 49 23 49
24 9 13 29
54 85 3 85
8 11 14 33
20 55 29 28
15 49 9 3
27 28 50 52
52 53 7 1
89 15 8 62
19 12 93 99
52 84 86 97
63 79 96 86
22 54 39 25
18 34 38 21
78 69 73 70
0 80 67 65
27 20 98 51
68 48 60 41
82 19 20 40
66 55 75 98
33 42 8 48
52 34 30 28
18 24 3 62
41 72 33 39
24 71 24 1
62 34 12 26
86 18 69 17
21 46 88 12
65 25 55 41
48 97 20 6
0 35 70 71
99 60 65 67
70 87 89 88
81 66 45 88
19 47 72 53
98 22 64 19
82 82 1 51
45 74 20 3
22 50 70 60
19 43 61 31
26 88 29 20
98 59 51 99
86 24 42 43
28 1 47 57
31 81 1 92
16 81 6 68
97 82 84 30
23 85 29 62
52 40 68 66
19 25 99 42
43 68 36 8
51 42 62 67
1 96 86 44
8 95 32 89
87 47 13 48
68 81 48 73
32 36 8 9
73 54 70 92
1 99 91 21
87 59 47 30
31 23 59 51
98 34 80 85
33 34 50 28
100 39 51 79
63 40 2 93
15 37 6 33
44 51 4 36
68 37 98 45
36 30 98 91
27 36 41 85
91 49 67 35
68 0 67 2
12 96 2 25
64 67 96 39
96 15 68 52
98 87 84 24
0 15 45 67
43 88 69 80
19 43 84 36
89 75 47 25
91 61 86 12
15 55 68 81
88 67 18 37
6 90 35 65
12 77 49 81
75 69 23 93
77 24 95 28
42 6 18 4
56 30 33 34
88 83 77 44
39 39 40 96
62 64 25 65
28 95 16 80
67 49 42 71
18 30 74 45
11 51 86 32
11 57 19 37
55 52 75 41
76 99 32 37
26 75 73 37
53 47 26 45
25 18 19 71
94 26 8 50
52 35 66 20
76 27 25 25
82 86 81 100
3 25 50 64
89 46 61 84
43 7 1 12
69 31 93 4
82 19 84 49
21 94 51 4
78 47 11 35
14 100 44 72
86 98 98 48
45 38 95 41
22 98 23 30
14 94 13 68
22 64 82 62
10 50 6 1
100 55 72 35
76 74 84 26
83 76 35 60
99 92 0 92
61 44 51 47
11 93 17 66
7 39 32 6
73 83 38 10
9 100 32 29
15 19 30 53
31 43 13 3
74 98 18 24
63 86 81 67
13 61 21 4
34 84 99 86
98 28 53 45
12 56 92 43
38 53 8 27
97 98 47 78
51 87 50 42
70 97 29 99
40 26 3 93
65 1 12 38
11 51 45 86
27 3 34 15
84 8 7 81
30 82 44 63
19 29 8 48
99 32 24 81
90 92 18 70
31 20 24 3
70 33 97 24
58 34 92 85
60 26 95 61
26 17 4 79
0 1 40 69
75 52 67 45
75 55 43 26
9 46 23 10
45 40 49 77
21 67 88 5
51 58 68 65
65 19 70 15
31 85 62 58
75 81 45 55
57 73 7 82
57 23 32 48
40 76 69 76
16 90 45 87
49 98 83 39
99 73 13 81
11 1 27 4
81 86 86 52
41 36 78 60
63 88 69 42
60 55 98 53
35 58 83 51
45 27 87 53
53 99 56 35
53 20 3 6
42 45 45 40
52 1 47 22
87 97 99 88
88 89 90 27
11 62 54 34
64 56 61 90
27 16 42 90
50 38 90 87
48 83 86 82
18 57 59 85
21 21 19 55
82 60 42 75
25 31 52 41
71 29 78 57
3 28 89 61
91 41 38 89
77 91 65 37
35 12 76 0
55 88 86 31
85 24 31 65
69 32 9 64
72 58 45 97
18 70 57 97
95 78 5 88
69 21 17 40
6 84 12 55
46 16 7 40
59 19 25 69
88 45 4 55
92 32 41 93
96 98 33 61
79 34 45 97
11 28 58 4
44 23 13 66
51 19 3 66
25 59 58 0
89 80 9 17
83 28 89 99
51 34 0 100
95 90 98 18
98 49 1 57
50 81 91 94
35 0 16 90
50 46 23 30
61 48 80 24
7 79 54 12
27 91 16 59
67 27 38 87
15 32 64 55
29 34 31 70
59 74 85 49
2 24 71 32
28 71 1 82
91 86 52 90
87 41 9 28
19 93 90 35
0 75 21 65
22 49 25 86
57 59 27 13
61 70 88 23
54 49 28 17
100 54 94 68
12 71 44 50
78 26 80 62
4 25 6 59
32 33 39 97
12 57 4 96
22 71 84 96
92 39 62 40
12 87 27 46
37 54 74 69
0 1 28 4
90 62 3 87
98 90 91 97
93 4 23 90
98 47 49 47
94 82 85 20
29 99 35 30
73 21 66 42
49 90 82 50
66 67 79 90
11 37 97 78
33 94 17 89
0 16 10 77
46 69 33 0
28 11 43 50
24 81 94 89
40 49 3 43
3 8 34 88
71 32 70 98
20 33 65 68
77 91 74 61
25 4 71 56
3 11 66 98
10 79 92 35
75 77 72 94
31 53 90 84
15 94 79 48
41 18 47 90
66 88 6 84
96 61 66 98
40 53 76 68
21 87 19 12
14 65 38 55
6 70 24 91
35 91 16 77
86 75 10 18
97 89 82 41
88 44 74 45
85 91 22 82
17 87 13 94
45 42 20 45
66 38 89 62
52 68 81 80
77 3 33 12
7 31 28 55
34 75 39 15
83 73 63 38
41 5 17 59
98 33 56 76
69 51 92 17
60 36 98 67
90 24 94 69
60 95 52 31
89 94 75 68
38 32 1 49
56 94 54 32
86 9 43 47
64 75 70 16
83 98 52 48
86 52 95 70
20 29 51 5
90 63 16 14
77 29 52 85
75 4 19 34
82 84 66 35
61 96 68 84
79 64 85 8
45 51 23 33
64 56 71 15
44 18 51 52
73 79 16 93
46 52 21 48
60 26 60 29
39 85 95 20
24 53 10 17
16 78 9 41
27 60 13 21
45 20 50 49
31 11 40 59
76 44 61 64
88 92 100 12
9 90 28 24
8 88 24 54
16 47 55 86
68 82 25 25
74 49 23 35
79 28 15 36
71 19 31 64
1 91 31 40
17 27 84 84
93 13 44 52
39 38 24 42
13 59 55 20
98 71 70 89
35 84 61 40
45 24 32 22
0 17 56 98
100 74 85 32
21 38 71 25
28 39 63 94
57 59 60 38
63 55 22 73
90 5 20 52
20 30 67 28
5 39 0 77
54 28 46 38
47 22 20 54
60 77 68 80
94 60 77 34
89 93 98 88
38 16 30 3
79 52 75 27
23 93 47 67
33 9 22 34
5 1 19 60
69 33 79 51
3 96 34 84
5 0 57 98
50 89 61 38
12 82 20 88
99 34 30 36
43 90 8 48
24 25 56 65
2 55 31 12
19 31 71 48
36 57 10 98
87 66 94 74
21 70 9 45
82 39 23 41
39 45 81 55
98 40 40 95
1 42 62 85
50 62 81 10
91 5 82 73
42 85 14 17
98 29 58 73
2 90 69 67
20 58 1 25
43 80 42 98
100 81 51 61
96 21 32 42
11 99 70 71
3 52 72 34
18 12 62 81
22 61 75 50
90 83 82 10
60 53 40 76
63 89 69 43
34 100 10 86
52 41 12 8
37 68 28 89
82 52 4 69
22 81 16 51
83 36 44 82
74 72 36 14
31 100 92 5
57 97 83 39
45 51 82 63
44 100 10 90
96 28 62 30
3 69 89 20
75 16 78 79
79 32 66 16
3 53 33 5
65 69 92 86
88 15 26 63
87 39 67 91
83 44 25 88
65 54 7 42
6 24 14 62
36 92 59 45
51 47 89 12
93 87 62 34
76 79 100 41
7 29 97 27
83 41 0 32
72 78 60 96
14 25 35 89
49 89 3 61
14 23 43 21
83 93 90 78
99 46 85 31
0 87 52 100
51 91 78 62
50 76 93 70
33 81 33 84
78 89 25 12
66 53 9 99
35 30 14 12
70 34 2 27
18 41 57 36
33 83 8 23
54 93 13 25
75 72 64 31
41 58 16 83
18 76 81 74
80 18 23 76
74 86 24 43
19 33 86 60
67 14 48 44
16 83 91 96
39 0 49 22
68 15 4 97
35 67 88 12
38 16 19 83
79 68 30 96
13 7 40 24
68 45 82 16
66 92 93 89
59 43 97 38
69 92 2 8
50 31 100 69
12 71 77 99
7 78 53 51
1 72 36 36
30 83 99 8
88 61 77 97
9 67 76 20
16 86 58 98
79 86 7 98
52 40 89 62
57 61 29 33
54 92 80 50
90 47 64 39
85 57 41 40
84 56 95 37
79 46 13 83
2 81 36 25
59 83 39 1
58 65 77 14
14 46 57 43
51 75 96 1
28 78 46 59
31 43 56 69
16 40 61 7
31 20 46 22
87 59 19 28
99 89 53 65
13 58 3 84
60 65 33 83
16 99 74 56
69 94 77 16
13 49 55 65
72 71 12 32
0 69 33 11
76 42 21 91
29 75 65 37
62 98 81 26
18 92 99 11
17 29 79 64
64 59 33 21
58 99 0 17
89 19 64 23
14 91 41 27
26 84 56 98
19 72 20 98
10 30 20 9
16 58 15 81
86 90 1 59
9 81 58 69
15 64 12 96
38 41 64 91
99 77 6 39
34 24 77 74
2 79 81 99
55 72 81 70
80 65 52 76
78 66 16 92
68 89 6 17
34 67 7 33
23 100 20 35
36 18 71 76
38 1 39 11
57 80 3 42
43 73 83 39
46 100 42 87
19 55 36 19
16 26 9 24
53 47 38 20
11 75 30 75
50 60 59 66
62 37 95 56
17 80 94 67
6 73 46 22
93 10 58 60
63 92 3 45
31 71 53 49
51 79 48 26
92 98 0 77
76 22 95 51
99 47 53 83
79 88 16 46
28 21 66 92
100 42 41 30
44 68 34 98
36 36 37 28
98 79 49 50
55 100 65 78
88 14 65 45
90 60 93 99
6 0 16 80
38 54 20 69
51 28 27 19
2 28 17 39
21 34 80 41
60 62 13 44
50 26 71 61
50 15 17 74
76 94 73 43
16 17 8 40
61 33 46 30
82 84 27 79
95 72 29 92
36 32 63 60
13 73 63 38
31 8 48 16
29 90 83 67
8 42 95 100
79 77 94 84
13 72 87 16
75 89 5 51
96 94 17 54
8 22 40 42
28 79 13 4
73 73 6 34
12 80 50 45
98 25 21 63
4 59 96 51
21 39 12 27
59 43 12 49
19 42 27 83
13 0 55 12
83 46 98 90
53 58 92 13
98 80 79 25
98 47 31 57
74 61 100 51
75 31 79 69
19 42 40 1
69 49 8 89
60 92 15 83
88 63 68 47
54 93 53 90
82 26 16 30
57 95 86 90
83 86 34 71
65 70 8 33
39 51 40 75
26 17 75 62
15 93 59 58
72 94 56 30
78 69 61 40
50 81 73 92
94 86 70 47
28 91 8 15
72 35 18 27
78 86 16 65
54 47 95 43
80 47 98 38
42 54 58 96
34 100 49 99
29 92 67 62
69 61 14 41
14 97 28 31
98 86 72 12
89 96 55 22
6 30 68 77
58 50 44 52
30 48 12 40
83 20 64 42
77 81 50 68
31 92 91 49
39 73 34 6
91 7 20 94
65 68 53 50
20 53 79 46
7 77 58 63
59 78 80 40
60 68 13 79
94 84 12 45
42 11 50 4
88 81 52 49
1 81 94 40
88 27 28 30
80 79 35 36
21 87 80 99
17 22 37 77
51 74 78 11
19 56 10 59
8 88 100 1
8 72 94 0
91 57 100 82
7 98 79 70
18 100 75 19
18 16 1 17
63 55 42 88
27 56 11 34
92 23 86 28
33 2 9 7
52 69 14 50
84 68 31 54
58 89 90 14
29 17 39 69
45 26 57 55
62 73 90 4
56 30 22 97
70 90 0 55
25 71 13 29
52 74 8 41
91 53 42 47
32 77 44 57
27 37 31 7
67 30 11 73
3 32 31 96
70 5 11 39
51 50 54 29
33 87 37 72
3 57 86 87
48 40 73 48
85 33 97 65
13 44 94 39
82 54 88 53
100 46 87 55
44 32 72 42
40 48 83 31
45 57 6 42
77 81 70 89
61 80 89 8
30 55 72 74
41 53 20 22
84 97 23 19
17 41 7 71
48 86 68 35
23 86 55 53
48 39 76 67
3 41 72 80
5 96 61 92
29 79 20 19
39 44 85 73
13 31 59 71
32 37 16 19
9 28 91 50
92 13 87 100
26 70 63 81
75 34 93 96
0 97 12 51
22 15 82 58
59 100 0 48
58 80 99 90
47 8 41 78
6 81 59 95
46 98 100 62
15 66 29 16
32 63 48 47
55 50 47 47
6 83 85 5
97 90 13 15
2 0 25 99
23 27 10 16
90 4 84 74
95 82 81 85
52 44 97 47
45 37 67 94
0 96 5 47
40 67 89 18
62 48 24 73
35 24 46 58
42 13 21 2
47 82 81 90
35 36 73 59
0 67 37 91
84 20 84 32
63 65 14 47
33 42 28 84
63 81 88 13
27 25 52 76
92 74 58 96
74 45 11 88
22 70 83 17
28 25 93 46
48 91 20 34
62 98 16 37
87 61 48 26
40 71 78 46
71 56 23 21
32 96 39 93
87 96 63 42
11 99 87 44
71 32 74 89
12 36 7 88
0 99 58 76
41 70 5 76
35 41 97 60
26 58 5 49
34 58 30 52
87 14 73 49
10 62 51 8
27 34 56 30
24 39 58 19
39 93 77 52
74 97 1 24
29 13 76 62
6 89 60 75
13 37 44 89
7 86 7 24
26 38 60 60
47 62 6 31
33 92 18 24
36 36 11 58
48 41 96 10
27 22 60 52
60 62 27 51
62 48 90 53
36 47 34 84
22 90 43 26
23 78 17 52
29 51 34 96
29 63 25 62
17 75 53 82
35 35 49 20
54 87 78 56
96 76 0 73
19 52 51 47
39 90 32 58
25 98 32 37
65 61 100 58
12 21 7 56
87 91 67 66
45 67 10 90
66 43 61 22
99 40 21 34
68 68 41 46
46 73 42 55
50 66 99 94
68 32 42 28
5 59 16 14
8 11 59 15
71 14 82 33
70 41 20 9
92 12 16 97
37 100 11 66
57 24 58 29
97 79 46 60
16 51 66 57
53 0 3 17
72 79 98 31
67 100 6 86
79 41 1 72
61 44 75 34
66 39 86 40
74 21 59 77
18 99 64 77
13 71 95 82
26 65 54 21
68 56 88 58
92 89 54 34
48 52 11 97
67 94 20 98
23 4 20 65
22 10 15 32
72 33 62 42
46 54 11 82
86 54 46 62
71 67 50 95
54 85 75 22
12 84 41 0
26 28 78 29
47 4 40 56
37 60 19 74
49 75 87 24
12 87 42 93
96 97 84 69
0 56 16 13
39 32 18 13
14 95 58 28
83 56 34 84
28 28 11 30
32 31 83 90
23 77 79 28
48 27 56 97
40 53 25 17
90 90 26 6
94 34 94 59
44 62 38 16
36 32 30 32
29 45 87 90
8 52 8 89
62 65 17 99
8 48 73 82
75 65 55 33
57 35 49 61
61 95 35 61
59 2 31 0
87 0 15 17
97 46 9 82
46 69 47 64
26 41 95 42
60 67 92 21
17 50 95 59
4 26 55 95
39 57 8 86
0 94 97 60
1 54 25 50
2 30 50 78
34 33 55 26
88 58 15 53
57 43 45 55
53 83 34 16
25 20 32 49
90 61 53 75
92 96 9 89
21 71 32 7
91 26 35 31
19 39 49 90
18 28 18 73
91 66 56 45
18 91 43 86
33 79 90 17
92 17 14 43
89 76 0 5
28 26 22 92
78 79 87 100
80 42 43 87
1 52 33 62
15 34 64 84
25 89 10 30
16 64 30 14
25 18 54 7
100 40 98 97
28 22 4 98
69 36 95 73
88 77 14 65
75 19 97 67
50 86 92 33
87 30 93 38
77 43 70 47
86 37 32 36
38 99 91 43
88 71 22 100
5 47 35 79
18 55 6 4
100 59 31 74
74 33 54 82
37 73 18 23
22 28 96 26
