1000 100 100
77 70
24 39
83 4 63 43
38 50 89 50
39 64 1 81
96 12 54 58
38 100 3 98
94 5 61 24
92 7 82 55
35 19 87 47
81 42 87 0
88 95 10 55
40 79 0 20
34 45 43 16
86 16 36 33
37 37 25 21
28 57 2 1
8 86 38 97
62 43 63 20
80 90 95 77
12 85 46 68
14 93 79 80
12 21 18 37
5 69 14 6
2 84 64 94
3 90 21 44
100 5 90 14
95 74 16 32
30 70 50 72
7 49 17 26
49 5 46 33
71 47 68 55
56 10 72 71
0 44 35 61
97 76 56 23
1 66 62 94
85 15 80 10
59 4 78 35
14 89 14 78
47 16 70 69
23 91 17 36
75 66 27 41
7 28 43 82
24 77 4 22
35 22 76 3
41 11 72 38
5 66 43 95
60 95 20 94
91 66 4 18
15 33 32 60
95 46 59 95
63 52 81 42
32 95 14 78
18 54 28 6
81 38 86 2
20 3 10 46
25 31 51 17
76 68 73 25
45 84 80 97
61 77 10 62
53 80 8 40
6 2 40 46
71 39 99 26
14 5 28 12
87 82 64 7
74 7 73 8
32 20 82 4
78 50 49 7
76 89 1 43
16 24 4 8
15 5 31 43
95 28 51 26
26 94 18 63
35 44 78 62
66 89 93 59
47 24 44 37
68 86 60 98
57 47 65 16
7 30 29 86
24 5 34 21
47 26 82 45
98 18 41 35
96 56 89 54
100 8 71 61
39 82 5 3
17 19 92 22
32 68 40 73
80 1 74 39
7 62 17 88
37 1 26 14
3 19 61 3
87 83 87 42
65 69 51 42
9 46 3 28
81 17 37 4
41 3 87 20
12 3 97 34
48 89 86 92
76 91 59 98
53 98 2 39
62 94 69 79
28 17 55 37
81 26 86 80
70 12 63 22
91 6 18 11
13 82 91 88
92 5 4 5
74 60 59 58
94 11 92 1
76 81 99 79
19 10 61 58
41 93 12 100
94 60 26 35
33 19 83 73
100 68 67 12
58 52 40 2
71 15 42 25
59 2 98 47
72 88 3 83
81 32 22 5
53 57 3 5
7 60 22 76
17 37 12 40
23 16 89 37
57 50 48 55
96 0 80 10
33 69 6 13
96 58 19 31
61 80 34 58
34 89 41 84
46 10 84 74
62 29 95 32
14 72 70 80
90 49 26 41
17 32 25 71
35 29 66 52
36 78 49 99
48 66 56 79
92 99 20 62
98 38 77 85
74 50 94 24
31 7 39 38
6 5 32 61
100 65 41 96
47 19 50 22
5 73 30 66
61 75 72 45
21 23 0 43
6 84 2 73
74 81 3 75
82 46 78 22
61 62 50 28
5 7 2 0
64 90 23 73
73 59 46 34
65 25 58 50
36 70 4 31
75 22 70 0
98 32 70 42
75 73 97 95
96 60 82 2
84 25 59 35
6 42 21 70
33 78 13 6
71 1 98 15
32 33 99 15
41 4 66 43
80 46 33 6
51 16 0 5
10 83 22 74
79 47 88 83
42 47 38 48
80 20 89 70
100 71 16 4
54 93 20 44
67 48 37 22
46 97 43 74
23 96 12 4
39 44 74 35
27 20 68 63
78 99 96 31
3 17 39 96
41 2 3 42
18 28 64 30
37 36 80 63
76 35 96 81
100 67 60 43
13 45 57 95
66 81 58 100
23 78 23 19
81 54 59 37
69 92 23 72
93 82 51 43
34 39 97 71
71 30 86 26
97 15 19 2
5 49 8 31
42 84 13 62
19 25 75 12
20 39 49 5
35 3 71 8
40 6 65 51
49 40 94 8
5 45 1 6
73 71 34 29
11 42 16 26
82 100 16 95
86 68 52 60
41 85 33 91
95 82 80 25
41 24 79 47
87 93 82 53
85 86 64 4
64 53 98 71
91 73 89 18
93 83 89 45
14 68 97 93
57 32 93 50
21 28 45 43
55 61 50 52
61 36 87 25
59 99 14 91
73 26 78 64
13 88 14 95
71 66 69 51
82 93 32 90
68 99 37 82
25 28 62 12
34 41 69 10
39 4 83 78
10 77 9 21
33 33 84 12
32 39 28 0
59 16 92 74
19 100 16 23
2 83 88 80
51 58 53 59
73 40 44 31
13 86 58 90
61 37 90 13
32 33 2 23
86 71 52 11
69 19 30 34
80 73 79 75
64 22 53 39
35 89 15 25
12 56 1 42
73 30 90 36
63 51 48 62
40 34 17 21
19 100 95 88
11 68 20 99
32 39 94 4
60 77 76 93
88 46 47 24
42 11 90 76
95 39 28 9
100 81 60 87
93 36 15 18
93 79 91 40
3 62 87 99
25 86 40 80
2 11 12 24
92 19 97 33
5 77 35 85
21 12 10 67
98 31 79 63
43 28 89 44
78 31 94 32
1 93 28 57
14 61 26 71
45 80 14 41
89 30 51 65
32 59 55 74
5 50 46 81
31 26 9 43
0 0 13 3
97 60 58 29
28 8 81 41
86 81 79 88
27 19 22 28
59 82 65 78
81 29 93 33
40 14 45 19
87 94 63 10
91 36 46 4
58 90 21 61
37 6 61 4
25 22 35 20
82 43 66 13
80 80 38 94
81 33 86 22
6 34 54 46
42 33 36 17
46 82 37 91
10 58 74 99
21 94 84 99
97 76 12 83
45 25 8 22
80 14 52 26
24 82 4 93
100 38 97 28
50 17 51 32
67 58 97 7
32 69 72 83
32 5 61 45
98 64 47 39
30 19 19 37
20 24 14 79
69 79 39 100
57 46 96 7
10 71 57 90
5 15 7 30
4 40 6 15
98 20 38 20
74 98 11 43
14 30 34 91
80 41 17 15
38 74 48 66
22 65 73 89
89 80 85 30
34 43 65 14
72 33 26 11
22 13 55 46
72 32 0 15
95 75 6 86
54 98 68 76
85 45 62 69
6 2 87 50
2 51 9 65
45 8 95 92
28 56 5 65
32 34 40 29
34 31 21 17
4 58 54 83
2 89 98 92
18 8 87 51
2 30 87 48
68 22 9 38
3 66 13 17
29 86 19 84
18 35 75 49
20 0 4 84
20 0 19 1
61 15 77 49
2 89 22 50
32 72 15 50
10 51 32 12
51 51 99 4
94 68 49 60
73 87 92 86
73 69 76 16
85 71 65 99
37 86 37 87
88 78 70 73
74 70 85 26
21 0 33 14
7 60 63 91
93 41 76 97
72 54 5 15
73 54 33 15
18 98 24 82
99 41 74 0
8 10 44 53
28 36 84 41
76 96 8 57
38 15 8 61
80 66 67 64
63 72 48 61
39 47 52 5
45 72 29 54
32 7 5 32
61 16 93 33
96 67 92 75
71 24 27 39
69 38 24 35
85 10 6 13
67 13 9 13
32 23 59 64
29 58 14 39
14 18 87 74
25 80 17 83
40 1 85 26
75 31 76 17
98 25 95 75
1 54 18 73
9 17 15 92
62 51 75 0
40 70 77 98
76 82 99 80
40 61 3 71
0 25 87 4
61 24 16 3
56 61 28 9
86 45 81 24
19 37 10 14
94 90 14 86
31 68 1 73
15 21 39 45
93 21 74 29
91 76 70 88
35 22 45 49
82 41 63 57
35 88 96 100
11 57 22 5
64 62 40 48
43 6 94 68
41 40 23 38
58 7 22 2
14 98 26 62
30 42 54 41
83 80 87 17
72 20 51 29
0 96 53 72
18 61 6 33
19 93 35 56
34 72 59 79
14 20 10 95
6 78 30 86
83 55 25 11
1 22 38 44
95 18 67 67
83 16 57 12
29 49 43 70
81 82 86 32
30 13 69 41
90 60 55 62
49 43 22 4
55 91 1 69
83 69 100 29
98 40 69 41
63 39 78 63
36 25 52 51
18 8 14 85
11 30 41 95
20 15 65 53
59 48 28 31
7 95 36 100
98 35 87 25
18 40 82 29
0 88 9 44
43 53 46 21
80 20 28 24
86 60 58 55
62 7 82 25
94 83 91 73
42 94 85 65
38 60 18 48
87 2 68 67
9 62 61 79
11 95 91 71
82 40 23 17
24 72 4 50
50 95 38 64
67 35 96 79
10 33 12 97
8 41 16 61
28 81 14 44
36 60 50 81
77 7 41 19
42 1 60 65
3 49 65 93
36 2 5 0
72 50 5 26
96 64 98 89
76 16 99 9
82 7 41 12
42 28 84 16
3 19 95 11
21 35 51 89
46 99 11 58
51 18 9 34
17 92 54 77
47 84 18 29
4 8 61 55
7 42 23 65
61 41 47 54
71 46 67 70
66 41 58 34
18 93 33 56
89 57 30 28
4 57 45 66
7 1 30 23
38 6 87 15
14 91 9 10
95 69 4 16
40 34 49 21
15 2 1 77
42 100 16 62
16 6 69 60
0 10 43 50
38 19 98 4
22 21 87 50
14 25 96 0
68 62 59 33
72 34 66 39
100 1 41 44
54 20 96 53
56 12 43 24
72 74 27 100
25 93 8 48
80 66 4 9
65 22 92 44
14 14 14 2
98 7 80 38
6 9 95 44
44 86 32 76
81 55 44 17
46 47 70 63
66 87 99 39
9 0 49 1
83 100 32 77
59 73 77 63
70 5 78 65
77 22 63 9
5 13 7 58
49 50 45 9
13 13 87 3
77 32 89 38
1 68 27 46
14 10 84 10
85 0 78 14
6 92 4 83
64 57 55 22
94 22 60 60
75 15 61 28
18 80 33 84
51 92 25 56
85 69 24 21
31 26 12 47
63 61 62 19
10 10 19 64
33 29 4 12
5 29 90 54
82 6 31 9
99 84 32 76
15 18 72 20
68 43 22 9
0 86 22 50
91 32 33 30
27 58 21 23
73 27 56 68
8 8 83 58
48 62 50 20
9 1 97 28
6 8 74 61
26 94 11 45
30 7 66 7
72 36 97 76
28 11 6 80
33 85 17 83
1 40 38 5
37 62 59 78
75 7 68 2
77 29 83 36
63 26 89 15
47 8 66 69
17 83 19 2
93 29 76 18
4 6 21 56
95 36 39 32
76 92 8 97
39 61 44 94
31 94 64 82
34 28 85 68
15 5 22 24
75 0 74 9
86 92 28 86
23 14 87 34
59 26 100 74
73 6 12 10
49 23 52 48
28 1 75 32
12 45 57 22
50 25 95 94
52 2 58 25
17 69 38 96
62 41 80 14
8 89 25 42
22 3 78 8
97 91 19 61
10 41 1 11
84 62 91 2
8 85 28 56
93 87 93 66
84 66 86 70
93 1 93 8
33 71 33 49
3 30 3 68
22 70 18 50
53 62 12 2
30 38 40 19
45 78 32 65
87 93 100 55
17 42 55 20
8 41 22 52
43 50 92 42
15 2 65 8
43 61 4 44
14 24 38 37
87 30 95 96
99 90 35 78
77 4 55 46
18 18 17 84
42 74 31 75
20 21 65 11
33 29 58 13
30 42 60 17
26 82 74 84
62 43 11 13
61 4 3 37
72 86 38 85
97 72 4 7
61 84 50 77
43 8 98 54
34 76 8 52
99 50 90 76
34 1 94 66
87 36 28 2
7 7 34 30
38 30 43 59
63 33 97 60
24 60 32 80
49 37 30 2
95 98 29 90
100 95 53 82
86 87 70 37
79 13 24 3
41 44 36 25
64 0 29 12
76 89 23 79
100 25 50 25
4 67 8 73
13 37 74 22
70 2 43 33
25 38 83 72
42 58 7 50
58 80 23 80
82 39 94 87
26 83 13 95
40 86 33 81
18 7 98 41
50 52 49 49
33 56 12 18
7 79 89 94
88 1 80 3
94 33 83 92
68 21 55 39
93 52 65 97
32 80 87 75
3 92 71 81
57 49 21 38
3 40 77 21
96 49 74 96
65 18 42 23
61 52 79 0
25 32 91 22
70 91 69 80
39 78 58 83
61 23 92 11
98 50 83 62
100 20 50 14
99 5 93 85
38 9 61 52
61 50 97 73
49 39 83 23
36 42 78 22
13 48 90 97
83 46 87 2
27 6 84 13
67 67 49 23
16 76 12 81
21 48 41 92
4 79 45 84
87 57 43 45
90 7 53 42
3 34 30 9
28 74 50 77
53 11 97 37
78 86 78 97
86 67 66 64
63 77 31 72
60 46 67 62
100 14 10 33
57 15 78 49
56 95 31 60
4 57 53 0
1 34 58 23
16 21 70 29
82 76 67 55
13 0 2 76
9 42 24 98
73 89 77 74
33 57 6 90
65 96 88 50
99 97 50 99
3 28 24 58
63 85 36 56
41 80 81 77
15 87 0 45
44 24 96 83
88 6 41 39
8 74 49 67
68 76 22 86
0 64 8 12
90 87 62 35
97 65 57 80
39 71 29 100
90 86 51 96
12 59 18 52
63 29 73 48
18 21 68 69
89 66 55 7
22 40 14 13
72 46 10 30
85 73 62 5
65 68 15 15
3 6 37 85
24 66 53 99
23 0 82 24
57 54 47 8
71 8 66 10
57 93 18 88
58 57 88 21
8 31 81 50
53 100 95 81
0 63 57 4
77 71 38 96
69 99 7 42
74 57 51 40
31 46 81 7
57 68 41 6
6 16 95 5
11 26 67 93
6 50 22 79
61 84 3 67
12 38 27 23
80 56 39 44
76 80 84 15
16 47 37 65
81 83 96 38
1 61 36 72
90 23 20 28
14 49 4 64
7 12 67 49
48 8 36 25
50 92 42 67
30 8 86 11
98 54 19 29
13 24 93 70
21 4 7 96
56 37 76 5
32 15 25 34
77 20 43 27
65 25 93 15
83 14 47 40
19 9 51 41
3 43 23 62
44 71 3 12
48 24 34 40
46 39 9 4
67 96 100 75
69 24 58 59
44 3 2 9
90 57 79 19
90 13 58 25
81 46 100 41
40 74 22 96
14 96 20 93
99 2 85 55
11 1 21 80
0 91 91 72
96 9 82 19
38 61 22 88
22 10 6 11
73 40 87 24
27 32 34 30
41 4 5 27
79 74 94 7
100 57 77 88
82 90 76 48
27 89 8 28
3 17 32 4
99 3 86 64
81 32 71 39
15 34 18 36
2 67 27 81
8 48 51 1
61 55 70 18
44 38 95 3
81 21 88 33
9 4 29 54
88 64 91 41
98 39 77 14
13 55 82 88
54 44 51 57
28 0 21 11
0 7 36 96
100 78 67 49
19 43 16 62
7 16 13 7
70 59 61 21
2 3 63 55
40 35 64 63
99 44 91 52
56 48 92 24
51 67 0 3
99 30 34 33
46 84 23 95
70 37 95 86
69 44 98 83
30 35 23 11
57 11 66 47
83 61 86 40
98 86 80 4
67 23 66 2
100 73 90 34
41 35 73 69
28 33 27 19
62 85 7 79
64 33 5 16
92 77 96 97
91 20 62 1
82 67 94 52
83 25 70 69
3 62 48 96
40 83 1 5
29 74 94 94
95 55 67 95
74 9 94 62
82 71 45 91
87 71 76 24
43 36 72 7
78 63 88 1
66 56 91 32
56 10 86 55
92 29 15 10
98 51 67 41
98 80 80 89
47 28 54 51
23 21 11 78
54 76 48 66
8 24 8 53
45 48 48 20
78 2 8 0
0 7 27 14
53 95 73 89
91 67 94 3
18 55 52 97
15 3 92 75
58 66 98 46
75 74 86 80
29 13 52 41
41 26 83 77
61 14 51 8
16 28 94 65
24 42 50 73
87 35 97 45
82 72 29 17
40 46 87 56
25 91 15 75
97 51 61 41
75 46 41 41
41 48 84 1
97 33 69 39
59 76 2 26
35 1 56 68
79 50 44 57
30 3 59 73
1 34 53 12
20 94 47 87
16 63 35 58
34 45 91 26
28 5 30 32
89 69 92 99
85 34 76 43
36 98 6 23
100 73 13 27
12 29 88 10
80 60 99 54
99 35 20 30
17 83 56 95
93 75 55 1
74 67 67 65
48 15 78 37
3 87 86 88
28 22 68 53
73 48 16 22
99 9 63 68
39 20 56 14
78 30 4 32
73 94 95 60
81 72 96 27
80 81 81 100
93 99 78 49
93 24 71 54
0 79 22 81
6 59 81 98
75 10 59 8
94 91 93 84
28 55 47 98
36 87 42 81
85 99 89 99
94 57 5 32
93 99 46 6
21 98 3 26
8 78 36 65
25 49 42 74
30 80 93 83
32 80 29 53
45 89 4 15
47 64 34 63
15 6 77 59
60 9 91 21
15 42 15 31
34 96 61 87
56 98 89 74
41 43 94 45
10 37 47 28
14 96 35 72
18 24 17 12
49 18 22 26
27 82 90 92
6 94 52 76
87 82 79 6
7 79 85 96
59 67 62 30
99 14 57 42
16 68 47 77
66 57 99 3
4 9 44 0
52 39 95 79
7 69 96 96
44 51 95 24
40 79 9 47
67 20 87 67
6 54 1 0
90 73 54 23
60 70 86 57
79 89 17 66
47 3 15 24
30 39 59 36
92 9 67 2
88 73 25 94
28 7 53 2
66 8 15 25
92 88 59 95
80 4 24 37
5 62 25 82
89 58 75 83
9 98 8 42
34 9 87 51
76 53 31 43
66 32 56 7
20 23 73 39
34 70 0 22
14 0 82 37
63 24 5 28
98 48 54 36
4 57 27 88
57 36 75 13
7 86 18 40
92 84 32 70
37 94 73 92
31 84 91 90
4 21 40 28
76 32 37 34
4 72 71 87
12 50 30 9
30 99 22 89
58 53 98 17
89 37 96 61
72 32 55 37
70 94 96 78
39 13 99 0
55 16 17 25
67 31 17 25
49 63 54 37
16 5 25 59
30 47 9 41
60 56 50 47
23 14 11 72
89 65 83 75
98 66 100 55
85 98 49 98
44 85 68 83
25 76 31 70
23 34 1 73
52 50 23 3
37 15 39 20
60 73 52 30
32 40 97 47
19 77 43 71
56 36 5 19
77 93 12 79
46 87 78 88
82 10 11 7
40 46 91 78
93 80 25 5
19 32 3 8
74 84 61 100
71 21 61 3
