1000 100 100
9 17
44 64
10 96 99 62
16 21 32 10
94 63 87 75
20 83 18 95
29 94 94 77
51 42 62 65
0 61 20 70
59 63 58 38
62 51 100 42
83 95 26 68
24 95 3 8
75 70 20 93
68 53 91 99
87 8 90 30
93 46 63 100
40 37 66 10
76 72 43 73
31 60 42 94
5 12 57 55
77 79 58 48
89 58 83 68
98 9 3 2
89 97 60 98
86 81 35 15
98 50 44 29
22 74 48 60
30 26 52 22
98 48 71 43
47 52 76 77
32 64 28 85
26 8 54 23
24 86 18 56
90 86 69 84
90 5 92 9
86 5 89 58
54 46 34 1
81 1 73 26
64 59 57 42
75 71 73 62
3 36 3 57
58 33 86 55
40 12 78 86
73 52 93 71
17 24 1 2
36 83 78 65
17 11 99 56
40 3 60 56
36 85 11 63
1 25 44 82
57 93 98 58
7 74 2 80
83 15 63 46
39 41 51 33
92 37 70 93
58 44 96 56
1 93 13 82
30 90 96 72
72 81 41 37
13 77 64 87
87 81 34 23
77 84 6 89
68 66 72 76
82 61 90 61
49 69 11 41
63 51 45 1
56 84 86 77
14 12 97 66
69 78 76 9
77 49 91 33
48 51 93 1
35 19 55 41
55 31 20 9
62 11 54 62
84 75 31 89
40 73 12 70
13 85 48 86
10 4 75 13
48 10 100 55
35 8 45 5
5 16 35 1
80 3 70 68
11 58 18 75
95 55 90 92
65 27 96 10
25 8 31 2
55 82 85 45
27 59 13 81
43 80 38 89
30 93 3 45
66 41 98 5
62 82 47 74
84 7 23 4
45 86 97 56
93 80 5 78
67 81 79 5
48 98 62 91
87 34 51 91
87 29 55 41
94 52 27 27
64 43 41 35
71 92 38 83
95 90 24 15
97 47 45 19
97 72 43 28
31 54 62 92
3 96 7 87
75 24 91 31
49 1 56 12
81 76 85 28
86 56 45 9
22 5 78 59
75 29 56 50
9 8 77 49
86 89 99 7
44 26 91 93
40 49 0 39
72 24 54 6
42 51 27 64
53 83 1 41
96 81 5 6
99 75 75 18
92 64 41 80
62 6 60 40
92 87 75 20
69 72 26 80
72 38 94 28
33 25 59 50
44 84 87 58
99 0 20 15
92 89 89 36
33 69 23 72
37 42 43 30
48 50 52 43
11 26 9 29
79 36 72 3
57 10 36 34
41 61 48 87
40 97 82 58
24 41 4 56
84 65 96 5
83 55 68 21
88 4 56 21
23 67 35 73
26 35 39 83
32 78 7 92
9 29 9 64
46 30 33 32
28 71 77 97
53 19 98 80
20 97 6 18
98 42 22 20
26 83 52 79
67 28 79 41
87 95 13 94
35 96 26 60
48 11 100 17
9 88 6 63
43 41 75 27
72 94 89 32
74 28 17 25
16 36 40 52
25 67 3 74
3 64 79 97
45 6 100 70
25 89 79 82
17 19 22 9
54 4 52 17
80 8 58 4
18 14 71 70
69 16 40 46
43 11 55 16
99 60 44 36
72 98 99 70
33 27 1 1
14 23 23 51
26 80 19 84
91 38 69 81
46 34 98 19
64 96 71 8
66 64 66 92
21 30 23 45
7 21 26 78
5 61 50 68
29 5 78 61
0 10 4 18
16 56 75 83
100 51 76 89
46 23 72 56
6 18 11 68
98 27 54 10
74 81 58 63
1 99 8 70
29 29 84 45
28 68 69 94
60 35 78 79
42 1 77 64
20 0 89 34
33 31 34 21
82 100 21 63
74 13 67 47
44 91 0 76
26 99 12 52
93 68 41 99
81 33 98 7
29 21 63 65
88 1 63 46
23 13 81 10
58 16 50 52
18 33 6 60
39 89 15 47
44 97 17 71
94 67 90 56
70 95 77 80
14 18 63 9
9 25 38 55
14 3 70 75
40 82 4 90
74 36 90 52
71 92 4 52
35 25 72 28
91 1 67 87
41 91 74 93
58 6 10 12
38 22 87 56
82 62 54 17
70 21 85 71
95 44 91 38
97 12 63 81
93 29 70 18
27 65 29 47
99 17 59 12
72 58 17 9
45 71 61 75
36 50 28 42
9 80 3 59
77 68 57 63
76 93 5 57
31 62 86 79
61 41 63 13
94 49 79 94
81 78 29 37
38 68 19 47
42 34 39 1
65 99 39 99
68 19 96 43
94 74 73 71
32 22 63 62
10 27 25 53
60 73 100 9
52 69 14 91
41 28 93 100
14 86 43 70
44 16 43 12
56 91 83 50
38 19 60 53
62 13 70 27
75 78 77 57
43 15 53 30
50 96 49 72
13 81 82 71
92 15 97 48
25 55 10 70
69 78 30 61
94 21 90 83
27 95 22 39
8 9 0 55
70 84 66 81
91 61 64 76
93 5 55 22
75 37 93 20
37 6 97 3
70 87 47 94
85 69 46 93
52 55 89 18
48 42 35 1
64 94 39 98
86 64 59 85
75 39 99 88
87 47 62 32
92 100 39 1
7 66 78 82
83 83 92 5
15 65 53 94
53 10 87 17
41 20 55 23
84 19 40 31
42 3 74 33
38 34 75 4
34 87 7 100
41 10 79 48
83 79 82 54
67 68 81 83
91 73 55 87
60 28 54 24
55 86 74 77
46 35 74 36
77 2 98 55
66 69 27 99
76 50 21 0
21 69 66 89
69 77 86 55
16 61 5 21
49 94 20 41
14 73 12 60
63 58 32 0
31 82 93 79
29 82 2 53
92 63 38 32
91 97 60 46
9 38 69 95
58 80 36 93
67 59 76 73
49 83 1 43
72 67 46 89
81 73 59 26
63 15 77 67
8 70 14 68
91 92 85 41
78 37 63 59
78 31 69 50
6 88 9 63
60 85 71 34
13 20 62 24
48 77 57 94
75 100 54 87
91 51 25 1
91 40 72 52
68 59 81 56
39 90 47 82
88 26 59 56
61 63 68 65
3 46 46 69
18 64 84 87
3 92 35 92
8 65 24 84
25 10 51 20
76 66 64 6
91 32 97 42
11 96 73 65
64 75 70 79
41 9 41 7
85 27 56 51
81 73 74 63
2 6 71 40
7 0 100 39
87 39 61 41
55 100 84 50
99 20 92 65
15 17 93 50
33 28 86 75
54 81 67 64
62 7 50 15
36 98 70 99
96 26 62 71
88 38 46 54
54 80 20 70
29 25 94 29
34 30 48 8
83 11 96 26
20 34 11 74
28 13 94 81
29 30 74 2
80 85 93 85
97 1 59 39
35 19 95 65
91 51 34 42
51 29 86 50
45 0 100 12
80 73 9 90
100 75 0 99
38 35 78 20
55 81 5 34
97 61 91 27
94 94 92 5
80 1 86 41
87 74 44 32
62 26 95 31
75 59 86 11
82 86 30 18
79 33 16 10
53 9 39 14
93 81 52 11
72 30 70 21
42 17 36 19
48 12 18 6
12 14 90 76
13 88 84 91
97 97 79 96
9 82 28 100
60 84 89 8
93 72 45 96
49 53 52 59
81 75 99 95
42 86 52 67
100 54 95 83
76 73 43 13
23 65 52 69
78 85 58 28
61 49 78 17
87 18 13 0
0 14 5 69
28 41 4 15
70 35 76 1
69 60 56 33
31 34 51 21
4 47 59 71
17 43 3 54
33 90 5 84
93 34 52 5
46 90 98 59
46 32 42 21
13 43 3 98
94 91 2 84
36 100 26 83
29 56 61 93
71 80 74 84
0 41 14 63
30 56 35 86
90 73 94 92
98 48 74 69
52 82 67 100
5 91 10 88
2 53 24 51
79 45 82 48
3 90 83 93
77 78 26 85
98 31 37 41
51 37 89 26
100 86 25 3
93 3 69 38
65 100 96 21
86 69 29 16
64 45 72 78
94 61 6 11
69 75 66 89
68 61 38 2
81 86 29 5
21 3 52 50
16 39 14 48
45 13 72 12
74 41 29 32
74 23 78 60
6 17 32 10
84 32 99 61
85 0 84 23
46 14 61 17
84 73 43 28
46 32 85 78
78 93 65 24
32 13 2 16
76 97 63 37
77 55 84 22
42 5 76 79
10 66 8 25
27 91 59 98
50 66 50 65
1 67 95 82
91 9 79 6
16 72 35 44
63 56 0 8
78 2 22 19
99 55 62 47
5 68 25 37
25 19 92 63
65 22 62 33
39 88 3 97
34 69 41 100
4 73 7 25
77 52 66 97
91 69 39 96
3 17 35 81
6 20 21 4
78 92 97 98
21 15 45 2
65 33 78 55
81 46 37 1
33 25 63 27
46 21 68 34
43 17 93 63
75 19 72 92
50 15 80 77
78 1 25 17
81 96 65 97
80 16 68 62
9 90 33 64
16 89 15 60
84 85 5 12
11 82 21 52
47 24 24 1
66 86 45 70
25 53 38 47
84 83 92 64
92 100 73 40
37 97 26 59
63 80 8 36
83 100 98 97
32 60 11 22
2 88 84 73
79 29 98 33
58 70 36 94
80 45 78 62
92 29 9 0
15 83 5 22
33 87 46 90
65 67 56 11
33 13 94 50
48 14 67 9
32 9 45 14
20 58 0 65
29 13 79 67
81 31 90 5
33 69 90 75
10 95 34 62
19 93 29 75
78 66 5 3
78 81 15 93
5 27 56 100
33 65 3 70
67 37 72 17
83 4 60 32
0 67 36 69
8 33 7 77
68 99 12 50
8 47 12 61
91 86 81 62
23 29 7 1
80 19 36 14
97 29 69 57
96 89 39 27
81 71 81 96
83 0 29 8
27 26 44 12
78 95 70 80
85 93 73 96
99 51 73 9
5 12 46 19
9 66 68 94
35 2 80 81
46 95 26 63
74 73 40 32
9 26 35 54
66 33 58 1
16 2 67 47
68 31 59 39
83 86 31 73
49 32 69 50
12 62 1 29
96 61 68 65
29 72 4 95
88 92 33 26
44 93 96 81
1 29 37 72
45 94 86 57
37 29 80 73
59 49 98 60
22 60 64 95
9 1 42 26
83 35 100 10
12 6 78 90
2 86 24 77
73 74 77 25
30 96 21 98
16 53 69 74
1 87 54 89
99 100 59 90
56 57 29 10
23 77 0 67
58 66 62 40
17 57 11 66
20 25 61 45
17 93 16 73
73 87 3 84
98 49 33 18
47 58 10 33
74 2 91 43
5 80 45 81
57 62 98 85
43 82 75 73
82 69 56 61
83 64 46 0
9 8 45 53
97 25 31 36
81 10 78 0
21 89 60 71
48 37 43 41
69 16 92 13
18 67 93 82
31 54 44 67
83 82 23 65
100 30 10 0
30 16 75 56
96 59 57 88
95 63 27 90
68 74 23 76
59 86 36 93
77 45 75 48
35 37 40 41
5 78 81 95
98 35 54 94
31 61 22 56
65 93 34 93
75 74 44 22
98 1 91 62
96 11 58 66
33 54 45 91
95 41 55 58
68 97 94 38
51 39 97 12
92 42 37 2
33 61 51 72
90 65 62 19
61 61 82 17
59 67 58 23
92 30 8 4
15 47 78 86
94 70 12 74
4 44 40 49
8 89 40 55
8 11 50 46
25 5 80 71
25 65 56 87
73 89 35 7
95 36 78 39
88 39 78 90
72 7 66 100
27 10 86 41
9 19 66 97
42 65 83 80
97 23 32 27
95 96 49 42
61 85 96 61
30 15 100 78
62 11 76 71
26 72 100 91
76 81 88 32
96 16 87 51
84 72 82 87
29 58 32 45
61 53 78 24
62 25 66 96
2 22 11 78
95 53 91 15
70 18 91 68
61 66 33 25
96 4 57 33
95 91 64 83
66 0 32 34
53 95 78 69
82 70 73 26
67 86 55 21
11 48 44 71
40 81 33 77
28 70 29 82
68 72 19 88
97 85 63 52
92 72 97 96
70 88 10 54
22 47 47 90
31 14 67 8
91 58 82 68
21 4 89 54
57 15 99 87
98 5 44 41
98 90 97 18
71 47 32 32
48 73 23 58
12 67 78 73
84 8 91 62
18 17 57 14
90 79 79 32
78 1 49 28
30 83 74 82
0 69 100 81
43 48 77 51
97 99 66 80
62 52 62 62
69 95 23 98
94 70 53 90
19 3 88 100
99 43 92 7
41 48 31 23
39 25 82 63
38 14 90 85
12 7 58 28
90 12 77 53
14 90 3 98
80 38 66 59
4 66 6 91
87 40 98 37
28 20 15 17
54 79 42 94
72 31 61 67
99 31 66 11
97 86 28 78
77 95 84 38
70 93 42 94
0 9 78 21
13 24 66 93
3 88 15 98
35 37 62 67
89 44 87 59
100 77 61 89
57 25 27 16
56 61 88 20
70 59 76 8
87 63 74 1
80 34 96 88
98 79 53 82
65 55 95 41
0 78 66 91
8 37 59 93
97 96 94 55
86 81 52 11
14 31 11 24
79 28 64 49
65 92 45 95
94 73 94 69
35 4 54 47
46 71 2 9
66 47 2 9
80 47 48 98
12 20 73 64
70 73 31 22
68 47 98 16
9 21 1 32
92 68 72 43
48 94 39 79
10 90 25 54
26 96 39 48
84 67 40 82
81 74 31 13
59 65 46 34
36 28 50 4
51 58 83 88
71 52 85 42
99 91 94 84
89 34 26 1
78 40 60 63
82 87 53 25
29 88 72 98
38 24 40 26
42 48 68 14
21 29 14 10
44 60 4 27
44 6 91 63
80 43 55 89
31 96 82 85
97 58 54 48
76 81 56 95
65 25 50 18
54 21 36 41
73 2 77 96
68 69 89 29
84 3 68 74
0 8 58 21
25 50 36 50
87 37 48 49
90 59 33 17
75 95 21 46
46 73 34 50
83 72 50 19
10 74 80 81
68 33 59 7
39 3 97 10
82 16 59 19
65 3 93 64
83 80 96 86
87 74 95 65
39 47 26 26
99 25 84 19
97 53 72 86
86 88 59 42
57 96 27 57
48 34 70 50
24 73 32 84
17 37 26 72
79 34 94 26
80 99 59 19
1 9 58 62
91 8 85 98
8 38 49 69
53 59 33 22
61 44 82 10
39 88 91 67
70 67 71 97
21 12 31 16
67 36 52 23
84 85 69 25
63 1 88 86
65 6 42 4
13 76 8 5
67 64 94 20
62 62 92 67
7 59 87 88
81 16 35 34
11 37 13 43
2 28 23 41
69 59 79 8
60 65 69 1
89 35 75 19
73 90 57 27
93 86 72 90
2 84 28 75
23 14 92 82
5 46 57 77
53 35 88 63
87 54 85 81
96 15 91 57
16 12 57 53
80 62 61 31
82 78 34 24
83 59 97 36
46 56 40 58
15 88 0 55
31 44 43 81
34 9 8 17
59 28 54 0
95 60 34 91
12 16 93 23
52 6 87 16
65 6 90 18
35 89 10 55
55 11 43 31
81 88 38 99
86 68 2 7
42 18 52 7
69 71 93 21
23 1 79 94
76 30 77 15
65 98 4 48
20 60 92 97
96 8 63 18
64 45 60 9
88 87 77 82
17 53 56 91
8 8 79 72
75 8 62 94
19 62 32 93
2 48 12 33
71 63 68 2
67 29 70 47
23 48 22 47
0 17 28 82
78 86 26 28
51 69 20 51
27 57 8 28
29 66 22 68
95 11 95 25
96 92 41 75
65 19 92 76
89 63 52 87
61 68 72 19
21 17 76 25
83 86 69 21
21 60 28 48
38 81 20 90
34 38 36 39
92 22 69 13
4 38 35 83
76 4 58 66
70 73 28 75
44 45 26 18
81 100 54 17
74 48 83 83
63 68 80 70
64 41 75 70
17 71 22 57
83 45 73 79
66 96 65 7
86 86 23 16
71 4 51 50
40 64 2 38
74 39 88 96
65 25 77 38
41 68 68 84
6 14 86 54
92 46 92 75
11 38 13 99
69 37 55 34
58 63 74 49
55 41 89 42
26 21 35 34
69 85 6 74
43 100 55 70
66 7 98 45
24 2 84 14
88 25 66 19
71 8 76 81
18 44 16 46
30 56 29 51
53 96 66 60
7 29 8 88
59 59 84 21
72 54 79 42
68 68 83 98
49 70 29 56
82 45 73 77
59 16 79 42
98 75 98 16
60 62 84 49
55 46 54 25
6 6 17 91
31 94 43 77
44 12 91 3
95 38 48 50
74 91 51 41
45 75 74 93
19 27 90 9
27 53 8 28
60 22 80 11
33 98 82 93
46 29 27 13
7 55 7 67
46 3 53 38
35 37 97 78
20 36 10 97
88 19 62 60
64 85 29 95
88 35 96 29
75 72 94 33
69 24 69 73
82 83 89 38
72 83 48 42
60 62 36 42
96 52 80 45
11 1 65 53
89 39 70 77
59 62 96 4
83 88 94 82
63 71 65 59
89 89 68 81
56 69 28 93
23 1 99 6
42 26 53 46
37 90 6 70
86 96 25 53
70 13 23 20
7 74 74 78
89 47 86 38
14 97 20 84
99 39 20 7
70 5 59 96
62 98 6 26
2 53 0 37
1 77 42 94
60 8 87 56
52 3 67 29
72 53 93 87
41 0 60 9
88 73 50 35
88 11 26 13
63 2 15 12
17 22 0 6
36 39 76 77
27 17 92 89
80 25 65 84
95 3 82 67
70 80 47 84
8 20 47 70
53 68 6 62
37 96 43 76
94 6 37 7
73 27 80 87
82 16 57 2
3 2 75 29
6 41 11 20
36 50 20 38
20 28 39 0
19 67 81 99
17 13 20 7
68 71 95 3
81 78 53 28
19 88 96 73
54 43 82 81
20 77 29 41
4 94 85 77
62 77 61 37
76 81 86 29
28 92 33 99
92 69 20 6
85 75 99 89
13 56 38 58
68 50 50 18
2 0 83 62
43 34 97 58
33 6 21 25
21 33 19 41
6 14 21 23
97 76 94 41
63 96 10 37
44 1 68 49
16 97 66 75
45 12 76 67
70 98 72 41
83 33 88 8
93 95 80 40
3 38 52 77
56 11 88 56
26 14 20 12
47 55 7 1
