1000 100 100
44 62
75 7
21 18 29 65
75 56 87 44
96 78 54 89
57 65 87 37
65 67 71 15
68 76 24 73
4 89 81 99
86 91 41 98
49 36 97 10
89 23 54 59
99 14 41 24
9 42 34 50
95 1 62 39
48 15 0 14
61 42 64 24
28 24 49 13
1 78 9 90
79 93 17 77
90 1 73 8
70 60 73 61
87 71 45 51
62 43 89 62
78 93 89 16
39 28 72 36
77 97 45 90
97 72 99 78
40 32 71 45
87 89 98 68
44 37 75 16
73 50 62 37
32 35 7 72
25 84 22 7
42 35 95 6
8 72 31 3
48 60 38 28
100 54 36 85
8 83 9 17
77 68 67 88
13 89 25 37
7 11 4 22
78 40 58 80
99 86 56 63
17 13 3 33
24 88 90 92
42 64 100 23
91 70 44 55
44 92 32 42
2 60 3 42
90 14 39 85
12 96 48 82
11 49 13 71
69 72 60 64
82 3 48 44
58 63 35 31
38 59 15 18
46 50 88 78
58 67 96 20
35 89 14 83
63 87 42 26
44 98 21 8
73 6 2 0
97 58 88 45
30 75 60 52
70 82 31 28
25 91 24 87
100 93 84 62
17 58 96 97
23 83 65 92
5 31 20 41
97 52 60 90
58 74 81 37
14 58 7 44
98 90 61 81
39 97 30 77
33 53 25 36
70 95 99 5
49 99 26 80
78 73 78 7
19 1 8 4
23 36 8 56
10 40 3 62
1 94 82 92
62 64 69 16
39 70 39 99
53 89 18 9
89 24 81 73
93 7 71 29
90 67 98 72
93 36 92 10
28 92 92 69
74 64 62 100
38 91 90 69
13 57 36 63
84 65 74 76
58 23 92 91
94 53 70 100
5 45 6 46
84 3 62 100
41 95 6 48
6 25 2 23
78 73 96 69
99 66 25 62
1 43 28 83
30 69 18 34
68 60 20 80
12 16 0 10
4 19 3 52
45 30 74 42
22 41 19 54
48 65 42 50
44 38 41 35
49 89 41 85
74 78 72 44
29 71 91 56
82 49 53 52
81 38 89 92
70 66 44 38
91 68 77 97
77 100 46 61
58 65 55 44
31 96 7 59
8 86 89 70
63 99 76 6
87 1 90 89
95 62 79 44
84 36 57 79
98 81 70 67
96 36 21 99
66 91 72 85
62 92 65 97
86 2 77 68
94 31 67 83
82 15 70 92
87 45 81 14
97 48 19 75
100 65 78 18
9 100 64 49
19 73 12 4
4 31 37 81
71 83 49 41
87 47 67 64
89 31 63 25
13 1 82 7
58 39 79 8
4 67 27 0
7 35 48 97
34 17 17 2
50 95 10 70
16 89 74 57
67 4 65 3
45 32 89 89
5 85 16 60
45 27 51 95
51 46 44 55
25 81 12 7
98 67 29 77
17 46 53 83
60 50 71 83
18 21 37 18
67 36 94 49
87 89 34 57
48 94 93 20
71 49 50 47
58 68 94 6
100 81 46 47
0 46 14 28
44 51 84 60
71 88 100 11
91 69 75 54
72 24 64 98
67 20 45 67
14 99 70 67
86 44 54 69
54 11 70 5
37 2 9 29
29 45 19 95
83 86 3 88
70 39 73 48
45 72 78 59
87 99 79 61
41 44 94 43
43 63 53 95
56 62 45 88
28 94 94 80
44 69 86 26
58 77 24 57
29 86 94 57
6 44 32 44
84 41 80 45
94 23 84 57
56 90 12 61
52 19 54 34
24 73 85 91
47 45 60 69
4 35 20 7
84 45 100 11
83 73 22 58
5 52 53 92
27 62 21 48
39 96 59 41
19 100 61 68
76 45 76 29
98 5 54 74
56 77 49 60
19 27 1 46
98 43 69 46
54 77 32 88
50 36 79 61
0 41 19 66
55 90 62 76
18 91 12 46
8 86 30 55
89 71 97 11
19 88 23 89
64 100 17 98
90 66 56 37
82 78 56 23
13 20 29 38
68 6 98 8
35 74 32 41
6 97 4 25
81 23 95 63
45 74 26 54
87 88 39 29
46 90 82 73
98 91 45 77
10 41 18 25
88 87 95 74
90 89 42 79
12 85 24 6
2 12 17 39
73 43 65 46
26 90 4 21
32 72 83 76
38 89 85 58
26 63 26 32
53 39 70 90
43 85 77 88
21 61 50 88
20 91 11 30
45 81 33 83
28 42 32 84
20 94 12 30
30 74 20 82
47 58 90 53
44 79 84 28
77 87 38 45
57 96 99 71
82 72 87 83
69 38 93 87
6 64 67 88
46 85 79 58
93 36 81 71
5 48 78 92
57 47 47 86
90 49 71 42
42 96 6 64
74 58 74 21
95 18 63 93
39 70 46 64
78 74 1 60
55 54 40 50
3 61 6 25
42 22 60 59
96 29 97 54
88 78 41 81
16 79 32 56
2 95 15 68
45 50 79 58
57 45 52 66
72 16 67 54
60 22 92 0
33 70 78 44
41 33 63 26
9 63 31 85
11 69 68 78
24 98 3 96
15 100 11 68
46 93 93 52
100 39 78 70
69 34 57 68
72 70 79 74
37 95 11 48
84 7 95 89
78 51 52 36
53 94 92 95
34 30 73 35
64 25 77 72
40 48 78 10
55 41 82 78
22 49 45 80
33 46 11 81
1 62 25 10
2 90 17 22
96 90 98 89
95 20 77 30
57 55 85 88
16 78 15 65
43 56 72 27
56 71 55 51
40 82 35 88
13 84 95 37
72 86 53 59
67 42 80 32
45 70 39 69
67 76 92 32
84 90 58 34
43 59 87 96
94 12 65 90
18 1 35 94
75 62 68 89
47 61 93 100
3 33 34 18
12 45 11 86
24 15 47 84
67 51 96 60
75 38 99 10
96 23 36 29
83 76 92 18
98 1 93 91
14 47 52 77
22 21 20 20
6 24 80 2
26 80 18 33
88 52 66 59
69 50 51 85
16 17 32 8
84 78 82 28
63 72 59 29
52 53 81 22
64 23 80 2
28 25 39 90
94 19 86 68
33 95 66 94
64 57 79 59
46 94 0 88
77 82 69 52
2 37 68 88
26 96 29 2
50 70 72 80
48 45 51 49
42 32 69 33
28 95 46 82
41 40 71 70
42 96 9 56
10 25 32 88
85 57 13 74
61 20 67 88
74 69 8 54
29 85 91 54
3 85 98 82
41 81 42 66
71 69 97 11
93 91 14 64
42 47 59 27
45 91 47 55
100 25 9 100
96 39 88 63
91 89 93 74
10 45 22 3
28 84 36 67
62 2 39 9
88 24 63 15
26 69 4 35
13 61 13 71
100 4 41 9
87 1 83 18
22 96 93 99
65 53 42 26
97 75 41 65
1 75 3 6
93 59 69 13
98 89 73 26
95 17 29 99
86 97 1 45
11 17 65 5
73 56 33 79
24 43 20 12
88 57 78 40
37 75 73 86
50 90 72 22
7 100 2 60
57 71 4 89
94 63 5 68
43 83 100 25
22 96 46 75
66 83 25 95
68 93 33 66
45 41 57 79
63 91 17 23
29 88 70 73
11 52 4 32
53 72 40 58
79 34 59 85
7 77 91 77
74 82 88 6
69 97 5 25
96 71 94 77
67 14 97 0
82 99 53 97
55 55 78 42
44 41 92 44
13 68 33 74
52 68 83 100
74 39 33 29
7 26 20 97
86 77 14 98
86 90 57 51
89 93 39 62
1 92 29 17
3 67 52 87
26 84 31 73
34 62 19 61
22 52 16 58
1 85 67 98
77 39 100 66
28 24 6 26
89 61 51 45
83 74 51 97
27 22 6 28
27 2 12 92
35 25 78 15
8 42 30 82
17 97 21 29
40 80 60 97
45 86 64 64
9 88 22 35
3 80 17 59
59 77 1 94
97 33 61 89
95 31 75 65
43 93 84 89
82 93 87 87
65 54 91 78
4 59 4 25
99 39 52 41
2 26 20 79
54 32 89 100
88 79 85 4
97 83 97 56
47 56 89 20
47 93 66 91
51 67 4 41
83 78 78 66
52 91 17 10
82 18 98 17
64 26 49 68
65 93 18 79
58 71 77 64
43 36 89 51
76 41 84 36
27 53 63 81
41 93 62 82
59 21 54 88
49 83 91 53
30 74 28 69
45 80 76 90
91 71 72 28
17 55 77 84
69 76 44 41
9 85 26 62
84 38 85 7
26 64 69 71
35 15 52 0
15 96 22 50
62 28 62 45
91 2 6 18
23 10 30 66
35 84 63 97
44 31 47 47
7 14 89 5
12 2 20 68
63 71 45 59
32 11 5 63
39 8 21 5
33 40 8 96
50 57 84 51
64 95 8 41
8 37 78 96
56 66 63 89
1 4 21 82
36 22 93 56
37 90 63 32
53 19 88 93
77 2 67 86
10 14 10 3
78 77 56 92
33 30 72 34
94 14 61 76
17 98 53 57
15 48 8 100
100 78 86 54
23 64 35 86
78 4 0 9
65 19 44 26
84 47 51 96
27 59 24 20
23 57 6 97
35 59 39 97
25 61 0 52
98 54 90 64
95 34 70 27
53 19 87 75
63 96 72 41
38 14 3 47
32 91 49 57
88 59 58 18
11 76 89 75
91 2 40 76
49 24 72 69
61 16 50 38
18 10 1 28
88 47 30 96
8 100 94 35
91 32 69 29
93 8 48 33
61 30 44 74
81 18 44 24
86 13 79 82
61 26 48 77
87 84 33 59
65 22 93 25
20 11 19 52
76 91 4 75
100 79 53 52
25 31 18 68
3 51 29 39
94 3 80 81
96 33 50 39
83 61 79 7
77 50 84 52
24 40 12 5
15 65 19 77
65 87 13 81
53 59 52 95
36 84 22 99
14 98 92 8
99 40 45 63
10 77 85 68
47 95 43 64
72 58 61 52
70 93 9 99
54 69 66 44
6 3 29 8
37 74 18 6
8 77 33 70
73 72 83 17
94 88 46 56
59 30 99 51
18 51 13 61
28 14 24 42
92 35 95 44
84 50 98 43
27 35 8 7
75 15 44 97
93 87 11 49
65 85 100 72
98 63 60 32
81 73 91 10
21 83 74 60
7 10 40 14
74 36 90 4
92 25 71 43
6 41 61 99
44 100 80 89
30 40 12 47
1 35 31 78
50 82 39 76
83 97 78 64
96 0 61 52
81 68 54 21
9 76 3 44
40 50 70 79
84 87 89 84
100 11 92 11
96 8 55 72
81 83 70 52
15 24 49 99
8 72 90 68
30 67 31 31
8 38 24 88
79 63 94 2
60 71 39 66
23 15 25 20
8 42 28 33
46 86 18 35
60 91 1 87
53 82 23 67
22 99 75 87
71 36 93 62
38 30 92 99
26 88 27 93
16 49 16 9
85 94 52 28
78 44 86 93
49 97 6 87
25 7 24 88
47 49 65 77
98 92 23 64
74 100 70 30
17 4 36 70
83 9 78 60
97 14 65 49
21 30 8 63
61 29 65 48
58 44 70 36
35 32 84 71
10 71 72 63
40 82 16 95
86 74 64 65
95 98 53 83
19 15 44 95
66 38 65 35
10 95 75 42
58 7 63 7
3 38 23 13
69 2 76 5
91 65 44 93
79 79 8 92
21 38 67 89
91 40 84 91
22 56 32 37
27 23 0 79
81 25 96 100
70 80 68 51
37 63 80 96
63 14 56 18
77 55 80 48
57 83 94 93
66 8 82 6
30 57 4 2
16 23 27 7
32 91 20 95
24 18 84 4
66 85 43 89
94 51 66 98
56 44 66 53
95 19 65 100
84 47 82 88
78 5 97 17
82 22 47 42
10 57 49 71
23 97 1 38
1 62 87 93
84 50 73 20
99 94 58 26
38 11 0 52
20 23 63 6
81 96 74 90
32 66 90 74
92 100 46 62
87 26 63 82
14 55 51 80
95 46 61 20
32 95 85 65
64 36 99 25
82 58 89 76
9 59 39 84
21 63 14 7
39 93 92 60
15 2 43 71
42 100 89 56
40 47 74 89
52 1 64 7
25 46 19 68
88 37 79 30
8 21 34 41
44 77 87 58
64 71 80 25
55 86 44 33
95 71 73 97
28 83 59 64
13 25 11 75
97 1 96 43
80 68 59 88
74 88 43 89
74 97 40 61
77 53 94 99
88 55 8 79
42 54 67 11
52 94 88 79
84 30 27 76
67 31 79 76
4 97 79 68
86 19 73 96
2 16 2 7
25 69 21 24
60 98 53 34
9 50 13 26
38 30 74 28
43 8 21 26
52 29 81 65
79 88 7 52
88 95 99 16
42 71 59 48
12 87 70 59
91 45 98 57
46 97 61 83
9 97 62 55
98 61 53 97
69 57 47 95
45 78 5 7
59 53 99 18
50 35 86 93
87 9 84 68
96 88 59 69
10 56 38 99
68 60 45 83
29 54 60 73
24 92 80 50
48 96 61 16
53 48 88 1
4 57 38 83
52 27 80 40
71 35 69 73
89 20 82 28
76 69 100 49
99 22 39 37
54 55 76 47
50 92 18 99
68 48 54 37
96 46 97 92
54 88 77 20
67 96 21 53
91 92 43 31
91 10 84 57
94 70 74 56
54 34 89 87
69 24 98 67
50 84 11 34
55 66 6 70
44 84 30 81
6 46 3 80
66 41 51 96
98 2 47 68
2 19 30 77
60 92 60 33
15 15 30 95
3 98 6 83
95 57 95 31
72 82 44 98
32 93 0 27
38 98 88 62
37 53 45 80
3 14 11 36
8 42 63 93
22 6 22 74
71 99 61 83
87 89 75 32
54 65 82 74
97 32 59 91
80 44 80 2
84 26 60 85
88 59 80 47
30 99 67 72
29 60 93 98
13 12 5 23
22 30 57 81
61 9 32 6
28 76 77 48
48 77 15 76
60 64 72 32
9 67 27 20
62 40 89 90
85 8 69 37
59 22 87 87
47 66 72 9
85 55 85 38
11 14 9 28
10 41 14 76
46 73 91 15
67 37 51 65
73 16 92 80
97 31 44 94
51 18 88 33
6 26 27 39
79 98 78 34
14 97 71 97
79 10 55 46
71 19 45 28
56 75 46 66
17 82 18 64
69 11 89 9
100 90 98 94
69 20 85 75
16 87 39 85
7 5 50 14
14 37 17 86
39 2 96 8
36 42 75 11
70 69 91 98
73 78 62 43
79 4 49 97
60 96 89 65
75 51 84 81
30 96 73 81
24 93 26 16
42 43 82 78
68 68 75 16
60 100 67 97
56 96 96 41
29 10 7 78
96 62 63 13
8 89 31 77
19 87 93 50
79 68 70 74
66 74 59 35
39 87 74 42
32 17 7 15
18 96 42 80
36 52 39 75
57 35 88 75
49 91 78 79
61 94 50 92
58 98 5 98
13 69 46 87
42 68 26 20
41 93 75 54
33 80 69 43
71 37 89 37
57 24 45 69
69 39 77 68
30 17 40 16
95 65 24 82
49 80 88 95
12 92 28 0
100 10 38 35
7 50 1 70
69 38 69 30
53 78 78 46
70 12 85 37
95 80 75 80
98 11 81 93
7 98 14 3
77 9 87 36
5 0 57 1
2 54 4 13
35 82 97 82
45 19 92 42
84 21 87 69
89 68 87 61
85 73 84 91
28 94 92 68
62 62 42 79
72 74 92 84
26 56 6 82
46 18 58 22
42 68 9 81
25 34 28 63
39 65 34 87
78 99 90 48
82 22 99 17
59 4 12 18
83 49 42 95
63 76 53 53
90 84 86 47
98 43 83 90
39 82 11 59
61 75 32 56
10 25 2 29
90 38 61 60
16 23 43 100
50 93 27 55
71 98 60 94
6 10 1 34
28 26 35 10
29 70 18 95
81 13 85 43
6 63 5 17
75 16 47 54
26 61 2 24
30 87 20 5
95 65 65 96
18 40 48 78
46 97 40 86
58 33 63 56
85 23 95 78
15 53 42 89
25 98 25 59
90 36 70 83
18 16 25 8
76 14 72 40
16 93 18 38
63 78 80 63
15 50 27 87
89 66 85 97
27 37 2 81
72 99 84 90
88 46 82 94
88 81 75 57
86 100 64 18
87 71 74 74
38 67 4 91
27 19 20 42
51 76 56 82
48 92 86 3
87 72 10 75
67 71 61 36
6 47 86 88
9 100 2 28
85 89 98 14
100 23 94 43
70 69 44 27
1 75 100 62
15 74 10 60
86 75 42 97
27 52 33 59
2 79 7 95
76 22 87 53
96 10 35 23
16 97 33 69
65 89 92 13
62 15 79 18
64 37 78 60
87 45 87 75
86 80 63 94
28 15 29 98
28 87 37 96
15 52 74 99
38 83 70 63
82 52 35 100
72 63 78 37
74 63 30 93
26 92 10 25
77 54 80 39
79 64 9 91
13 79 60 93
99 36 92 78
77 71 73 82
26 91 98 25
29 19 22 68
35 68 35 100
4 78 16 100
90 23 45 86
78 19 94 28
88 83 60 30
39 87 83 34
97 72 24 63
27 71 68 70
67 40 37 90
55 24 53 37
98 35 65 71
70 65 95 47
61 77 77 29
62 56 90 88
80 61 74 46
53 69 94 24
37 87 92 79
56 22 75 61
27 95 2 95
16 77 37 82
5 65 8 67
84 81 83 58
27 19 0 13
99 53 59 83
80 66 99 55
93 94 91 97
40 100 16 45
59 8 66 2
78 80 74 54
89 97 51 52
73 33 75 60
59 86 42 55
11 80 18 23
70 54 50 64
92 75 34 74
19 34 12 44
34 93 80 66
77 45 50 62
43 74 83 69
9 90 78 90
71 49 72 90
82 17 41 27
85 74 63 78
50 34 73 26
94 57 82 54
1 20 23 71
43 88 76 36
13 79 29 39
30 27 61 36
78 89 51 39
33 68 23 2
5 93 22 82
77 29 98 90
43 44 76 67
40 100 85 59
43 58 52 84
67 79 5 86
30 99 33 57
89 51 82 83
100 34 52 27
35 59 21 71
80 99 24 89
86 86 47 86
87 86 50 92
99 10 90 71
25 78 77 37
13 88 60 82
19 84 97 29
77 39 65 48
