1000 100 100
79 8
99 41
2 97 79 85
39 74 73 99
15 14 7 38
11 65 19 1
45 90 94 83
39 93 58 90
3 35 77 99
78 92 96 85
26 53 74 72
95 66 28 98
27 15 27 31
52 18 62 2
5 77 95 54
83 99 10 55
31 85 49 63
72 47 85 60
24 22 3 6
8 9 43 12
56 99 30 92
43 17 0 39
92 1 63 4
18 69 62 9
2 100 26 11
33 82 33 65
32 48 68 0
72 94 33 53
25 46 9 43
91 95 50 94
52 51 60 82
23 65 40 30
19 87 86 62
46 97 19 62
21 23 18 24
43 40 10 13
1 65 97 49
67 6 60 19
29 82 18 66
3 18 31 70
24 15 26 5
99 71 87 99
5 95 81 94
37 10 59 15
20 83 95 81
5 23 46 29
44 90 39 51
75 77 87 53
84 87 6 89
71 5 19 60
8 62 42 54
63 97 54 46
85 95 21 81
51 24 36 41
45 42 85 42
54 86 52 47
57 55 4 71
82 76 43 85
52 49 9 50
3 81 78 98
15 24 36 5
23 87 80 78
94 91 60 89
16 98 19 62
86 21 63 24
88 40 45 45
69 35 69 26
35 29 35 81
42 65 51 80
27 33 63 18
29 93 14 25
95 57 66 91
1 54 42 6
41 31 10 27
50 60 24 84
79 37 99 36
13 76 63 59
83 40 54 36
82 72 68 65
33 0 21 19
37 35 22 24
78 96 53 92
45 88 2 91
68 79 5 70
60 17 63 13
2 39 100 78
30 69 29 76
5 70 56 100
71 94 51 49
24 89 68 56
83 63 88 88
55 62 48 91
51 71 28 54
42 50 69 44
87 98 84 76
3 28 31 81
8 38 18 54
15 53 89 78
99 71 30 90
30 26 36 42
47 93 16 2
35 43 9 39
24 72 45 87
17 70 98 43
25 6 34 64
73 38 95 22
54 57 64 69
51 57 74 91
21 21 33 56
16 68 33 74
40 5 28 69
57 13 26 14
6 57 87 69
78 52 47 78
85 51 78 83
56 60 31 82
88 97 25 54
96 69 98 67
19 33 17 7
42 92 19 25
74 13 99 40
9 34 64 64
51 87 13 20
86 100 61 99
45 5 0 91
40 99 22 17
93 36 53 36
19 50 10 9
31 82 19 3
16 44 32 66
9 89 0 25
92 4 41 17
46 88 78 96
97 68 64 82
22 3 70 0
49 56 18 54
64 87 74 94
74 87 93 77
37 43 4 13
27 41 29 68
45 68 13 25
82 78 15 53
16 29 2 2
29 58 33 79
38 93 70 100
1 84 40 78
69 75 53 62
8 75 28 25
32 5 4 85
85 39 78 37
44 20 3 8
21 43 74 84
68 93 99 93
34 70 33 98
5 61 72 12
51 19 1 82
56 87 91 85
98 90 22 96
37 41 12 54
10 6 61 15
22 47 87 81
46 92 50 87
71 36 51 39
55 73 99 47
11 37 64 71
43 6 12 10
17 58 88 97
66 96 10 34
49 6 12 89
2 21 15 59
44 20 29 50
8 35 85 79
0 96 49 5
48 78 17 2
27 65 58 98
68 88 93 50
18 20 92 1
28 90 88 75
62 34 93 0
95 79 82 74
73 61 88 73
2 21 36 65
18 45 89 78
70 54 100 77
49 55 84 51
8 76 33 52
11 20 11 48
22 72 21 90
56 0 6 35
29 17 21 47
64 49 49 51
12 63 64 18
99 76 71 61
53 51 40 91
60 100 18 22
24 49 46 74
44 63 1 32
3 0 19 49
45 63 86 97
39 92 74 81
30 9 6 31
33 37 38 33
11 70 52 31
94 74 14 73
74 87 3 48
77 75 67 74
64 54 67 80
90 1 62 3
4 89 34 0
65 16 38 35
71 65 83 79
54 74 43 77
39 36 6 87
70 60 72 78
5 83 27 67
54 52 93 44
53 30 37 8
9 6 10 46
23 10 6 21
44 85 62 67
92 80 14 53
11 60 31 91
89 45 56 76
27 51 84 90
63 97 7 10
75 79 82 78
0 49 38 85
18 10 11 85
3 72 11 88
20 59 78 58
66 38 99 36
21 63 58 86
67 18 50 7
79 37 88 22
79 89 59 67
77 77 4 82
25 16 21 20
51 65 88 66
48 17 19 69
98 21 60 42
15 34 35 6
21 35 29 16
15 100 37 10
3 100 31 7
85 80 99 50
37 21 55 7
42 54 35 100
39 43 35 35
29 56 81 78
97 37 58 34
39 33 9 64
22 47 0 48
36 90 25 93
17 71 97 69
58 51 20 97
96 91 31 93
95 62 6 76
53 53 96 63
49 52 7 40
37 69 91 53
22 75 28 48
80 56 47 66
16 90 46 61
30 4 42 91
55 16 28 47
58 64 17 78
12 27 15 95
60 77 13 30
46 82 22 70
2 27 52 90
52 46 20 89
23 69 82 50
38 76 77 56
21 74 76 86
21 89 23 96
23 59 9 46
84 93 1 73
36 97 31 96
59 94 94 88
59 59 46 84
83 28 91 21
62 99 22 64
76 31 78 15
15 31 4 32
20 70 25 52
29 18 12 74
52 59 38 70
25 17 1 54
6 12 9 14
0 3 36 78
54 86 100 64
3 57 74 2
53 70 89 83
15 5 45 16
0 32 73 68
8 57 49 16
61 30 95 10
92 43 50 73
64 77 43 73
14 66 24 19
43 38 72 12
77 89 79 70
23 42 14 46
12 29 63 73
1 44 46 34
94 93 95 42
100 3 34 13
38 70 86 82
1 2 66 10
0 42 68 91
99 20 97 7
87 86 43 47
41 53 95 48
0 67 1 75
56 57 19 74
11 99 44 19
2 30 32 73
53 56 82 55
14 59 96 81
28 61 84 95
30 33 48 74
78 80 13 46
77 91 40 68
44 65 83 45
58 65 36 86
68 74 11 82
4 7 28 73
7 19 3 76
50 74 27 40
63 48 34 61
87 76 1 37
22 76 61 57
99 68 36 92
9 47 77 0
2 65 41 68
7 19 0 31
95 7 31 6
27 73 61 45
86 4 57 2
43 73 63 78
99 29 95 36
72 51 56 85
46 89 64 100
28 41 5 59
23 42 42 69
88 43 73 59
48 62 74 90
8 8 17 5
68 83 81 68
13 88 70 75
38 88 37 90
99 1 80 20
77 87 62 90
78 99 66 54
72 84 3 16
67 85 5 89
60 20 11 2
34 5 11 77
15 28 6 48
24 16 41 76
10 57 16 18
51 93 49 48
20 98 33 10
21 69 52 75
17 37 62 75
64 6 13 43
12 52 64 46
60 28 71 42
56 9 29 58
9 66 58 5
49 91 81 57
67 11 20 21
22 77 7 16
21 36 56 19
84 42 75 23
15 63 92 64
97 11 66 21
54 89 61 59
72 88 10 60
7 38 60 1
53 13 58 15
47 60 87 46
79 92 89 65
6 11 0 35
12 70 23 85
40 28 15 66
37 59 22 92
10 23 46 73
71 13 30 20
12 20 19 31
32 9 88 5
0 41 52 56
61 29 92 12
80 45 31 59
38 99 86 60
31 55 26 98
23 65 42 10
32 86 45 85
20 58 61 69
65 20 31 29
5 23 24 97
74 54 31 49
7 65 18 26
89 7 1 1
10 81 50 76
22 86 29 9
16 10 49 96
99 77 67 48
74 48 24 82
48 88 72 91
40 16 19 85
91 91 25 46
29 87 11 64
27 23 24 54
64 98 71 59
76 27 49 39
6 55 54 62
32 51 99 44
68 15 38 27
64 96 12 62
32 65 7 12
31 61 65 58
82 1 90 39
69 59 57 46
55 82 48 77
67 73 30 92
16 78 31 52
53 4 8 33
34 0 3 67
41 20 53 8
52 31 81 0
60 66 66 57
27 48 11 71
36 26 17 11
48 91 79 44
38 36 18 15
7 1 16 86
3 25 52 75
77 50 90 66
87 97 0 98
24 32 21 97
95 60 27 78
69 4 89 6
100 44 93 50
8 39 93 75
24 73 14 84
47 23 8 47
16 99 40 9
71 33 89 31
38 78 65 79
7 10 0 13
63 90 16 84
18 70 74 51
53 82 95 52
59 87 46 85
2 63 0 31
43 23 27 21
24 41 42 10
23 29 50 25
90 8 52 34
66 85 2 58
21 5 10 40
51 8 63 8
5 89 13 33
42 90 33 62
95 77 37 47
76 2 2 58
31 81 48 62
31 74 67 52
99 59 92 49
34 95 15 42
41 26 85 2
40 18 24 61
3 37 51 99
88 47 16 64
25 40 57 19
63 66 2 53
19 70 75 71
26 26 37 60
23 93 76 81
6 16 0 11
47 52 69 74
22 33 41 0
24 53 28 95
25 72 21 27
33 30 81 3
26 86 19 1
14 27 11 51
100 86 74 86
78 47 33 96
9 79 38 3
42 99 21 36
31 78 91 50
26 8 86 0
74 99 3 47
25 82 16 95
99 68 62 46
91 62 34 98
19 14 22 49
1 37 43 77
95 44 14 96
13 62 75 87
61 73 33 59
12 31 13 62
71 10 72 4
27 58 72 48
9 80 13 83
50 92 45 51
72 88 100 75
4 26 46 54
57 3 16 4
54 24 4 70
13 8 13 26
4 89 50 72
63 30 84 40
47 66 37 67
97 56 59 96
91 69 23 42
55 69 38 79
45 100 10 39
28 73 47 80
0 22 90 0
74 59 93 86
95 38 99 22
33 82 73 61
43 27 14 25
76 27 61 44
90 66 23 91
76 10 23 26
23 72 17 72
90 6 76 21
57 91 8 21
1 24 31 49
87 98 29 73
51 68 12 54
38 3 6 67
25 26 39 6
90 84 5 42
20 40 37 90
94 52 67 75
47 51 33 48
8 60 4 89
67 61 69 68
11 27 10 36
56 81 62 52
35 15 26 81
9 20 3 67
51 0 3 51
71 90 50 88
38 34 17 87
35 79 8 33
54 100 77 61
45 61 84 43
23 91 5 58
9 100 30 22
39 87 16 53
4 83 46 73
19 78 19 6
80 84 28 40
99 46 85 50
41 0 58 26
24 82 11 17
26 75 100 88
23 87 15 3
44 39 22 2
52 97 83 92
56 50 53 99
16 11 84 2
23 61 50 57
48 57 33 89
18 8 7 74
98 88 44 55
36 33 52 3
12 66 64 79
4 81 21 5
2 46 26 51
20 71 43 99
51 92 8 64
65 83 5 28
68 67 28 56
6 17 19 92
17 85 92 96
68 90 67 61
62 27 78 16
93 45 23 74
29 7 40 21
4 46 19 52
14 67 38 42
37 85 25 40
43 14 37 17
48 60 67 55
91 98 22 46
15 28 36 4
13 11 22 99
59 91 41 67
3 86 57 88
37 45 35 28
76 95 23 34
39 85 51 92
21 42 63 8
17 19 66 5
77 70 25 95
63 60 88 49
73 64 85 86
71 66 98 90
38 41 28 42
47 16 23 39
6 63 24 6
41 95 9 14
46 55 10 46
25 6 51 25
32 41 12 63
92 21 81 9
11 59 48 23
8 58 15 70
92 85 48 83
43 49 79 58
34 27 23 92
72 11 26 10
3 24 70 13
2 65 20 6
8 78 79 44
13 15 37 86
19 88 36 74
5 34 25 27
8 21 56 82
60 66 34 78
34 61 65 73
6 29 49 14
55 95 71 63
4 31 39 30
10 58 63 0
37 11 14 7
18 90 54 78
67 56 70 98
38 89 15 68
32 51 35 11
66 53 6 66
41 74 11 13
95 80 72 54
10 67 38 69
64 50 75 74
87 58 43 79
38 90 33 1
5 92 73 74
20 53 59 98
73 48 32 78
99 0 19 30
100 58 24 67
71 21 50 38
42 65 95 50
60 83 0 57
24 97 41 57
20 89 72 66
6 40 41 26
29 90 32 24
73 11 27 5
61 61 90 61
78 67 66 51
11 19 33 77
1 49 89 87
85 90 25 86
9 11 25 70
86 93 8 74
1 20 36 66
100 15 66 36
80 83 77 55
42 63 25 34
33 65 14 62
20 57 14 34
82 96 16 65
65 49 84 59
32 88 26 0
47 86 1 73
70 95 15 95
73 13 21 44
25 21 4 89
12 50 43 27
21 7 7 2
17 20 44 78
3 44 44 100
19 92 8 9
51 42 60 26
50 92 20 31
72 55 69 61
95 52 24 64
9 42 95 89
61 34 76 35
38 95 26 89
49 90 58 86
27 28 39 16
1 77 74 57
54 25 23 31
53 27 26 52
71 76 2 85
76 73 51 49
14 8 56 88
58 56 59 76
64 70 50 99
34 5 53 9
1 4 39 16
69 61 47 75
11 46 5 52
100 42 39 79
88 89 52 58
92 96 22 39
52 0 18 80
72 53 11 51
61 50 13 93
25 91 74 50
9 93 3 35
96 10 82 2
91 100 41 79
42 62 83 53
49 48 69 46
3 66 22 16
64 71 20 35
95 65 28 82
11 80 5 49
87 79 17 36
66 93 95 68
100 31 71 18
72 69 10 86
17 54 47 4
52 29 22 26
18 55 34 32
7 74 84 1
78 69 8 51
66 77 56 90
54 99 4 20
54 4 6 0
99 67 82 63
10 83 17 60
25 65 49 74
29 31 43 14
12 3 23 100
92 44 11 68
8 45 75 2
64 100 97 60
8 24 13 81
75 10 67 0
70 1 5 55
57 74 4 14
6 8 30 51
32 62 0 44
0 83 59 78
56 98 61 95
20 1 62 17
53 58 98 60
67 86 100 55
74 0 37 35
73 5 46 30
92 77 49 55
21 55 34 98
22 70 7 75
1 42 92 62
21 62 40 13
26 51 71 14
63 57 97 51
21 86 63 61
47 58 64 98
25 89 42 15
70 3 3 23
6 13 4 18
45 72 24 63
29 66 36 14
33 29 47 8
89 53 41 56
4 36 81 2
72 11 14 27
57 75 1 73
5 47 97 81
84 80 34 89
30 58 59 90
22 80 14 18
66 27 88 3
97 100 44 93
86 62 27 74
74 93 7 44
10 78 57 85
78 78 7 47
26 5 0 68
6 14 21 36
2 75 3 99
48 33 4 53
31 68 61 74
13 58 74 73
27 5 66 14
62 58 9 94
99 24 56 37
60 70 30 70
43 19 40 25
4 34 47 9
38 49 78 92
16 56 47 74
8 88 3 96
55 29 24 51
53 52 10 85
21 66 4 33
15 2 28 46
35 81 73 88
63 88 69 84
20 56 75 7
3 58 5 38
5 35 47 34
85 69 60 89
53 86 12 69
73 40 52 42
33 24 74 1
18 53 75 70
71 68 41 51
67 25 98 9
100 65 55 95
54 53 26 75
72 79 79 51
53 0 21 49
57 62 34 93
62 16 18 67
36 85 7 21
3 37 48 69
22 75 26 39
24 5 2 49
17 46 100 80
93 36 52 37
41 22 35 47
24 76 52 0
82 7 0 5
35 5 20 8
34 10 5 64
88 5 57 2
93 46 49 65
13 65 2 26
87 80 5 70
77 61 64 95
36 20 12 20
3 67 3 20
51 17 21 36
28 96 93 48
42 5 31 18
47 77 20 81
9 53 11 47
51 89 39 84
15 97 8 7
19 21 34 88
82 77 81 65
34 20 5 27
1 18 14 60
57 11 17 56
3 49 42 90
60 11 15 67
53 27 37 24
72 13 58 1
49 88 51 86
24 31 2 16
4 60 7 12
96 64 47 64
31 93 13 3
29 100 56 64
91 71 31 88
20 55 44 5
55 58 88 60
8 0 42 62
33 98 93 84
61 98 99 44
28 69 33 87
40 59 21 72
6 68 61 46
14 50 56 21
29 70 97 73
56 70 87 61
2 35 12 15
81 48 1 57
73 55 13 81
71 0 22 24
31 39 16 7
80 53 99 56
21 6 83 3
39 78 88 95
53 21 38 5
76 52 78 46
7 25 62 80
54 9 6 50
6 19 75 2
11 6 43 1
62 85 22 86
0 9 51 28
28 26 7 62
26 31 48 14
40 97 9 44
86 63 12 100
82 3 88 4
18 28 2 62
35 22 41 26
54 49 59 75
6 41 6 94
57 86 96 52
84 26 80 23
39 98 85 85
24 100 24 93
17 86 90 69
95 44 70 52
9 37 10 30
8 43 53 26
30 66 26 70
60 80 0 75
99 34 92 33
6 54 12 44
36 4 27 73
93 43 99 53
48 100 6 88
29 2 52 7
96 93 3 24
6 76 14 36
87 1 68 33
13 50 18 37
37 95 16 81
69 79 12 90
67 54 37 86
27 19 40 77
51 60 27 48
2 97 42 86
20 54 62 79
35 79 63 77
68 46 75 99
1 45 28 2
85 93 10 38
80 100 71 98
26 63 80 48
32 67 88 46
65 77 63 60
7 85 84 71
27 84 40 28
30 75 74 63
18 81 92 46
82 53 5 98
39 81 98 73
52 71 23 54
74 88 18 40
64 89 56 52
27 87 39 72
16 91 11 69
14 65 39 25
21 49 23 79
40 49 50 46
73 60 98 79
54 19 19 35
6 48 12 99
65 75 14 67
33 88 26 15
38 94 3 77
29 12 9 78
9 67 77 85
9 70 49 80
32 26 15 70
14 56 73 47
29 75 56 66
86 93 14 32
11 41 35 57
17 25 54 22
22 0 11 40
93 34 96 35
5 78 77 91
15 30 40 75
74 44 96 84
49 14 3 73
77 82 52 63
50 11 18 28
36 54 51 97
9 86 17 32
20 52 89 80
88 61 96 65
40 52 99 96
10 7 72 6
6 37 47 83
71 84 38 70
58 16 6 1
68 45 58 71
32 96 75 57
46 22 13 33
31 91 41 58
52 73 93 52
99 55 20 62
13 96 5 21
32 56 87 60
95 68 51 96
49 70 7 6
65 47 49 61
65 70 8 29
50 48 68 58
11 55 62 55
21 41 50 15
42 37 7 83
56 56 46 86
12 85 39 65
6 94 37 67
72 80 39 51
80 41 88 30
6 0 22 6
8 24 60 15
15 62 36 72
73 54 45 61
73 45 17 66
