1000 100 100
80 32
66 58
32 48 4 92
8 77 28 57
17 76 43 3
55 21 32 99
40 18 8 59
31 58 19 11
32 41 70 84
72 68 15 100
44 61 90 32
75 28 46 82
88 89 2 100
25 5 5 7
42 13 28 55
13 73 13 95
14 3 78 67
64 4 59 51
20 57 75 30
71 18 49 34
65 47 18 62
3 3 25 55
48 17 57 83
91 68 85 78
41 75 96 24
20 86 16 9
17 23 40 14
17 58 67 79
64 53 61 95
3 98 98 82
4 59 12 60
64 63 83 43
29 35 96 80
77 61 20 51
60 24 70 67
39 8 89 20
99 18 94 47
6 33 56 38
20 75 64 11
66 78 60 74
26 90 99 4
46 77 55 1
98 64 26 99
64 85 9 76
53 49 48 92
39 85 78 56
28 16 32 95
88 34 6 46
2 91 27 15
34 36 60 75
45 34 94 22
72 0 60 52
86 63 45 44
89 68 68 12
15 92 21 25
72 21 90 0
2 75 92 66
69 91 13 13
97 89 44 79
69 19 65 32
89 94 98 11
76 98 85 20
18 43 31 41
91 26 81 23
51 25 34 89
22 19 55 33
38 24 39 8
4 41 16 89
2 1 26 79
97 38 0 8
77 4 43 46
21 29 9 74
100 74 28 54
52 46 54 74
94 82 35 100
21 97 69 30
76 49 63 56
84 48 45 73
72 31 29 45
18 84 15 85
29 20 5 57
30 50 84 15
39 90 9 100
35 78 77 25
6 100 77 51
14 69 20 8
28 74 62 38
56 56 39 47
69 48 87 46
95 2 35 89
95 96 90 65
98 27 77 38
61 75 71 12
22 16 62 11
96 55 1 64
41 10 23 78
5 17 70 83
20 58 69 84
65 100 41 73
58 31 27 37
73 14 19 96
91 53 15 19
96 3 91 67
2 61 97 59
52 81 93 1
34 15 2 7
47 32 27 13
11 92 82 87
72 43 95 47
18 98 63 38
7 17 28 80
44 92 50 51
82 85 82 34
73 3 9 94
27 92 4 59
45 98 64 68
9 6 69 52
27 68 0 6
53 47 24 81
82 32 59 62
89 75 20 46
61 14 27 11
10 92 65 87
83 73 36 68
62 80 25 84
94 40 49 74
85 5 47 55
47 2 26 54
50 19 36 44
31 12 9 53
84 82 96 71
77 78 19 69
62 83 69 71
86 9 81 20
32 39 98 28
2 2 1 52
78 93 14 26
5 94 17 19
35 66 92 99
48 39 29 18
64 19 50 31
89 64 66 44
92 83 35 23
9 9 86 84
94 5 57 21
7 29 54 86
87 20 43 65
2 26 82 77
98 69 10 0
34 96 4 66
97 81 21 43
58 23 66 20
94 84 66 67
38 84 23 94
87 60 14 6
14 20 86 15
69 50 0 74
40 44 64 11
2 29 24 68
16 18 21 60
33 40 37 93
62 43 2 15
57 54 34 28
20 73 55 3
36 42 11 58
33 100 95 43
35 66 46 43
2 2 45 24
90 55 58 26
29 13 1 60
7 24 4 61
6 36 12 29
15 25 23 34
20 82 13 44
52 68 20 75
13 7 45 55
49 82 84 70
73 77 16 13
80 3 77 50
25 80 2 79
78 79 98 67
71 69 22 57
9 48 34 86
25 45 13 98
72 28 11 75
77 6 18 56
57 82 6 24
77 85 71 34
54 95 78 68
40 38 42 82
77 55 98 42
77 15 65 12
9 82 88 5
53 46 50 74
34 34 66 66
61 26 18 55
11 74 6 95
28 82 64 17
39 4 92 71
63 43 42 56
59 48 71 88
5 47 6 21
94 55 19 69
4 48 33 74
19 75 74 94
78 92 18 29
29 42 54 59
73 0 6 68
52 48 11 44
41 9 48 11
54 36 13 60
68 90 67 76
10 9 49 12
98 99 96 36
39 16 45 15
63 20 78 62
20 29 66 77
90 52 86 12
58 26 37 23
81 57 69 76
46 55 94 61
36 1 30 43
71 57 9 17
85 95 81 21
9 44 89 12
92 25 73 95
2 39 94 72
24 25 80 83
59 50 39 68
5 17 33 8
76 44 33 36
13 79 7 63
55 46 36 33
18 96 4 38
18 19 83 26
24 20 38 61
86 45 36 24
94 33 25 81
41 38 89 79
84 83 51 4
93 43 61 56
37 4 47 33
93 54 55 99
33 84 73 50
23 88 16 68
77 54 57 31
46 4 96 45
23 6 22 43
74 21 54 91
24 31 33 98
68 33 31 93
43 3 32 2
50 84 71 47
5 46 99 29
80 55 82 40
20 16 77 52
14 86 3 15
93 34 75 78
92 53 52 18
7 85 87 18
13 6 40 1
54 71 61 72
43 46 80 40
68 76 67 9
37 67 3 38
11 47 60 34
22 58 83 87
16 35 17 65
24 20 74 0
86 96 28 34
74 48 57 49
62 37 12 96
69 88 93 84
66 6 80 93
50 30 5 89
79 45 34 40
40 20 83 7
56 34 70 50
85 72 94 55
1 83 31 85
0 35 58 24
45 72 43 50
84 1 64 73
47 7 83 76
96 77 55 68
18 37 14 63
1 80 42 87
98 79 3 13
38 45 30 29
94 92 92 0
15 42 67 67
59 46 22 28
48 98 19 73
12 57 35 9
91 56 46 81
41 76 15 49
92 24 18 23
83 78 75 63
89 90 55 47
37 24 67 78
56 74 86 96
57 0 30 89
27 38 86 4
13 51 28 21
11 17 97 45
0 19 88 54
44 95 13 58
99 65 64 66
74 23 82 60
11 99 67 7
61 16 0 36
69 66 62 88
39 34 24 56
61 45 82 2
33 30 26 44
62 77 38 93
48 33 97 19
90 45 31 84
27 51 9 65
16 97 57 64
1 49 21 68
55 25 46 52
17 11 71 69
3 44 54 65
92 95 42 59
28 1 82 91
25 3 2 52
23 40 60 52
68 60 83 11
84 96 63 15
32 68 37 30
78 3 12 11
22 7 88 91
29 32 50 95
37 38 47 53
57 6 36 4
29 39 45 90
69 57 92 82
22 91 30 61
33 29 63 61
84 25 17 2
58 50 92 53
53 62 51 44
22 85 34 12
34 24 43 62
16 74 9 73
8 29 97 18
57 18 87 15
22 21 62 35
76 49 1 52
93 19 85 25
54 17 37 23
25 74 26 81
38 47 13 39
84 37 51 72
55 44 15 30
77 35 46 91
27 11 49 42
56 44 97 100
62 0 80 7
27 22 21 0
91 13 63 25
22 25 77 99
23 19 60 65
99 80 93 76
27 2 79 95
58 87 39 54
94 89 82 40
62 76 5 83
12 2 73 72
60 81 54 28
24 27 93 81
35 69 19 34
86 10 39 94
86 82 40 90
93 57 44 35
30 95 87 64
66 93 1 95
81 11 2 15
75 44 47 42
47 57 4 69
61 82 9 11
4 81 28 44
63 76 47 13
52 59 3 98
3 47 44 51
47 45 62 13
92 76 69 6
14 70 92 54
92 23 37 0
44 6 84 62
53 94 25 62
3 94 87 11
71 23 60 81
59 90 77 23
24 67 17 56
89 47 14 24
80 20 76 4
15 19 21 12
17 60 25 63
18 75 65 80
60 4 54 59
41 41 75 41
58 9 66 36
91 98 20 84
39 66 13 65
17 15 57 22
29 87 28 2
82 57 16 97
67 16 7 62
21 48 80 38
76 7 69 68
32 48 53 6
79 63 26 76
67 67 66 56
8 71 100 32
72 53 63 2
17 35 8 60
21 78 47 63
14 37 23 37
96 21 79 63
48 11 22 77
1 65 1 96
43 17 83 73
83 52 49 14
74 26 9 81
63 81 37 75
89 16 92 74
93 86 76 88
13 7 35 59
91 99 46 50
33 57 10 98
49 61 43 69
35 3 59 2
51 17 5 22
82 93 19 67
65 64 27 60
14 73 60 1
45 82 36 87
92 55 21 37
7 71 15 9
32 24 69 16
68 1 51 42
88 72 57 27
14 48 68 85
21 75 51 69
76 40 23 22
94 72 1 50
43 32 87 30
80 30 39 37
80 69 75 99
42 63 90 8
95 83 38 31
58 28 38 53
77 75 100 80
24 99 82 34
54 79 97 99
2 21 96 37
74 6 95 37
54 93 18 86
76 4 66 42
21 87 27 17
81 22 90 10
30 61 83 27
29 56 44 12
88 97 11 66
11 7 8 30
63 8 36 56
48 78 69 24
83 92 84 37
32 75 42 67
30 2 53 93
67 93 70 91
33 72 89 8
55 24 47 56
81 81 99 76
20 81 61 89
49 61 5 69
16 63 95 32
50 66 29 37
75 95 49 17
17 7 16 14
56 59 11 11
85 60 52 90
93 91 57 86
3 94 30 61
76 15 27 45
26 4 75 73
27 19 80 36
97 10 27 100
0 44 29 6
99 70 71 32
38 82 60 36
37 76 71 69
89 46 47 51
18 73 1 52
80 37 15 38
76 14 25 44
90 82 32 51
100 2 62 31
89 64 13 94
5 26 48 50
17 86 89 41
75 42 70 28
31 71 82 71
54 49 77 85
82 57 2 38
50 34 75 13
46 2 36 84
25 22 19 43
79 54 9 83
17 1 29 52
92 76 96 11
70 65 5 44
16 98 22 45
77 73 58 3
85 76 2 0
49 85 56 35
48 49 56 23
22 54 47 65
11 60 12 87
26 36 86 12
3 70 35 93
62 55 37 55
47 38 75 48
19 36 27 64
78 98 49 80
28 77 63 99
48 74 58 83
75 66 21 32
57 21 45 45
74 21 69 25
67 100 36 48
63 44 36 48
48 85 91 19
16 59 73 11
33 30 82 20
56 30 4 84
1 35 49 91
36 84 73 39
36 59 52 40
7 47 5 87
99 57 8 97
9 53 56 86
52 60 74 17
99 62 55 88
88 79 88 43
23 70 51 5
19 49 88 29
22 69 84 80
33 62 86 1
58 15 69 76
15 81 66 19
46 67 13 23
49 4 70 83
38 53 23 79
98 26 55 48
94 67 0 17
34 27 79 70
27 29 24 36
10 83 56 7
43 67 76 66
76 92 66 40
90 9 91 39
54 54 35 91
22 50 53 52
92 4 50 57
92 82 62 65
31 43 69 86
9 93 15 64
98 95 2 93
58 23 24 0
19 93 61 32
84 76 32 58
64 38 75 93
50 18 33 39
33 52 65 29
11 70 77 92
25 73 62 54
23 21 65 100
29 23 65 2
19 59 13 89
13 87 21 77
23 61 27 47
78 72 29 8
49 91 28 15
90 7 92 86
74 1 66 97
7 79 59 45
26 43 62 6
41 15 23 36
82 50 91 6
4 29 16 37
76 2 78 36
73 50 3 29
79 35 36 36
24 84 4 87
73 37 22 69
50 22 53 60
20 91 7 80
91 0 51 91
87 78 91 28
56 87 26 94
24 37 33 72
94 34 66 31
73 31 77 41
90 86 35 39
27 30 42 68
11 17 29 91
79 17 96 99
17 3 52 76
12 49 15 85
60 48 51 29
52 43 33 2
84 74 65 85
29 76 20 34
92 45 88 54
2 59 72 13
64 91 82 4
2 94 68 88
75 66 20 99
28 44 88 84
68 17 13 40
28 83 0 19
64 72 20 91
74 7 48 90
49 16 11 92
20 88 64 89
28 62 44 74
76 42 65 85
68 59 23 46
30 15 91 46
56 60 10 33
100 30 81 90
36 46 66 79
54 79 49 36
60 36 22 41
89 24 96 42
23 16 74 83
40 73 3 44
59 85 29 69
22 13 94 60
93 32 2 83
70 76 93 10
78 53 79 61
43 25 7 10
77 0 79 60
70 33 100 79
23 84 97 94
91 40 5 87
73 2 4 83
39 66 94 59
82 83 26 22
26 70 25 26
10 13 77 18
63 75 75 100
77 5 63 52
59 38 63 12
63 10 14 56
18 78 80 40
71 7 22 25
9 41 72 4
33 51 18 2
65 43 96 57
11 8 50 36
20 61 22 25
49 95 33 13
46 16 41 35
0 28 77 88
68 97 59 98
24 60 17 75
59 42 62 31
25 76 96 27
67 59 34 57
13 35 95 11
64 75 23 43
15 90 81 64
31 71 23 59
23 38 12 7
45 77 91 38
21 94 91 26
83 73 30 59
12 50 81 79
36 0 34 24
35 28 1 29
62 73 8 94
6 95 61 89
47 88 81 98
58 45 14 89
48 93 97 97
33 75 20 92
78 69 97 92
46 62 66 10
16 85 50 46
17 54 30 20
66 2 43 66
83 67 8 4
23 11 13 15
22 39 84 45
14 95 64 49
76 83 64 58
3 78 90 46
85 88 23 57
72 32 68 3
45 40 17 56
17 80 52 45
32 15 21 6
86 5 21 50
49 33 91 35
63 17 4 38
11 49 60 96
1 70 30 66
8 40 21 72
65 31 27 97
69 37 58 5
44 51 6 80
49 17 28 36
43 80 18 53
54 11 17 35
47 64 57 82
37 48 88 40
60 2 17 75
89 10 68 38
84 68 22 51
66 88 33 80
21 6 84 62
25 73 3 77
32 77 27 71
83 62 77 79
85 85 89 18
19 85 88 24
28 42 98 45
51 91 64 45
99 93 69 21
76 30 85 37
92 21 78 96
34 64 72 65
84 15 65 85
4 100 72 94
95 44 34 88
8 23 42 43
63 81 39 3
98 57 72 39
13 47 57 84
51 26 50 39
37 11 17 81
89 36 47 32
72 36 28 12
12 53 8 25
26 65 79 55
69 61 7 39
27 19 22 71
74 58 35 0
67 42 46 58
72 76 14 7
60 21 44 35
13 73 33 23
57 44 47 26
10 62 26 73
45 51 68 5
85 87 82 61
10 43 41 42
87 1 13 56
65 71 92 83
94 83 98 48
70 48 92 63
77 15 97 79
79 50 0 29
27 39 3 85
80 74 79 93
47 19 1 48
28 14 81 58
11 30 52 44
12 19 48 59
99 51 24 7
47 78 16 82
80 5 88 41
56 36 42 72
58 54 25 19
58 8 72 64
94 86 24 57
62 43 34 74
98 63 95 98
44 59 26 32
41 39 56 81
12 2 70 70
66 45 0 50
80 21 97 63
88 22 77 0
22 50 43 36
84 63 29 80
70 35 73 42
37 73 58 11
9 97 51 42
31 1 29 94
63 40 28 78
77 41 20 16
2 29 27 14
84 79 4 64
57 43 22 68
11 39 6 98
95 58 4 16
36 95 14 80
65 17 56 54
26 88 56 52
28 2 23 47
98 39 38 25
96 99 65 89
26 62 22 55
83 26 34 89
6 45 76 82
29 5 10 25
38 68 87 86
75 28 95 86
45 49 42 8
30 87 67 93
83 19 56 9
52 12 92 85
67 25 28 2
19 55 1 85
40 84 3 11
28 38 79 50
18 47 88 50
35 60 75 11
49 57 2 87
9 0 11 56
92 75 14 20
4 58 73 6
61 9 94 25
72 42 63 77
69 12 16 46
71 47 56 1
8 57 25 97
92 16 76 70
79 25 52 39
67 69 77 44
41 45 29 75
39 98 39 14
6 83 36 73
40 8 40 75
98 16 89 11
79 82 69 82
54 2 81 47
61 46 56 30
50 40 33 2
14 85 52 31
68 82 76 31
82 62 23 97
42 88 82 93
86 5 78 47
59 49 10 65
37 43 79 31
37 75 15 45
22 97 78 83
9 90 89 82
95 57 71 1
43 83 89 20
70 73 14 12
99 29 67 45
90 95 12 43
22 65 36 71
74 43 96 95
96 78 52 37
73 13 3 72
97 12 38 37
68 71 49 23
77 21 18 17
41 55 7 26
42 30 72 16
44 93 57 79
1 8 24 35
59 40 75 71
61 67 32 35
81 81 57 95
4 52 91 0
98 84 12 77
87 67 58 44
52 14 93 79
64 47 10 49
28 15 10 45
15 78 59 44
89 74 1 31
60 97 27 93
56 19 41 31
56 25 13 68
35 56 82 57
47 23 12 69
100 41 28 7
29 54 57 13
25 50 46 99
38 72 40 88
11 61 86 1
1 8 41 66
90 98 45 45
67 46 86 70
23 2 50 41
62 11 39 13
55 19 90 47
42 74 24 8
40 81 31 100
36 79 36 75
89 36 11 32
60 54 68 70
68 72 4 74
23 57 55 4
39 48 47 59
8 21 79 2
82 2 43 66
23 9 9 88
79 4 0 88
86 12 34 84
88 64 55 1
66 41 9 74
28 94 83 42
74 31 98 51
77 41 42 27
14 90 77 11
41 100 70 84
80 52 30 66
16 34 15 7
43 74 100 99
96 35 49 69
63 80 71 24
8 94 84 87
52 94 49 41
40 50 85 40
65 67 19 32
14 88 95 16
35 81 2 63
86 63 95 76
74 20 25 71
96 72 87 3
18 34 17 18
97 82 51 44
35 93 39 52
96 22 72 21
36 53 36 31
76 69 11 75
95 30 91 84
30 81 96 100
98 91 8 58
90 100 96 25
84 52 50 59
33 41 41 28
13 98 62 6
58 55 93 96
80 24 3 7
46 97 28 63
16 22 88 83
82 12 54 99
30 37 59 42
1 6 70 99
72 47 9 72
72 34 74 46
39 20 70 88
25 15 93 18
48 94 79 82
93 15 46 83
88 14 63 44
85 81 24 57
2 7 66 67
19 61 25 43
9 92 45 58
72 98 70 72
22 42 84 12
68 25 62 38
8 39 31 41
95 83 86 76
49 6 8 57
3 96 49 32
58 75 27 20
86 97 10 44
96 44 69 12
79 81 55 35
4 51 29 68
3 89 98 18
85 96 56 9
51 8 55 54
2 1 84 81
17 62 94 1
29 30 54 0
64 81 69 41
47 45 78 77
76 21 25 20
21 43 82 25
51 73 49 42
88 62 26 78
86 49 84 25
79 47 45 49
30 72 13 11
99 81 43 19
82 58 17 81
40 38 73 8
84 74 49 54
65 2 14 62
88 42 38 86
48 78 92 98
34 37 36 42
16 91 92 12
17 96 27 42
24 28 46 31
31 85 96 31
