1000 100 100
20 77
98 95
92 23 75 8
54 27 53 49
86 80 66 33
80 92 96 83
58 10 78 92
62 86 38 1
41 80 34 52
45 21 53 92
16 92 33 1
49 22 60 41
0 42 17 88
67 94 80 41
19 31 26 39
0 77 16 38
95 15 64 94
52 13 13 60
63 78 52 62
10 77 98 29
97 27 88 15
0 24 7 67
68 75 46 37
17 56 31 1
9 66 85 72
39 52 33 3
22 89 79 77
27 34 13 30
84 5 73 84
67 16 100 92
5 19 63 31
98 96 41 22
40 87 13 63
23 22 74 39
37 76 30 96
85 82 70 64
95 68 29 2
98 72 2 62
69 60 71 75
54 93 70 7
46 60 81 45
32 27 57 63
92 69 54 8
0 97 38 67
18 63 29 10
64 15 29 19
15 79 100 9
18 37 26 96
78 15 69 23
43 21 57 77
75 65 11 49
54 61 57 24
39 96 14 44
19 83 95 1
28 8 5 11
54 8 66 88
52 3 27 28
47 86 10 52
39 9 27 80
76 31 68 72
47 27 26 60
68 5 9 25
60 80 80 24
10 68 16 31
92 98 30 15
21 67 66 27
29 88 42 88
85 19 75 84
42 71 20 90
52 17 99 95
18 83 61 46
78 81 53 73
34 67 82 74
5 24 39 98
32 50 26 7
90 72 65 25
32 1 42 6
30 57 51 58
86 47 24 19
50 31 15 85
82 65 83 30
83 50 100 8
39 20 48 25
37 13 71 36
92 30 98 53
22 76 94 4
11 17 62 37
57 41 20 62
77 9 99 67
92 86 42 43
73 62 44 39
65 84 37 39
35 71 83 77
74 8 24 68
98 64 58 66
7 34 68 38
72 82 76 24
82 39 99 27
54 28 30 38
16 15 70 85
32 5 54 64
86 36 59 7
26 96 68 22
56 65 22 16
26 88 71 31
20 85 50 57
85 5 45 47
71 15 15 91
93 36 20 81
17 73 28 90
4 69 52 94
79 55 55 100
75 79 33 1
31 44 52 47
10 61 45 18
49 94 68 60
60 10 22 35
60 73 79 90
70 52 81 73
37 79 15 20
53 17 97 26
49 74 99 85
97 6 81 25
14 93 69 40
76 79 33 14
21 81 9 91
27 49 95 40
41 72 73 96
33 50 86 19
40 23 49 86
75 14 44 60
7 87 62 26
45 73 51 61
36 69 8 79
7 2 64 98
45 25 81 94
66 6 2 77
24 26 9 94
71 6 95 70
64 75 17 95
57 42 78 98
56 25 74 17
89 95 1 96
54 71 57 9
24 85 46 17
42 80 63 7
77 42 51 63
97 56 82 18
4 13 87 82
11 57 75 74
51 43 8 44
53 5 11 23
54 72 77 61
58 80 69 6
38 57 17 18
26 65 86 94
51 85 82 58
47 19 50 55
4 73 88 34
66 23 62 71
95 24 17 8
81 60 12 19
50 87 48 40
94 19 16 57
44 14 50 99
54 6 35 29
10 19 60 73
18 55 63 68
79 95 62 78
97 89 37 5
66 67 52 46
27 26 14 23
67 86 17 79
99 22 47 69
36 7 90 12
47 66 92 53
63 37 10 85
94 37 90 76
32 92 49 80
55 57 28 40
5 39 31 7
0 47 13 54
45 40 97 86
64 24 33 90
97 84 75 25
93 19 79 39
41 3 54 42
74 73 91 78
42 13 5 47
55 95 95 33
28 6 99 79
65 15 14 9
4 6 88 87
82 71 32 36
28 16 94 83
78 23 69 23
34 93 69 94
35 54 96 76
78 83 12 100
7 5 16 15
40 46 97 11
47 28 95 22
35 52 97 0
19 11 94 16
73 89 84 56
2 93 19 40
13 0 63 29
87 43 70 43
24 70 19 97
18 32 30 70
80 76 13 18
47 45 54 47
32 64 77 39
32 32 76 33
64 64 68 0
34 51 44 46
92 74 48 6
51 42 1 93
30 4 14 98
9 91 16 6
97 42 92 19
70 72 79 70
79 7 76 78
74 59 53 21
31 37 34 72
91 23 50 45
93 15 87 94
92 18 6 94
86 98 71 74
53 24 54 6
84 68 29 83
84 76 76 22
54 13 66 91
63 69 7 72
91 71 63 49
67 92 24 53
14 13 45 85
83 87 97 46
84 23 9 8
90 19 17 84
28 97 36 56
31 78 61 56
53 95 99 40
39 84 49 85
25 11 86 61
75 42 73 11
0 2 71 54
65 46 38 83
95 83 56 31
82 82 75 67
92 5 93 0
38 44 22 16
41 34 18 68
28 82 21 5
50 49 84 48
43 69 80 91
76 30 81 57
89 24 28 72
83 77 52 71
54 0 100 96
36 89 91 93
53 68 14 12
5 17 2 94
35 42 56 91
0 57 13 76
50 8 92 82
81 22 2 7
13 11 30 57
71 79 96 47
73 4 79 59
29 60 28 55
45 69 58 8
37 56 84 26
17 24 41 84
84 47 33 14
23 86 50 66
95 53 96 97
92 6 24 9
41 45 75 46
82 81 73 91
34 67 52 43
31 78 41 95
6 48 33 73
5 33 87 74
62 22 90 70
31 76 47 3
26 99 12 66
23 23 92 61
79 12 22 8
77 46 4 19
44 1 34 77
93 0 6 1
40 55 57 63
69 56 33 40
18 85 11 63
98 1 47 14
71 42 11 18
27 30 29 87
18 48 66 77
28 52 27 18
60 86 97 2
88 61 13 19
42 58 65 42
57 35 44 81
80 32 7 28
44 83 58 64
26 95 86 46
72 7 67 93
20 64 53 76
90 34 11 83
76 28 88 28
44 33 90 30
70 67 14 64
68 80 16 87
64 37 63 88
92 63 43 59
91 35 98 79
42 66 4 5
50 13 31 11
15 77 71 63
46 100 92 17
71 9 25 67
90 5 74 56
92 79 79 36
18 23 16 36
66 22 72 46
5 70 93 45
13 60 84 4
14 57 18 14
59 12 28 32
91 100 31 51
98 93 46 73
43 95 37 28
100 3 32 19
23 8 31 49
34 57 17 94
1 7 44 71
50 20 23 36
31 77 18 12
38 13 96 1
47 85 97 88
13 100 51 49
3 75 14 25
49 72 80 75
7 49 46 18
4 92 26 40
44 44 6 36
64 45 63 9
68 41 59 42
4 89 16 92
47 76 68 46
24 53 73 21
32 45 58 44
64 68 2 43
6 86 66 22
43 90 0 68
84 51 70 78
84 79 49 40
83 8 87 32
64 90 98 72
24 61 15 56
7 86 44 88
71 40 98 58
91 89 39 18
57 48 21 39
23 64 37 63
13 1 26 20
81 22 68 100
29 99 50 48
9 54 48 87
17 9 97 85
1 21 41 75
48 46 64 28
37 59 10 82
79 55 76 30
96 73 67 98
39 6 52 30
73 97 66 97
78 47 42 28
14 61 10 97
24 98 97 25
64 61 4 78
57 18 78 99
41 30 21 92
2 32 10 87
59 23 43 39
22 41 19 9
94 78 23 61
15 64 98 87
11 41 76 57
15 79 56 75
58 86 84 12
79 71 81 50
37 87 18 47
94 79 39 32
36 22 65 69
7 87 53 32
99 35 19 7
7 68 65 55
73 41 6 28
40 84 12 31
15 87 13 98
46 41 84 7
63 2 32 72
94 41 82 63
2 45 66 58
25 41 49 44
30 27 29 57
67 56 50 31
10 34 14 59
13 66 21 91
50 63 31 82
45 51 26 12
58 16 25 77
30 60 51 69
28 65 89 49
32 96 28 3
99 77 29 51
82 59 32 10
20 51 39 37
81 82 3 71
94 96 33 94
34 71 58 26
28 74 41 84
33 47 7 27
10 60 98 24
72 53 74 26
83 8 82 10
19 56 50 56
98 63 26 71
38 3 20 93
47 13 31 76
70 41 24 18
39 83 9 81
11 68 27 90
19 17 40 6
73 27 63 98
67 25 99 72
91 69 91 51
22 96 41 2
98 46 87 67
46 13 44 31
67 12 68 40
25 15 53 81
25 30 84 52
73 34 38 76
94 2 60 95
27 14 41 68
59 36 24 48
17 32 43 27
86 37 96 86
36 28 36 71
71 52 74 60
50 44 94 51
31 50 45 56
93 41 35 67
4 20 78 15
57 18 57 44
27 12 59 3
29 6 50 53
53 82 94 45
97 91 52 21
56 6 0 49
61 52 15 96
37 76 53 18
59 86 7 51
31 44 81 32
52 5 16 4
51 64 6 12
46 98 63 14
47 17 64 30
69 8 19 25
1 94 11 80
5 19 96 67
6 93 28 53
31 57 59 15
72 89 14 36
84 23 35 52
62 28 22 44
96 67 93 21
79 57 12 13
22 95 96 73
35 44 45 30
62 51 87 95
24 52 43 3
91 53 61 9
80 85 53 31
1 33 75 12
72 100 36 17
89 2 40 83
88 65 23 37
3 44 41 94
83 31 69 9
95 98 79 18
84 47 30 97
20 46 67 32
88 93 73 4
96 8 85 75
57 9 15 61
91 72 84 42
9 62 46 65
42 92 72 87
93 59 67 98
4 30 67 29
67 41 49 100
41 88 30 31
22 87 93 57
3 71 9 63
91 64 70 4
63 12 89 65
70 79 55 77
76 35 63 16
50 52 48 33
23 88 91 38
83 45 59 42
76 41 77 81
84 97 58 43
41 29 19 44
86 66 86 98
2 37 19 60
61 83 33 45
54 78 76 35
46 51 10 93
1 8 0 23
22 8 49 68
18 22 71 84
57 37 46 80
54 22 32 20
81 46 21 18
58 72 22 10
60 10 70 8
87 78 15 73
6 68 4 30
98 55 31 87
77 3 6 45
0 56 83 37
71 91 54 46
57 9 67 15
98 7 77 79
97 22 37 50
26 6 15 37
53 69 48 61
3 87 51 65
95 16 56 56
67 2 97 37
49 10 60 78
42 25 59 23
59 7 64 42
44 68 11 30
99 39 65 24
81 46 96 1
27 26 69 87
19 37 76 47
87 10 92 57
7 29 94 23
78 38 61 2
25 28 23 14
90 41 74 86
80 44 2 72
54 82 11 25
75 96 21 91
61 80 42 47
3 57 63 76
37 19 64 15
51 8 89 86
10 3 32 81
80 77 83 84
0 43 20 73
49 47 70 60
21 89 24 4
51 34 83 42
47 39 45 64
41 11 47 71
91 75 46 81
47 35 82 34
89 90 3 100
68 46 71 17
75 45 5 47
100 17 68 41
41 100 86 27
47 96 36 13
13 3 62 30
95 21 54 100
63 13 92 8
97 7 83 71
8 13 64 87
71 80 83 87
39 9 3 29
35 99 82 71
1 45 64 16
55 79 6 84
10 88 53 7
21 96 5 8
63 6 83 43
97 94 69 97
74 61 33 51
8 2 34 30
86 8 83 40
66 21 72 3
64 7 39 78
32 56 100 52
91 76 13 28
88 50 52 29
8 100 33 36
65 64 80 53
6 60 21 20
18 99 47 49
4 75 1 60
8 58 30 94
19 58 45 1
13 67 21 44
35 27 24 38
53 40 79 13
10 40 20 70
8 49 95 31
40 60 30 58
27 4 94 49
41 68 93 29
51 69 61 84
61 41 87 8
68 80 89 82
41 67 71 66
45 77 48 33
83 24 43 40
80 68 75 7
41 76 90 38
45 30 78 52
17 29 62 88
34 73 51 73
65 66 63 88
94 32 5 59
44 99 86 60
43 36 89 66
51 74 97 25
17 71 8 92
58 91 65 37
93 93 86 76
8 22 30 53
31 33 74 92
49 59 71 43
81 87 24 62
15 56 24 40
92 62 97 98
41 71 65 59
53 97 4 70
10 8 36 66
16 45 21 42
4 10 54 29
13 81 53 85
60 77 59 75
6 65 50 63
98 84 42 36
15 67 76 32
69 70 12 42
25 52 76 74
95 30 15 91
21 65 47 94
21 39 10 72
96 23 48 85
11 47 31 72
3 98 20 55
94 42 94 56
51 61 36 95
34 55 78 88
98 33 67 42
41 88 80 43
14 29 94 7
69 36 3 31
26 43 9 10
96 91 25 45
19 19 73 34
37 45 17 30
61 60 49 14
93 19 81 82
95 61 29 74
14 76 87 79
27 63 100 86
25 5 56 94
51 29 63 98
18 51 18 0
32 63 77 29
76 5 80 76
67 30 3 84
71 87 42 68
19 60 53 67
61 15 51 87
43 86 6 11
69 28 34 55
45 56 39 92
11 0 86 88
21 59 8 87
41 12 93 72
81 28 9 97
44 83 96 30
3 66 62 77
9 70 2 16
52 15 5 72
43 41 8 75
11 67 56 95
65 41 75 73
18 11 94 42
61 84 21 71
2 58 58 53
6 60 34 82
57 25 75 41
53 85 98 54
88 61 30 4
35 70 97 42
10 39 32 82
38 37 62 75
5 79 23 13
77 84 0 70
24 95 15 20
47 9 62 72
12 16 85 89
85 94 70 78
56 21 84 90
11 44 28 66
55 87 81 43
45 7 62 89
13 22 74 84
64 69 45 19
47 61 84 12
70 65 15 70
28 74 84 55
25 40 50 89
21 67 67 1
57 45 19 58
24 22 53 73
76 50 81 31
51 77 27 4
15 12 9 78
1 11 27 43
7 42 82 10
92 20 24 13
24 73 45 28
90 14 16 95
85 51 53 20
20 66 35 60
68 67 91 48
76 48 41 51
67 97 53 50
80 49 50 5
57 85 32 61
75 74 64 53
42 68 53 39
58 24 3 43
62 2 17 88
35 70 66 7
34 76 15 79
9 89 54 55
73 20 89 14
39 96 45 51
15 25 77 17
54 68 30 38
70 93 84 86
42 42 27 12
99 56 45 16
25 90 70 46
88 44 0 59
36 99 57 96
14 43 55 95
80 36 78 6
52 73 4 70
13 100 95 16
31 43 94 96
47 40 87 32
41 45 43 80
33 73 4 100
3 10 24 28
28 18 75 7
10 17 84 61
33 40 20 95
14 26 23 76
65 96 61 23
78 99 27 25
90 84 63 83
69 38 20 76
7 15 24 1
51 26 12 2
57 57 89 71
84 18 60 58
40 30 54 60
62 6 63 98
97 31 85 13
56 50 58 79
28 68 71 52
92 25 61 7
97 69 42 16
46 59 36 33
45 74 78 58
12 52 92 12
46 58 38 66
16 93 65 13
22 63 73 73
50 60 25 66
43 99 82 51
20 94 43 29
86 66 96 50
93 29 57 36
74 45 1 3
95 43 83 18
58 71 81 26
8 42 78 27
29 17 5 79
26 78 68 87
69 18 64 96
70 9 29 68
96 66 32 74
83 9 68 27
53 41 95 63
40 46 50 55
61 91 8 62
21 42 42 87
56 98 18 42
58 97 93 34
8 76 74 58
28 1 72 34
45 21 59 98
26 12 29 75
37 48 58 53
57 12 13 86
65 70 62 82
71 2 73 37
29 37 63 7
10 4 30 57
54 10 40 42
90 30 93 66
49 1 36 27
38 19 29 17
78 69 69 77
22 3 31 38
20 55 69 76
89 63 78 76
61 99 70 1
58 98 16 36
33 95 100 96
87 58 4 61
66 98 63 50
84 100 49 64
17 54 61 56
13 3 17 8
57 26 100 100
54 37 59 61
16 45 28 50
23 91 56 7
42 81 22 72
89 41 75 59
34 76 15 93
31 34 47 58
15 87 93 53
59 96 98 44
30 26 48 23
69 20 57 2
82 75 89 63
85 1 47 22
71 69 33 45
80 60 89 43
64 83 38 77
83 50 5 96
4 31 61 69
98 84 43 23
87 84 98 27
96 11 13 32
75 57 30 86
63 6 40 8
26 88 35 90
39 87 16 46
47 36 99 20
45 7 8 18
57 12 75 87
97 90 52 57
3 62 19 28
73 99 65 59
31 87 3 14
81 56 1 70
1 33 51 28
9 81 68 76
44 68 39 34
20 60 21 13
66 8 77 85
91 80 66 18
2 2 26 41
27 2 14 12
63 4 34 74
39 3 66 77
73 73 14 19
97 91 76 38
87 34 56 18
32 94 86 92
67 55 92 96
99 30 33 75
37 52 100 26
92 23 27 21
64 30 79 92
26 1 3 12
58 24 59 51
66 54 95 71
37 48 98 76
81 100 5 67
91 27 21 50
99 30 38 23
15 18 31 90
63 64 45 72
49 71 10 82
30 16 31 25
33 97 2 96
10 45 56 26
89 87 47 2
70 57 81 98
39 80 52 31
56 18 34 4
35 53 40 53
32 56 74 70
64 5 89 0
77 17 100 25
35 22 46 49
70 46 100 91
85 89 29 100
99 86 78 32
29 34 11 58
45 85 19 30
42 53 39 0
23 52 37 83
100 29 51 87
16 54 9 86
5 67 59 4
16 2 100 18
76 25 13 27
94 4 18 70
27 47 23 67
68 41 22 82
11 72 5 10
2 40 6 40
93 49 53 16
42 16 98 38
31 57 93 4
29 14 92 99
62 33 17 44
85 7 61 9
96 11 46 68
46 21 58 88
83 59 63 40
44 52 96 33
60 25 55 45
34 19 10 11
62 90 96 65
100 30 80 45
9 100 54 82
51 16 82 16
54 84 55 95
22 74 85 3
81 86 75 92
8 1 66 21
60 70 26 26
40 16 63 19
18 10 6 79
67 26 32 54
73 62 66 84
49 36 58 98
5 22 52 30
19 22 82 71
53 85 24 24
99 47 88 98
15 19 71 17
63 5 20 13
53 70 21 51
79 24 29 49
69 87 6 6
87 59 93 7
44 14 51 41
99 47 4 81
38 51 92 30
9 37 38 24
8 69 70 41
86 55 42 81
80 35 25 32
38 64 28 87
5 61 71 47
27 75 31 91
24 8 64 42
54 54 30 53
73 10 32 12
3 30 95 65
58 55 46 75
24 16 84 18
65 51 74 1
73 59 80 23
63 21 3 54
39 58 84 46
50 78 80 99
55 10 81 44
17 22 28 54
34 85 89 1
19 63 43 88
100 17 51 75
20 69 99 23
53 71 83 48
41 72 78 8
7 18 32 39
92 80 88 43
58 22 75 66
