1000 100 100
51 24
22 34
91 55 96 14
35 63 91 53
10 44 98 77
65 40 40 90
69 21 100 30
76 92 69 73
31 62 83 6
31 5 98 68
9 85 1 18
8 95 79 84
31 37 41 95
86 50 69 83
1 48 43 58
27 26 32 56
24 48 35 13
24 82 16 77
64 53 96 86
3 27 36 79
11 66 50 81
42 31 7 46
81 12 25 62
67 44 2 94
45 76 13 42
79 73 26 68
25 38 56 93
90 32 54 49
81 99 18 54
43 56 36 25
59 91 42 26
58 1 76 22
72 32 8 42
15 18 41 12
52 58 14 53
16 52 27 10
36 47 93 39
98 41 85 28
37 63 38 84
66 45 97 18
86 61 18 84
1 31 76 14
85 17 35 74
26 30 9 60
29 92 32 24
18 31 98 29
35 91 3 51
78 72 94 47
65 52 14 27
75 90 87 98
82 26 8 75
33 36 4 76
86 52 55 66
7 64 48 2
4 20 64 59
4 95 76 82
27 54 31 9
20 64 95 2
59 80 97 80
60 72 56 46
50 20 62 60
37 73 27 65
60 65 16 30
99 36 73 50
37 99 8 35
5 100 91 44
94 48 94 22
45 34 64 91
22 57 38 51
87 58 61 74
47 7 93 75
51 88 90 71
5 36 99 60
2 18 44 83
28 9 35 39
46 89 73 35
86 42 87 98
68 11 28 94
29 59 22 93
45 63 83 65
7 78 24 100
77 6 33 9
58 94 39 58
59 20 37 78
38 43 71 26
13 28 85 91
85 61 50 83
49 92 39 50
78 23 10 55
11 21 82 52
58 38 71 15
6 32 97 36
64 99 32 63
52 44 33 92
23 32 42 12
42 71 65 93
14 100 28 84
56 30 63 22
30 18 0 9
83 48 79 23
97 67 67 9
98 34 24 33
95 15 0 39
51 42 37 87
16 71 66 100
71 29 64 70
2 63 71 81
54 22 78 78
47 75 83 69
28 16 93 30
2 24 25 92
56 38 82 7
13 5 1 31
25 34 1 100
12 81 35 41
85 22 48 72
52 48 60 65
19 83 55 91
43 65 39 84
81 22 98 46
8 39 52 22
85 97 98 38
48 83 52 35
78 4 61 20
35 19 11 96
34 21 30 80
20 31 6 11
55 25 74 71
47 9 2 46
98 65 76 89
61 63 71 42
40 16 84 38
40 10 98 57
34 57 75 75
61 25 15 50
40 15 93 99
87 59 23 52
65 65 7 6
86 72 12 91
53 86 82 54
67 93 57 57
35 74 31 31
20 65 7 100
95 63 42 51
81 79 91 28
14 76 48 44
91 98 22 55
75 92 5 89
94 81 92 12
41 20 45 96
61 86 48 97
29 51 52 61
39 78 29 26
12 61 70 72
98 79 1 53
99 45 0 29
90 43 46 71
83 74 49 33
95 41 92 33
44 25 44 41
1 25 55 57
43 69 83 54
33 21 10 77
88 67 6 63
80 97 34 50
38 58 29 4
41 55 36 6
60 17 98 93
81 71 8 100
29 49 59 49
38 6 22 19
79 13 8 28
38 22 36 42
94 18 8 67
30 85 42 51
32 57 78 4
23 99 74 29
11 20 56 62
40 68 11 49
13 84 63 28
100 48 30 18
15 76 70 20
14 40 20 25
99 69 45 37
19 41 26 29
42 73 39 17
82 83 22 73
50 53 85 74
95 40 11 85
94 35 29 51
10 89 67 93
51 66 63 45
61 88 69 63
35 83 17 65
87 97 53 73
42 54 11 70
73 15 77 26
35 37 46 70
97 12 88 76
89 42 51 14
61 13 33 61
76 45 24 57
54 51 79 53
74 61 57 7
91 22 36 6
95 57 46 76
49 73 44 97
62 54 0 0
4 75 95 9
5 16 32 77
83 68 69 7
23 48 54 95
60 9 65 76
81 34 69 93
53 33 25 47
97 8 69 79
43 15 70 54
92 81 6 36
70 0 95 83
6 29 34 15
89 100 39 69
67 10 89 76
74 70 2 55
40 18 20 51
1 49 26 1
91 20 15 81
30 27 59 60
0 86 91 17
34 17 2 27
5 27 65 21
25 92 19 16
72 97 98 89
76 23 24 15
24 90 36 37
66 73 53 8
43 20 31 63
98 84 13 3
53 90 1 54
91 50 36 44
38 8 46 21
30 20 45 93
56 43 60 82
13 6 73 26
66 57 33 72
95 89 18 85
89 37 78 100
63 44 81 32
47 59 4 65
69 30 82 32
81 95 54 42
91 54 26 24
8 4 34 36
34 69 27 87
24 74 23 11
33 19 42 74
96 77 14 7
79 48 4 59
46 26 61 90
42 90 53 1
68 0 24 22
82 16 92 49
12 25 9 8
55 34 18 25
77 14 27 57
72 14 67 18
91 2 14 32
29 68 85 92
75 52 49 26
85 46 41 68
28 11 10 29
79 82 58 37
27 63 52 66
57 73 24 35
69 79 69 57
20 26 59 25
39 26 20 72
63 44 31 73
30 74 74 57
53 82 7 69
53 98 80 12
41 11 17 46
25 39 9 97
78 23 36 13
72 64 70 43
75 71 41 92
36 57 92 78
7 66 14 52
5 79 73 61
65 51 62 90
27 70 72 35
40 89 3 54
56 93 25 85
24 83 96 20
71 70 96 71
17 39 24 15
63 62 44 16
98 49 29 16
3 34 97 10
91 41 36 53
73 19 26 11
22 35 40 27
55 3 12 21
63 12 71 42
66 1 51 32
4 94 43 39
58 57 97 47
13 54 49 3
94 99 73 0
30 17 34 76
1 70 85 44
14 76 7 57
44 14 100 39
38 33 53 95
24 54 48 98
96 69 12 6
49 58 63 94
97 75 29 37
86 3 2 56
31 99 70 50
80 23 17 66
29 45 39 38
43 100 42 66
62 93 38 37
95 69 34 60
98 76 28 50
72 80 54 95
46 63 91 79
1 25 12 8
63 89 81 3
98 1 61 37
77 65 72 89
66 68 7 20
71 23 3 94
37 46 4 1
2 87 0 38
35 99 43 61
95 94 34 97
44 3 77 70
14 38 76 0
67 17 51 77
90 53 28 22
30 76 94 40
27 50 53 99
70 72 99 84
24 28 1 8
41 86 35 92
34 78 45 97
90 42 71 2
28 76 27 8
81 69 87 13
40 21 29 82
7 8 47 20
11 42 63 56
37 49 70 39
98 38 62 80
72 75 98 55
65 82 36 29
82 21 26 81
93 9 85 20
58 73 19 55
75 51 65 34
39 38 34 21
95 63 25 58
32 14 0 4
80 95 35 18
46 81 32 42
26 15 35 71
82 91 90 46
23 24 2 58
60 12 59 57
82 12 95 78
93 69 31 28
24 6 5 52
26 75 17 100
72 17 92 17
93 26 58 67
56 65 57 87
87 20 9 94
86 25 94 75
36 91 9 95
34 67 89 62
27 32 82 31
72 80 13 66
5 6 33 26
57 20 51 16
58 11 99 76
80 27 77 17
83 96 26 26
51 27 1 21
48 25 1 36
51 13 34 55
25 90 15 31
81 74 72 33
12 97 69 38
5 2 6 21
89 66 8 33
15 85 82 75
0 28 84 55
74 38 20 53
17 37 86 15
88 70 77 38
36 73 3 37
89 66 74 65
8 39 79 65
94 1 98 28
8 31 58 38
93 82 16 91
89 20 97 19
42 66 20 34
59 70 88 74
99 73 57 80
75 16 93 87
49 78 17 5
75 33 98 50
76 84 75 57
37 68 36 96
83 80 66 9
62 2 76 23
90 42 17 93
22 28 49 87
29 99 70 58
40 78 62 27
57 8 16 0
1 4 82 63
73 20 46 36
7 26 79 68
42 77 27 34
70 28 25 58
21 87 11 43
96 51 25 11
10 51 86 32
24 34 72 8
89 16 79 13
70 82 88 43
90 56 4 79
70 78 75 18
66 2 47 42
8 49 65 51
42 41 61 78
69 94 92 41
97 22 76 2
94 70 87 44
10 98 100 41
77 70 17 70
39 75 54 86
5 57 24 59
40 33 76 21
92 14 55 27
23 12 88 52
4 14 97 15
47 18 71 19
6 54 94 13
80 25 67 81
4 15 95 5
56 100 75 12
75 53 58 27
40 26 61 57
50 53 37 82
27 1 46 98
43 50 75 2
21 1 94 28
3 22 17 78
93 100 27 90
72 98 35 80
76 44 52 86
93 5 57 16
19 46 0 65
51 65 73 52
32 60 54 7
51 5 56 70
34 51 14 82
47 32 26 24
27 38 56 68
85 37 19 99
64 31 20 69
8 17 77 79
65 52 21 24
43 45 92 63
22 38 95 30
39 0 16 55
26 21 93 89
39 71 48 15
6 23 82 66
59 88 40 65
37 2 44 26
28 27 13 71
33 8 71 14
68 11 2 79
88 18 45 21
8 87 33 20
85 78 27 73
14 4 63 36
76 85 88 6
8 77 28 12
99 8 78 36
9 66 48 17
48 96 15 5
19 80 35 6
42 12 99 86
59 34 80 4
7 24 77 19
15 81 43 25
30 62 46 70
18 85 80 40
30 78 31 33
73 10 63 14
0 73 35 71
23 10 65 98
75 43 82 76
83 91 63 79
30 89 36 12
24 18 95 49
47 62 82 94
30 42 14 90
52 70 15 98
33 12 29 61
15 46 15 72
39 47 93 81
45 27 66 59
5 45 44 1
26 19 47 20
95 71 53 83
34 31 95 2
82 88 97 41
57 71 1 74
63 49 95 32
81 66 63 6
51 23 48 79
54 88 83 41
2 5 7 57
91 35 35 15
42 21 4 33
9 20 6 67
97 40 45 100
17 8 12 49
14 7 44 18
59 55 94 17
19 12 91 94
39 8 12 71
86 56 35 22
81 79 25 42
48 1 4 80
94 92 56 34
47 22 82 94
83 4 4 70
69 16 73 27
97 78 77 57
20 23 24 50
88 54 26 78
17 17 13 37
84 65 34 65
40 31 39 44
70 69 94 57
77 46 16 42
11 61 6 46
17 94 35 21
17 85 52 2
18 30 86 8
27 30 99 77
51 60 80 39
49 26 94 63
3 13 68 67
92 78 20 21
46 76 80 41
67 38 33 35
8 32 21 19
63 89 30 82
40 54 20 87
11 72 71 23
79 56 13 8
62 15 43 70
82 59 82 47
76 20 62 47
71 58 72 40
54 35 100 88
79 98 66 9
38 37 82 26
35 60 37 58
51 71 32 30
70 87 33 34
49 49 20 22
50 58 38 53
34 42 52 98
39 15 7 1
23 12 15 0
86 23 63 86
75 12 3 98
87 51 65 15
3 94 42 44
41 52 49 79
26 100 5 58
99 24 82 6
78 10 97 72
95 63 22 19
14 9 41 49
91 62 32 21
57 64 55 25
37 35 17 36
65 50 37 35
84 24 46 54
40 35 66 0
63 86 81 6
59 7 56 89
41 94 36 14
2 65 85 59
29 53 27 53
75 60 42 68
20 31 14 50
13 30 85 71
42 51 93 97
82 98 92 91
99 55 76 7
47 11 74 62
99 47 4 75
75 32 4 76
68 3 25 27
2 99 69 88
16 25 3 25
77 34 76 18
64 30 73 95
62 28 81 94
23 44 71 80
29 51 91 54
57 54 23 85
70 76 89 45
17 6 14 35
43 32 71 42
13 56 88 11
85 14 19 9
48 46 63 92
74 71 57 30
65 69 13 89
57 80 52 30
12 74 35 45
46 35 14 34
41 62 0 47
16 49 6 22
8 11 27 36
52 97 8 38
73 7 92 22
9 82 0 94
78 17 80 9
43 51 42 24
70 71 33 86
62 81 69 73
17 11 16 30
9 50 83 74
82 84 57 2
4 22 26 15
87 62 9 10
49 85 54 32
86 11 1 49
99 20 86 99
73 67 17 52
79 88 75 52
1 99 15 100
17 43 93 43
52 19 22 53
15 0 70 58
83 4 82 32
63 4 50 92
40 69 10 58
90 82 21 41
54 60 18 2
19 44 76 100
81 95 42 7
64 18 43 41
90 91 81 78
76 83 3 57
91 70 55 63
2 38 21 61
40 88 29 95
9 58 29 20
77 15 49 37
10 29 11 89
5 72 100 38
71 80 53 6
49 75 49 81
46 99 39 54
14 37 61 37
94 96 74 64
57 17 71 79
65 52 69 54
30 63 25 51
81 8 87 28
45 12 25 18
40 98 0 85
49 40 10 32
75 83 77 38
41 20 71 88
39 90 10 91
73 41 35 53
11 88 64 21
51 89 67 79
0 30 64 46
43 58 81 34
46 28 36 68
98 30 90 34
72 4 78 98
67 46 13 79
17 70 90 17
78 34 24 20
7 57 6 99
59 55 41 18
4 47 88 20
6 94 45 69
62 96 8 64
62 6 18 87
97 82 62 5
27 59 26 82
86 90 99 87
57 39 67 46
4 6 4 42
88 82 35 28
14 34 81 0
79 22 89 49
95 52 21 88
59 32 67 9
85 58 5 26
38 45 94 97
10 83 5 51
48 8 95 53
8 88 43 31
34 13 40 46
25 68 96 32
69 83 39 69
66 5 48 29
40 46 57 98
44 35 6 43
56 87 51 19
9 98 6 85
38 30 52 16
54 99 67 1
31 87 80 38
32 81 25 15
60 21 86 19
21 60 62 86
82 68 97 56
88 28 62 6
99 47 98 57
15 2 17 28
47 30 3 16
7 58 38 60
83 14 29 24
98 37 48 94
44 81 40 99
45 41 4 98
15 91 19 55
68 65 68 80
93 46 12 74
42 25 20 21
41 2 66 74
44 50 65 89
56 46 61 57
74 21 59 64
32 31 55 16
57 16 18 97
41 48 5 94
33 32 44 44
46 87 66 81
72 61 38 10
83 23 84 54
69 10 63 19
76 73 33 14
71 59 30 98
21 55 25 93
94 69 93 23
41 9 72 99
5 40 34 44
95 62 37 92
7 42 36 75
32 74 21 3
33 39 41 43
38 51 54 68
67 71 0 50
73 40 31 28
41 57 70 36
13 53 14 62
57 76 16 32
43 12 77 85
52 16 68 97
19 63 25 76
64 29 6 3
80 71 11 73
56 60 82 9
71 54 25 48
74 70 16 35
63 80 42 82
32 32 57 72
82 33 83 12
38 25 19 97
14 36 90 16
100 44 80 27
72 97 25 26
30 27 58 56
4 48 75 56
92 6 42 80
49 94 75 14
5 44 10 45
69 42 41 16
25 45 54 10
29 52 74 1
32 41 86 57
2 6 95 45
47 41 4 57
23 63 43 56
61 42 45 44
39 71 89 44
31 19 73 53
79 74 36 29
74 57 29 46
74 64 42 58
8 9 51 76
89 64 58 69
38 15 84 59
16 59 10 22
54 65 97 55
53 22 35 5
27 74 81 43
90 22 52 22
27 5 79 74
95 94 18 45
82 31 66 4
45 22 12 23
34 51 9 64
41 83 79 45
4 15 45 43
51 81 41 61
51 77 59 39
31 32 100 22
38 53 94 35
62 59 90 94
50 95 95 25
61 82 82 86
62 50 4 95
65 52 34 39
53 14 48 0
27 5 22 39
36 38 30 34
63 91 7 5
28 7 26 30
97 50 97 68
54 76 81 80
28 32 69 27
38 14 88 30
51 66 39 51
75 35 87 61
86 61 22 16
54 51 50 94
34 24 49 98
89 30 85 6
95 98 36 61
5 2 0 29
78 19 54 16
45 75 77 3
70 21 79 45
97 82 90 60
60 32 70 38
20 39 23 61
46 54 41 3
92 5 10 80
89 43 14 47
79 46 67 35
99 74 2 61
8 91 43 22
15 76 94 31
96 2 40 72
21 90 17 14
97 95 10 36
16 52 76 61
47 14 60 50
33 26 90 40
73 36 0 24
17 36 79 97
22 62 35 26
33 90 55 21
92 65 95 78
13 84 33 53
33 17 53 30
81 99 99 65
53 37 20 77
84 29 72 93
69 57 74 52
93 35 39 86
88 0 85 82
50 58 64 96
65 49 60 9
28 96 76 3
77 75 81 79
100 54 92 4
33 10 41 59
91 71 67 42
8 42 31 76
2 79 54 79
79 48 19 35
75 16 45 98
3 13 36 52
34 28 45 28
97 54 94 96
63 49 24 66
35 47 99 55
16 82 44 88
31 54 3 33
9 85 7 26
4 34 35 80
72 40 68 98
22 35 33 36
84 76 19 20
66 83 56 98
23 18 0 73
74 93 47 19
7 50 49 53
58 57 46 12
13 56 14 15
6 52 55 25
45 28 87 7
26 51 34 96
58 70 33 53
59 10 57 44
93 36 2 67
90 48 10 42
96 37 42 43
96 80 13 47
58 82 76 7
19 24 22 20
35 83 22 74
68 40 60 56
56 28 88 58
91 45 93 40
63 41 34 39
87 24 62 48
20 38 98 91
41 43 49 91
54 13 19 17
30 0 55 30
94 56 0 92
62 11 20 36
89 85 31 29
54 45 84 48
20 84 70 23
6 62 29 29
49 28 93 60
23 7 68 57
94 37 39 74
5 82 88 11
86 93 44 23
65 59 26 42
26 19 29 38
55 56 50 41
11 12 58 20
15 71 73 3
38 87 67 88
38 20 78 6
96 97 42 88
42 42 18 82
47 18 12 88
31 99 27 22
32 97 0 67
41 18 35 69
93 70 85 1
93 54 56 50
70 66 85 100
29 59 34 62
11 84 30 27
74 37 13 17
50 33 40 33
73 70 54 23
27 68 95 92
18 96 3 54
94 75 47 13
58 35 88 24
27 55 50 58
13 75 21 29
65 95 0 5
80 13 66 98
29 93 53 5
38 24 38 74
13 79 84 29
28 60 94 6
59 28 46 47
24 100 48 56
79 38 5 42
28 99 20 26
75 88 99 12
91 65 75 46
84 71 85 50
65 8 50 61
48 41 16 38
64 33 98 4
69 32 48 43
28 40 81 41
73 22 89 87
100 39 58 8
71 96 67 88
19 36 48 18
62 50 97 76
2 66 40 87
12 95 50 87
0 88 58 51
96 75 51 66
41 67 80 25
19 78 92 32
