1000 100 100
86 73
50 68
72 13 25 93
43 26 40 84
88 44 22 39
46 57 44 97
98 63 23 47
12 54 66 18
26 52 56 86
77 34 77 50
71 68 15 86
18 89 41 98
73 8 5 31
56 8 75 65
34 29 39 45
20 26 5 3
59 98 30 32
49 60 50 16
92 89 40 79
29 59 33 17
46 4 75 86
69 77 14 96
32 89 91 28
2 99 70 62
35 63 85 78
98 56 12 92
34 32 47 49
0 51 46 17
95 27 26 85
20 29 64 93
41 99 41 54
12 71 46 80
20 89 97 53
84 70 53 63
10 8 40 58
3 77 37 95
40 15 28 34
66 28 58 56
100 84 59 24
27 48 68 26
2 40 4 20
52 70 73 15
69 82 63 84
4 63 54 51
81 68 25 76
1 87 64 96
70 100 2 86
85 98 20 81
86 45 93 43
34 94 70 91
36 45 60 42
26 28 6 20
99 5 66 45
19 23 20 80
54 14 31 53
34 43 44 40
8 18 24 52
75 60 39 48
66 83 4 33
99 57 20 52
65 10 31 93
3 39 55 82
86 41 62 59
76 1 15 23
72 35 64 65
23 67 56 35
26 80 24 63
6 8 19 90
78 91 22 36
93 53 83 39
29 80 84 77
70 97 68 60
2 21 40 11
88 29 3 11
10 34 92 26
9 51 14 5
85 54 6 50
1 82 13 3
60 46 31 30
54 63 44 40
14 15 20 41
59 90 16 38
83 31 72 15
14 42 86 53
97 63 80 76
21 73 74 59
30 95 36 70
6 22 23 69
20 74 33 21
82 17 11 51
71 76 68 76
23 50 77 75
99 90 88 17
94 100 65 79
20 10 58 59
29 27 65 18
14 20 41 56
28 16 70 91
23 65 57 26
39 9 86 0
94 73 86 59
0 86 98 75
32 69 70 31
50 32 55 54
49 93 9 51
26 50 67 8
46 8 77 4
79 63 21 9
84 84 89 64
24 18 99 58
30 25 19 68
93 75 94 31
36 70 42 11
28 57 80 59
48 30 80 64
64 43 11 36
64 48 84 23
37 52 78 94
18 20 26 29
99 28 48 100
91 84 83 82
60 90 98 86
39 72 71 81
54 25 45 72
28 3 26 35
75 36 76 84
38 81 16 64
72 15 55 38
46 19 83 79
90 35 11 67
45 73 94 61
28 78 26 93
31 24 4 53
74 45 77 2
36 47 93 62
36 46 96 0
8 95 67 15
43 48 57 5
55 48 47 31
83 81 72 12
58 51 33 76
60 51 34 46
72 57 13 43
7 16 71 24
59 1 60 14
82 99 9 29
59 61 92 89
78 43 31 54
31 84 73 67
19 16 90 43
4 1 28 49
4 30 26 87
91 74 14 53
39 46 19 75
46 21 70 33
44 21 72 39
38 82 18 76
53 1 39 42
7 50 25 1
78 54 15 60
28 54 77 92
26 56 40 87
89 33 86 16
21 0 51 24
45 3 50 47
60 3 56 21
12 70 43 35
92 0 84 1
64 65 42 100
37 42 82 39
8 29 38 69
68 76 34 76
11 27 31 10
71 0 47 94
44 66 89 43
84 21 61 2
56 85 48 97
63 9 46 42
83 62 93 20
31 25 58 90
32 62 19 53
89 84 95 20
24 59 99 87
78 84 64 51
61 71 88 14
37 21 74 51
19 17 0 50
60 5 49 20
71 67 5 13
51 48 35 68
13 8 68 15
49 97 92 53
7 21 92 97
14 21 18 4
13 85 24 3
12 21 80 58
93 90 65 43
23 100 87 81
74 63 24 29
49 38 72 95
12 9 1 38
72 65 86 32
45 35 20 57
54 31 52 71
88 52 59 46
24 24 65 67
68 9 83 46
92 40 18 9
51 5 36 93
75 81 84 32
76 65 5 1
10 29 98 1
38 88 79 78
53 100 18 86
77 86 19 64
4 7 64 18
86 35 51 18
81 15 18 88
29 23 93 3
27 96 43 92
77 92 28 33
90 54 79 32
81 39 28 66
63 18 3 100
18 83 34 19
65 64 0 29
55 67 70 100
96 67 14 99
4 88 35 35
56 88 45 23
69 34 2 36
10 46 36 47
6 71 1 64
85 55 99 89
74 2 16 9
2 64 47 97
86 35 1 7
24 22 78 23
39 18 55 85
97 90 20 68
51 78 70 43
32 31 63 30
81 73 63 3
98 4 31 48
13 24 74 38
51 46 19 5
66 59 46 47
82 57 90 11
30 21 94 97
92 43 80 18
88 49 16 73
12 16 31 49
97 60 68 74
95 67 13 30
2 13 42 65
87 1 2 73
8 88 11 36
27 29 29 65
83 59 89 96
8 81 22 76
6 32 60 7
95 11 33 65
42 74 2 79
42 48 100 9
51 73 19 6
86 43 49 54
75 96 55 94
100 76 27 4
86 11 37 29
72 36 61 65
81 66 12 26
92 12 98 24
34 29 1 48
32 36 85 28
85 92 70 82
76 59 53 97
54 40 99 70
42 54 79 22
51 54 51 96
80 33 86 4
93 13 88 54
12 69 4 44
97 44 58 42
33 77 78 93
83 36 59 60
58 32 72 41
48 16 64 46
43 66 26 69
42 54 71 96
10 39 11 22
96 69 81 76
34 59 43 6
33 100 73 22
0 31 60 73
70 33 86 17
23 52 76 68
32 69 82 90
81 15 69 33
35 52 42 11
43 30 31 3
18 92 56 81
54 99 33 26
77 15 46 58
48 67 54 2
41 15 2 44
37 13 15 95
26 78 45 26
12 45 99 73
91 44 87 78
39 62 16 66
20 17 82 49
36 89 37 59
76 31 35 84
32 52 30 57
8 59 53 10
27 9 1 80
56 78 65 44
70 35 64 74
56 51 95 57
89 78 48 71
49 25 33 33
19 13 5 81
13 46 84 62
63 79 51 68
0 40 98 3
41 29 67 89
0 75 45 99
11 19 71 91
72 56 1 10
64 52 90 42
40 18 67 45
74 4 24 15
54 68 91 43
23 73 10 97
17 88 2 84
0 31 100 71
88 30 43 48
43 39 13 49
49 96 35 38
75 23 72 67
59 62 66 67
36 33 8 23
100 71 41 70
38 4 82 42
65 4 7 86
28 67 21 95
71 13 50 49
81 76 95 71
22 16 26 0
32 16 49 45
2 7 91 80
72 79 48 72
70 32 9 15
65 29 81 80
67 23 19 6
73 26 5 15
0 82 5 82
81 62 100 26
79 68 33 88
90 16 78 81
38 56 12 26
15 81 79 91
97 93 25 10
76 8 3 21
76 90 96 90
97 37 71 41
88 93 52 21
50 21 82 83
69 85 1 58
37 71 70 64
31 80 13 19
85 24 72 71
37 23 90 96
68 83 82 57
66 43 38 78
80 36 63 33
77 70 62 57
51 32 31 93
92 48 83 88
18 47 38 83
35 11 11 21
50 54 71 74
47 35 83 27
31 92 82 28
69 5 95 29
43 80 86 71
44 49 20 27
5 36 24 45
40 68 36 91
97 58 94 49
64 92 53 36
10 62 32 12
34 66 13 8
42 12 78 25
60 7 88 22
78 81 87 9
6 9 78 44
70 7 90 59
89 58 9 52
92 29 24 33
74 87 5 12
98 20 49 100
49 10 44 93
13 21 84 94
87 18 16 18
1 95 2 63
0 58 40 10
28 15 52 25
78 5 45 3
15 50 80 27
55 1 53 14
31 66 56 0
27 29 24 56
61 7 4 41
22 62 19 100
60 58 40 49
51 15 13 66
20 59 32 44
10 23 78 55
98 51 9 50
24 70 56 29
21 27 45 23
13 91 13 20
55 71 80 59
13 28 39 94
49 34 44 21
7 17 44 23
97 17 74 32
71 13 47 48
23 62 0 33
66 90 46 97
90 75 86 16
71 100 53 69
70 18 62 72
18 10 41 18
54 21 67 31
74 2 73 77
84 69 68 45
85 5 36 87
26 45 20 82
11 8 12 85
69 26 21 95
31 72 85 0
17 64 50 86
95 44 86 16
3 25 19 63
71 67 99 4
84 42 46 28
44 34 71 48
85 9 87 96
88 83 9 48
70 63 87 48
70 58 57 70
81 17 50 0
47 27 87 77
96 29 93 54
94 42 49 56
10 78 76 11
88 38 78 90
94 96 56 66
30 54 65 55
82 99 24 64
25 54 31 12
10 50 29 63
50 79 65 77
80 68 1 59
47 82 98 39
81 79 70 17
57 27 79 89
27 72 46 58
63 62 17 21
20 40 58 93
10 98 30 87
48 16 58 30
56 62 8 3
18 73 51 30
22 67 19 61
56 100 82 46
57 1 4 95
26 76 74 59
53 25 95 67
73 94 35 41
10 46 26 100
67 21 2 47
8 39 51 87
42 3 96 93
98 45 18 27
68 0 60 69
56 81 85 89
43 50 52 92
93 5 90 42
42 28 54 13
67 72 57 50
93 73 75 12
65 52 17 82
100 33 7 11
75 17 53 62
65 61 21 95
63 8 80 92
37 65 67 96
83 74 97 68
64 57 87 84
61 100 22 85
19 42 25 6
70 47 68 73
82 63 58 70
38 78 68 11
9 76 0 66
38 20 64 74
4 47 3 11
55 91 86 66
38 96 44 16
81 21 22 71
36 90 51 98
94 74 24 42
17 54 85 54
48 11 82 39
28 20 8 88
94 66 99 29
18 40 99 59
77 98 44 20
100 97 93 26
47 35 33 51
90 88 36 15
99 68 76 68
20 37 60 33
4 71 72 38
19 49 66 76
27 68 41 73
3 67 87 19
70 5 96 28
57 21 92 24
40 50 69 88
91 29 59 49
70 42 63 34
59 68 6 83
15 40 96 22
30 36 33 16
26 32 9 61
61 52 96 61
62 68 41 90
52 41 61 80
81 3 43 61
24 99 61 90
69 96 69 21
24 86 20 23
30 38 70 27
58 78 41 93
56 15 85 50
35 4 97 56
35 52 72 69
39 56 87 9
64 34 42 64
88 63 63 29
1 10 17 69
78 11 93 96
52 59 93 75
77 86 90 24
34 81 23 100
69 39 70 38
25 32 89 71
50 45 82 27
55 12 100 65
58 4 3 14
65 11 56 94
11 26 23 86
88 33 59 61
90 45 100 11
16 46 11 68
25 57 69 31
25 27 9 10
62 45 8 52
66 25 48 58
64 24 21 99
11 74 43 14
12 36 15 26
40 64 48 20
5 53 74 23
7 36 44 34
52 50 46 57
24 45 86 72
79 92 60 50
85 39 42 84
49 76 66 21
17 2 36 24
22 45 78 83
25 73 81 51
52 59 76 34
39 14 47 26
97 73 83 17
88 44 55 96
5 92 32 98
7 29 64 99
0 48 5 10
28 17 85 51
46 47 66 82
13 45 96 2
10 80 43 86
77 6 13 78
17 22 94 70
79 5 96 60
70 19 82 18
98 99 3 88
80 86 11 66
16 32 47 97
57 37 90 93
16 72 71 11
87 83 31 96
52 60 18 28
35 13 54 9
11 33 8 49
74 56 72 13
4 83 89 42
39 74 99 17
1 34 68 73
81 60 41 13
1 52 12 65
75 38 44 12
11 51 77 7
51 71 82 9
93 25 59 4
89 63 38 21
64 8 5 49
27 51 7 96
19 2 48 24
0 98 72 22
59 10 44 4
28 21 54 86
98 69 69 18
89 59 88 81
12 11 43 25
64 17 11 57
64 55 82 57
57 24 17 7
38 51 30 43
39 91 29 43
75 35 66 52
16 3 55 67
96 1 23 46
36 89 90 28
38 63 7 19
52 99 63 48
44 44 74 56
97 46 49 73
62 31 77 89
24 61 92 66
28 83 23 68
23 6 59 52
54 53 11 36
66 87 1 84
30 46 12 24
48 30 58 73
29 68 8 40
37 95 56 36
48 76 44 83
8 79 24 20
73 12 0 8
21 99 21 94
30 98 48 95
26 21 62 39
97 21 39 39
85 30 88 92
72 86 6 53
36 23 89 87
39 51 71 48
24 98 43 20
40 41 70 1
69 44 80 14
44 11 93 79
33 91 0 76
41 78 47 55
19 79 74 64
70 71 88 99
68 52 12 14
73 41 29 75
38 46 47 87
89 81 35 30
21 61 22 40
75 16 17 70
72 96 43 91
46 74 82 84
46 73 18 32
46 39 62 85
56 8 1 85
72 67 19 61
46 39 99 38
18 100 76 79
40 96 45 65
47 13 88 30
52 95 79 75
55 38 81 19
53 11 29 51
5 57 23 54
88 15 17 63
76 49 51 41
49 63 89 55
87 73 30 15
35 53 78 54
17 82 62 87
88 55 25 69
5 8 3 44
3 76 18 23
57 5 6 95
60 64 48 82
91 5 8 94
70 39 89 67
6 19 88 1
64 50 77 86
42 61 82 1
5 94 65 51
67 76 46 92
86 51 38 31
94 87 88 74
63 88 66 6
85 34 51 93
78 40 64 55
95 53 17 8
1 74 58 45
28 70 75 41
28 10 17 47
66 97 82 86
49 37 99 17
92 80 66 78
63 86 80 72
75 77 11 52
13 24 97 62
33 71 2 71
54 1 71 97
97 56 28 73
49 72 91 26
74 99 67 76
57 94 69 65
45 42 34 35
3 81 64 16
36 83 42 32
83 73 4 24
21 74 79 76
19 28 49 63
50 9 74 61
46 1 53 68
46 64 76 84
88 81 47 7
54 74 96 40
30 21 47 72
94 74 65 50
80 15 99 54
90 88 67 42
64 68 36 80
7 99 69 16
99 34 78 33
60 37 85 25
32 42 36 41
15 72 20 89
22 53 23 89
62 3 86 59
63 13 60 27
38 38 28 82
78 94 2 59
77 30 40 17
56 45 25 34
43 85 29 94
67 42 0 81
1 86 22 65
0 33 7 33
92 66 19 33
63 46 59 90
7 21 27 96
30 85 59 94
77 92 17 83
46 78 25 28
98 54 84 83
79 61 69 6
90 60 76 89
33 86 79 41
17 80 78 45
100 21 0 69
42 80 88 82
50 13 65 58
50 31 49 33
50 62 67 96
12 8 60 15
89 13 24 59
12 82 44 23
69 76 96 86
46 86 81 5
20 41 81 27
43 55 76 47
19 22 53 19
65 39 77 68
82 79 23 84
21 69 69 25
58 39 88 40
64 75 94 30
7 49 100 2
62 17 60 19
26 82 34 58
65 36 1 64
93 44 91 11
35 39 29 47
20 97 63 80
76 38 71 91
12 48 95 19
76 36 80 49
93 78 69 68
70 93 98 68
19 54 95 62
77 75 35 71
17 18 19 81
94 28 93 52
89 63 55 38
90 97 60 28
57 35 65 14
30 46 16 31
87 34 28 64
86 59 70 92
55 48 32 0
0 46 82 96
91 44 22 1
49 55 64 65
92 95 10 99
71 61 46 57
92 32 1 84
41 52 82 59
25 43 19 44
0 40 84 64
42 24 15 69
73 58 26 26
93 95 78 86
47 35 87 97
50 39 42 75
68 78 39 57
0 60 86 95
53 95 81 86
84 33 34 64
28 33 35 22
1 12 13 12
37 46 24 89
94 68 73 24
54 42 92 58
73 1 12 61
72 53 58 91
1 39 9 68
71 25 93 72
67 89 11 88
98 75 10 60
87 44 52 22
19 22 52 51
54 19 36 39
15 75 8 73
50 37 19 98
25 56 56 22
57 3 66 50
83 14 44 87
54 38 87 88
58 59 3 52
77 14 79 94
28 70 11 33
92 60 14 57
48 25 88 31
33 53 58 56
5 65 4 70
5 13 61 66
74 42 82 53
21 49 1 0
22 62 81 78
90 27 100 12
96 75 84 52
1 44 26 93
46 58 66 43
81 2 22 82
64 28 92 88
22 50 89 76
91 39 14 92
80 20 44 80
49 70 62 98
0 18 13 76
25 77 70 23
78 19 41 90
92 21 51 6
69 44 28 49
83 22 16 58
55 79 29 28
21 57 68 31
59 46 54 69
6 61 46 85
3 59 3 99
61 32 65 68
37 50 14 40
41 95 58 84
71 100 19 71
55 52 4 80
60 98 89 13
43 0 54 34
77 23 98 7
60 17 38 60
76 23 86 39
99 49 67 34
85 55 19 58
31 62 97 55
26 69 39 72
35 15 68 83
83 26 92 100
74 64 59 28
91 56 16 20
56 90 43 35
85 18 20 61
19 10 64 75
56 96 8 52
56 82 4 98
65 24 51 94
72 87 31 23
9 87 88 49
10 38 41 76
43 13 66 3
18 93 39 99
48 88 8 9
3 8 85 95
100 28 79 73
3 97 45 70
73 88 85 37
74 37 61 36
53 26 79 80
18 62 99 48
94 28 7 72
71 59 49 77
8 50 78 36
62 25 42 27
89 3 3 89
19 32 33 67
97 19 33 23
19 9 13 95
48 66 44 12
6 76 15 20
40 53 9 23
51 52 2 38
43 69 0 45
27 32 9 80
29 98 12 29
76 10 96 41
36 89 63 11
75 54 62 42
46 25 8 43
100 45 21 66
11 66 79 26
98 41 10 6
34 79 42 44
35 76 18 29
67 61 98 60
63 21 65 84
6 53 59 23
47 23 46 53
50 82 23 58
83 61 7 75
40 34 71 16
34 63 33 17
96 26 27 18
33 51 0 71
32 46 27 82
94 93 73 11
73 25 85 1
41 66 22 74
54 12 65 98
42 0 51 13
12 35 46 91
65 46 65 1
55 3 4 28
17 92 13 34
16 58 24 35
60 75 72 62
53 13 93 26
77 42 47 96
30 59 97 50
75 59 77 77
70 70 66 1
63 19 22 57
11 64 76 38
93 61 17 16
52 69 98 88
22 83 8 25
24 41 5 40
5 50 97 41
48 87 69 47
81 100 24 75
4 93 57 59
46 96 22 88
98 64 39 81
98 29 52 30
80 96 30 80
90 1 28 75
7 58 19 76
14 54 14 76
63 74 59 53
76 58 31 50
95 52 72 32
28 84 15 33
59 69 39 100
38 56 94 69
60 23 62 91
28 63 62 90
14 9 30 64
86 19 38 37
21 70 75 24
