1000 100 100
18 20
82 97
35 65 72 76
43 96 75 4
79 29 79 99
68 60 4 87
99 51 80 45
90 22 88 51
33 52 42 44
78 100 13 22
20 74 73 48
68 82 26 67
93 22 33 90
95 19 17 34
18 3 43 6
36 35 72 31
79 27 32 46
18 88 17 66
60 77 6 19
61 18 33 99
64 11 10 28
72 63 81 90
76 13 8 39
75 59 9 14
13 64 1 8
59 16 57 43
91 42 94 53
31 9 81 10
35 70 80 10
61 45 76 78
5 3 32 93
61 47 47 85
75 16 19 19
18 16 85 31
12 34 83 58
32 83 5 55
61 95 88 9
30 87 58 79
64 64 60 60
18 72 11 75
61 49 29 80
59 1 97 2
70 96 73 31
40 46 62 48
63 83 11 30
31 60 63 76
58 46 64 74
27 27 60 40
49 75 54 61
18 6 90 47
10 19 37 60
89 95 93 0
44 13 42 70
94 50 10 38
85 33 74 39
42 83 13 85
99 71 28 36
20 19 20 94
51 39 48 24
86 1 63 62
10 71 76 51
51 23 13 85
80 18 83 40
35 23 3 6
5 64 65 57
20 73 100 54
56 95 36 11
33 61 45 57
92 29 98 47
48 32 7 33
11 98 13 10
71 72 25 81
96 12 6 36
58 48 31 16
76 11 30 42
43 44 27 80
50 0 59 8
33 32 28 83
58 34 12 34
98 36 91 58
53 81 14 85
7 27 67 59
42 79 55 19
97 18 96 97
83 32 51 71
43 41 13 70
51 62 76 56
34 78 26 27
7 8 68 57
54 84 20 47
77 43 82 90
32 82 7 84
24 86 97 5
92 35 4 96
34 20 57 53
89 97 89 71
100 93 41 14
44 44 71 15
16 62 58 93
11 59 78 34
14 51 47 14
95 66 56 15
32 0 58 15
36 85 88 66
45 91 41 10
41 92 73 73
81 39 70 71
72 29 21 10
63 78 41 49
43 70 45 27
55 43 97 78
42 81 40 6
78 42 5 27
57 58 57 22
10 22 70 45
13 2 76 21
97 84 27 52
97 21 84 90
14 20 16 35
42 87 60 32
81 58 34 78
53 36 17 54
47 26 45 58
17 59 15 71
72 8 15 97
6 35 0 65
90 19 85 60
75 68 99 17
27 45 68 34
57 85 38 42
96 52 19 47
76 5 99 59
3 96 2 27
68 47 43 48
36 41 43 19
98 92 80 60
65 28 25 5
58 71 99 96
33 50 82 5
29 31 58 54
2 48 52 44
81 97 44 53
3 51 92 28
12 8 3 80
12 69 96 77
4 77 8 10
62 86 73 97
89 42 60 88
6 85 5 24
35 81 58 2
70 84 10 85
36 20 67 34
83 60 48 22
93 12 79 8
35 29 87 40
69 30 6 33
35 84 39 29
41 88 79 47
31 63 23 47
82 7 85 24
95 72 39 10
27 78 64 11
60 18 18 47
4 36 87 92
28 39 51 11
77 38 86 12
85 28 80 19
0 53 10 24
5 97 77 47
74 24 15 10
18 16 62 35
49 0 38 16
1 99 69 3
89 69 98 12
1 78 87 23
90 98 9 16
26 26 49 19
14 13 95 31
70 43 7 4
30 29 55 38
0 10 13 91
83 56 4 63
58 40 16 42
67 45 84 23
25 67 44 48
47 1 29 96
70 82 53 7
78 19 5 35
73 20 48 89
79 62 55 16
11 75 18 86
90 36 97 26
27 71 100 73
94 25 84 7
34 67 11 12
5 14 83 69
22 85 16 34
48 42 32 37
52 17 17 76
65 41 29 84
9 71 23 60
70 40 63 60
62 40 24 28
2 82 38 61
64 25 0 76
58 65 75 95
98 56 18 56
25 93 29 1
99 11 74 4
31 83 22 23
11 85 17 14
74 40 65 38
43 23 8 72
19 55 100 66
42 24 37 31
19 22 70 93
54 41 85 58
79 100 36 92
60 79 85 42
90 57 23 52
10 71 68 32
47 48 50 42
63 62 78 89
57 36 98 39
69 22 74 31
87 46 76 76
52 65 41 96
8 36 21 64
82 78 47 23
9 67 20 40
17 68 59 0
81 23 31 46
0 14 99 4
51 59 64 37
10 27 31 60
78 50 84 63
62 60 55 86
47 53 74 59
53 39 44 29
16 29 86 51
78 59 2 68
32 81 15 50
96 39 35 18
29 38 59 61
99 7 17 69
16 38 1 67
63 66 86 52
20 60 37 84
45 49 61 26
83 28 39 33
10 58 59 1
79 44 81 95
19 19 18 11
3 35 63 13
68 2 81 55
1 60 58 81
25 94 67 45
50 100 52 88
62 98 13 26
97 81 41 67
15 95 59 45
14 60 77 79
83 63 90 43
18 27 53 86
95 55 10 12
7 2 25 100
91 75 79 67
0 34 9 67
15 53 25 59
27 14 72 93
1 100 58 67
25 13 3 99
41 95 18 50
10 42 43 20
91 65 87 42
6 51 76 33
61 36 59 83
36 3 69 4
99 17 71 56
0 88 67 46
84 8 47 39
44 4 84 61
75 6 75 13
10 65 93 77
16 12 98 45
98 59 50 16
87 72 87 75
30 49 65 25
81 38 82 23
4 98 14 53
25 91 79 61
78 4 44 31
3 9 52 21
23 60 42 87
27 92 24 12
14 70 20 56
26 90 13 42
56 30 79 39
31 82 84 1
21 95 60 99
45 66 23 61
52 50 88 35
76 58 72 1
94 58 54 4
73 16 69 37
24 12 59 11
44 47 58 56
27 55 85 15
21 97 29 41
38 100 46 36
19 27 52 7
95 5 57 86
88 79 71 89
28 45 37 19
65 45 13 88
52 97 30 95
20 18 33 43
57 42 83 87
6 16 83 73
40 96 24 47
73 40 68 63
96 27 71 9
71 50 57 17
21 80 77 11
89 37 30 68
67 36 31 34
71 8 23 25
97 100 85 47
9 84 27 51
34 9 86 7
18 16 100 65
13 81 7 77
85 41 29 64
98 67 82 100
67 39 80 26
81 82 76 72
89 39 44 67
43 82 3 19
3 100 58 41
79 76 33 50
52 45 2 42
48 39 82 61
40 36 26 24
75 12 41 71
60 55 74 73
35 7 98 23
100 95 1 8
44 80 71 25
28 6 91 54
44 40 40 43
12 16 56 41
1 16 50 41
94 0 21 23
30 61 79 66
70 93 61 76
64 23 23 42
42 69 78 59
80 67 63 1
61 40 37 5
48 80 75 50
45 36 100 69
20 99 28 60
37 77 32 12
4 25 79 78
32 62 86 97
15 57 87 73
12 60 80 16
67 26 35 30
42 29 61 74
99 52 36 85
58 87 65 5
76 9 57 95
11 53 70 78
96 83 50 31
64 55 84 12
86 28 15 95
54 63 73 75
24 24 36 41
18 91 89 30
4 81 61 93
1 79 22 82
83 29 38 76
45 85 91 80
93 34 96 32
78 13 90 75
64 71 91 75
5 44 26 80
92 83 65 80
82 12 54 63
1 62 47 21
59 52 66 12
44 32 70 91
84 26 5 83
13 4 100 7
83 59 49 22
36 60 70 90
52 17 20 22
41 86 82 90
33 69 96 11
42 68 17 92
31 46 27 28
51 1 22 38
92 66 69 4
81 4 4 19
11 47 62 44
15 72 6 17
75 34 20 50
68 39 94 89
54 81 96 89
20 12 12 22
76 18 10 4
6 18 92 70
77 16 75 62
96 59 88 18
85 2 71 90
19 51 62 31
53 97 27 10
54 0 96 50
17 86 34 36
45 47 80 60
56 18 64 2
96 20 20 17
68 51 79 92
37 20 74 97
100 75 42 96
26 57 21 73
15 47 97 18
89 93 52 27
1 48 84 49
18 64 86 49
34 39 38 33
86 64 9 96
8 3 26 51
72 29 64 8
80 36 94 70
40 95 39 83
59 22 0 88
57 7 31 44
50 76 97 27
38 69 87 91
1 6 4 52
9 65 69 43
82 65 40 35
83 63 43 85
39 84 69 71
23 26 69 69
30 0 81 17
27 7 74 82
54 78 42 40
20 28 63 84
62 54 69 47
33 50 88 77
16 97 76 76
49 22 56 90
79 58 37 84
58 1 7 67
84 40 95 14
92 77 89 12
1 96 82 36
43 48 22 53
66 81 0 90
69 85 66 26
32 47 42 3
87 77 6 76
31 91 65 48
32 60 68 61
53 62 34 30
51 44 12 73
95 41 22 2
60 77 66 10
28 27 42 26
96 56 69 43
81 72 97 65
5 10 92 9
100 100 72 83
14 71 42 67
85 29 36 52
52 36 98 87
71 47 57 90
60 96 29 53
17 18 5 81
91 92 42 65
12 86 38 95
63 50 82 1
47 92 76 17
2 56 34 78
39 8 45 49
89 7 19 52
69 47 28 27
67 92 2 46
54 70 10 75
57 72 76 44
22 24 74 10
1 27 2 18
0 72 28 23
34 8 18 57
11 30 54 12
57 80 65 58
13 24 72 32
11 85 9 36
68 89 2 49
96 89 91 23
15 28 35 28
80 5 0 99
73 90 30 70
49 33 4 22
26 21 4 33
53 74 72 98
16 75 18 65
70 98 70 44
63 45 87 73
95 18 35 90
51 15 3 3
23 95 64 74
81 30 21 94
30 24 85 52
66 73 68 80
8 18 3 27
69 40 12 45
90 15 87 62
72 7 15 3
61 31 34 49
17 14 37 33
35 72 92 20
42 11 17 74
36 37 80 18
38 57 49 9
30 6 60 0
89 65 26 18
48 24 45 9
49 71 43 12
70 100 73 84
68 29 39 95
99 61 69 75
18 33 57 67
1 27 19 52
3 68 11 75
1 49 3 35
97 40 85 47
28 19 65 82
47 27 91 68
18 25 73 58
55 57 10 50
35 12 92 96
76 8 95 35
93 95 48 15
82 43 46 94
12 6 32 16
4 76 30 77
8 21 96 24
85 9 33 92
9 49 59 60
76 50 20 85
58 39 45 93
15 88 3 92
46 35 51 57
1 19 60 21
30 17 28 78
35 38 42 1
24 40 13 81
59 69 34 47
80 1 25 90
3 100 12 10
33 21 32 44
8 78 97 14
95 3 48 51
72 14 44 6
10 66 35 59
89 14 91 96
43 83 25 56
23 27 57 6
26 14 56 12
81 42 22 95
68 52 72 36
99 86 28 21
31 18 11 20
76 48 26 73
18 55 79 6
87 61 10 33
5 53 46 12
47 48 52 85
29 32 23 78
50 48 28 98
56 2 27 86
74 94 27 73
26 70 76 46
16 89 29 40
51 56 32 5
87 32 10 30
21 87 84 3
96 40 42 98
7 17 11 4
49 87 13 15
14 85 43 2
0 78 40 40
13 68 14 2
9 10 42 17
20 93 86 70
51 39 28 85
94 45 29 36
36 95 30 20
87 13 28 86
19 1 80 58
61 21 57 57
31 20 21 56
68 91 59 51
45 79 50 28
53 32 80 90
2 71 5 64
41 4 19 78
74 59 75 95
44 28 49 9
29 77 95 59
6 76 75 36
71 45 90 45
41 65 70 15
43 32 25 82
21 14 75 35
62 97 49 72
99 15 50 35
37 27 50 75
27 81 35 54
64 57 38 64
43 22 21 46
0 20 53 38
25 27 89 70
88 38 81 5
40 50 27 50
65 46 88 100
39 42 81 43
11 20 34 42
46 1 19 100
72 62 35 41
18 56 72 32
64 89 27 60
42 20 61 16
65 59 46 69
87 4 7 99
14 51 21 70
53 13 83 13
63 46 4 78
81 88 82 90
57 3 32 29
73 76 61 100
20 70 89 58
67 76 27 59
25 44 55 12
3 15 89 49
89 93 86 56
2 42 13 14
9 97 11 43
93 25 49 58
4 51 78 29
53 26 66 70
39 36 43 15
14 86 19 13
65 98 49 2
33 26 37 100
71 35 10 66
28 2 0 65
23 70 35 66
73 86 77 83
36 39 29 81
7 88 24 14
56 33 46 11
67 49 35 87
97 80 3 73
52 23 51 63
57 86 69 77
73 65 42 32
13 27 42 0
25 56 13 58
26 83 51 90
86 59 93 37
81 29 26 22
55 45 46 94
2 62 26 20
71 31 31 57
57 16 76 2
32 77 34 30
76 72 52 21
27 93 89 31
66 70 69 61
69 89 48 36
63 16 68 81
97 49 89 51
50 4 77 76
62 100 58 88
57 5 32 21
75 70 100 96
36 42 36 51
35 50 25 72
48 39 26 14
95 89 43 85
31 92 92 34
100 75 78 75
13 72 30 78
79 63 18 87
93 25 55 22
86 30 56 22
4 97 93 31
3 97 91 93
83 17 47 59
56 0 14 73
99 97 0 64
15 32 96 93
71 42 62 48
74 88 99 100
64 45 7 100
80 64 59 87
76 43 48 85
61 53 56 82
85 40 15 96
68 33 24 11
17 92 0 11
6 35 19 96
3 97 76 24
42 95 97 93
98 21 81 25
67 36 100 94
76 91 49 48
57 2 65 60
36 26 23 88
7 83 92 59
41 98 20 92
60 14 18 6
26 100 99 3
88 36 84 89
38 15 70 57
93 18 77 34
52 33 100 10
73 18 67 27
29 56 16 40
64 46 1 32
69 35 60 62
64 82 98 61
2 29 41 90
37 96 40 22
64 88 52 97
84 57 39 7
16 51 80 12
7 3 48 93
6 75 35 17
92 89 95 37
87 27 62 88
97 25 86 76
45 43 77 30
31 60 50 16
96 22 32 63
60 34 33 75
47 69 35 99
16 6 99 95
54 24 29 91
59 99 12 73
91 7 22 32
10 30 95 73
92 50 44 6
51 83 32 83
48 41 67 3
71 22 70 90
33 58 99 45
1 47 94 38
75 46 29 76
59 100 77 71
97 9 26 2
51 55 92 25
76 12 24 48
20 19 56 42
63 27 48 94
40 22 3 40
79 38 7 58
68 29 45 62
76 91 14 61
25 39 27 62
22 29 10 29
90 35 53 92
44 75 45 46
27 27 18 77
9 4 22 54
41 93 86 78
84 41 75 67
46 25 5 14
54 1 88 68
76 78 72 17
65 65 39 41
54 64 88 44
17 67 50 41
41 24 49 5
76 52 92 78
90 89 79 7
15 32 41 1
51 46 45 38
65 90 99 12
74 22 100 49
73 36 65 46
42 86 47 28
76 93 42 66
92 50 27 63
19 94 30 81
22 42 93 54
32 24 1 34
49 17 59 49
29 66 25 84
70 70 0 20
45 12 25 62
0 32 86 68
40 5 41 50
51 97 88 32
72 24 46 37
74 4 30 11
64 48 39 5
39 59 86 83
15 19 3 8
63 98 6 92
100 23 48 97
27 53 19 2
81 76 90 12
90 66 1 46
38 34 43 84
57 54 84 68
80 62 8 47
15 19 30 2
0 47 22 40
56 67 23 53
18 94 68 1
67 43 42 50
25 86 64 43
50 54 14 97
63 26 1 42
3 45 17 37
42 76 15 84
99 10 30 1
40 84 10 53
33 48 79 66
11 39 9 70
16 5 39 29
67 26 4 17
36 65 71 72
72 59 69 17
22 80 23 0
46 51 87 70
43 30 45 97
93 8 10 33
79 55 67 7
4 48 9 72
62 93 60 98
55 93 18 29
43 35 98 100
58 6 46 55
84 70 9 70
26 19 8 83
77 36 33 69
79 50 42 88
82 64 68 33
14 84 82 71
66 91 98 60
85 60 98 84
71 42 59 87
7 8 11 5
11 67 50 85
46 99 27 59
73 17 82 8
20 24 49 50
20 47 98 56
46 36 61 47
77 67 32 16
19 14 27 19
24 28 26 67
85 29 5 67
97 84 20 32
94 52 47 13
50 9 91 86
24 31 0 95
22 57 83 14
68 92 2 42
88 36 100 75
58 92 31 5
10 55 17 51
87 55 81 14
80 56 63 80
50 8 17 98
94 99 42 46
6 93 81 0
64 47 2 98
91 60 29 82
10 5 38 83
36 78 60 65
30 99 52 59
83 63 63 54
39 64 96 63
33 37 17 71
86 15 20 22
77 27 55 64
9 9 32 25
26 62 76 3
24 60 30 64
15 21 38 89
62 5 46 32
13 87 25 52
34 47 1 30
13 73 53 5
91 98 78 22
40 63 70 82
86 6 53 43
68 94 90 1
93 13 67 23
41 61 15 21
44 81 99 59
2 18 73 96
68 43 10 2
23 81 46 58
67 39 93 23
32 4 45 63
27 16 74 91
27 14 5 94
89 74 93 62
12 49 46 99
1 1 28 57
56 69 54 66
82 17 0 85
48 10 93 91
3 57 59 40
65 100 35 46
19 51 78 94
85 36 91 0
60 21 46 59
39 72 18 52
76 90 57 37
87 64 5 89
25 76 18 35
16 84 19 86
59 42 61 16
94 96 2 93
95 61 79 56
48 69 5 93
71 78 67 11
13 36 59 53
10 91 82 88
59 77 27 30
22 64 63 80
45 95 2 22
17 53 72 21
33 23 72 56
88 51 2 19
31 56 73 75
16 31 99 84
7 56 93 99
15 63 80 62
82 23 38 95
73 46 97 85
18 16 71 85
16 91 60 61
86 95 43 78
51 45 69 98
79 79 36 91
1 93 51 0
85 1 73 95
64 52 89 31
71 60 94 77
84 78 83 53
72 98 97 7
55 92 91 40
8 46 68 81
9 28 48 62
54 50 65 91
11 1 84 54
11 21 62 80
65 21 71 31
87 60 27 80
47 24 3 9
64 26 82 71
38 29 100 61
21 78 44 45
54 10 16 82
84 100 32 66
82 93 21 41
94 8 83 45
31 10 98 60
30 71 75 71
77 91 92 91
13 89 9 3
76 21 17 17
14 28 73 42
42 19 59 65
28 99 61 82
54 14 52 73
5 19 13 4
78 66 53 29
47 23 98 7
11 57 78 33
92 78 62 33
49 2 86 53
65 90 10 49
95 30 46 78
100 46 91 63
6 17 63 86
88 93 71 40
43 71 35 63
33 13 19 69
54 73 38 64
80 37 44 31
42 97 24 54
