100 50 50
28 28
23 3
38 6 21 15
11 8 16 40
29 7 28 8
42 9 44 39
6 12 32 40
21 28 13 25
10 18 9 40
9 35 8 36
23 46 19 49
41 11 46 35
12 21 18 43
19 15 43 11
30 44 9 50
37 19 36 13
7 37 32 49
28 41 1 49
18 43 35 45
6 29 12 21
2 40 42 47
17 26 2 19
27 37 15 48
38 32 38 33
5 21 0 25
39 4 42 44
3 38 16 26
1 24 34 47
33 41 12 38
41 44 45 34
24 10 43 33
42 25 22 8
13 19 10 34
8 38 43 25
7 36 21 27
30 28 46 44
21 18 26 12
20 37 42 16
46 41 40 7
27 30 37 12
33 48 23 50
39 0 42 18
13 22 27 30
45 6 48 0
26 22 45 22
31 34 49 32
9 0 13 24
5 14 13 25
7 2 12 46
26 2 40 5
28 17 50 5
5 10 44 47
14 18 11 33
31 37 32 13
2 2 23 40
15 6 17 33
37 39 39 44
30 42 10 26
38 30 3 37
45 3 32 6
31 23 31 27
18 50 43 25
36 12 28 45
47 49 42 17
44 27 41 20
5 44 19 37
6 46 40 28
37 46 42 20
32 33 27 42
42 20 16 37
15 44 40 14
22 41 36 34
24 10 47 32
19 20 23 34
49 12 42 28
45 48 37 45
31 30 8 42
43 11 46 49
22 39 17 22
41 50 26 46
33 39 48 32
48 40 42 47
12 33 11 15
5 48 6 17
7 21 26 45
32 46 32 29
42 44 12 33
30 35 6 2
31 14 48 1
1 9 3 39
9 20 23 32
13 29 17 49
38 40 50 36
8 19 26 44
4 8 21 40
33 13 34 30
39 40 5 9
8 44 41 42
9 41 10 48
7 28 18 20
46 39 17 25
46 25 23 43
