100 50 50
34 34
16 31
27 0 43 33
35 27 5 19
25 5 4 41
24 23 0 2
6 28 32 16
20 2 33 0
34 9 19 10
4 13 44 2
28 18 8 16
43 44 26 21
24 35 43 44
27 10 42 7
24 8 4 36
21 38 9 42
41 46 4 35
6 27 28 7
5 23 21 15
36 17 44 12
1 44 10 39
38 39 10 42
6 16 14 25
36 43 9 34
29 7 45 22
15 11 11 11
2 9 10 26
14 42 9 27
36 23 7 8
37 37 17 44
3 24 4 35
41 38 27 22
30 26 41 9
43 46 19 2
25 44 3 41
10 2 36 25
10 5 22 0
10 30 23 27
0 19 14 30
32 26 2 5
16 50 43 28
33 4 50 24
3 31 44 15
7 5 28 13
7 30 35 14
6 33 29 41
49 15 38 35
47 47 34 36
5 26 20 41
22 41 20 46
33 44 46 44
16 7 4 34
14 8 35 22
44 37 41 4
33 18 32 20
35 24 27 2
47 20 22 6
31 12 11 12
34 20 20 25
2 18 44 25
27 39 24 34
18 16 0 10
42 45 48 18
48 5 46 45
43 23 42 38
28 7 40 32
10 47 34 47
8 6 18 12
45 31 38 37
49 37 37 14
49 27 7 23
17 3 28 9
5 5 2 16
13 21 25 19
26 33 7 48
39 31 31 8
48 13 1 13
39 21 23 21
14 6 50 46
40 24 29 18
42 45 35 16
33 46 0 47
30 18 38 49
27 15 48 10
17 21 36 24
46 20 38 33
18 13 48 42
26 29 5 9
5 2 49 40
46 35 42 9
15 8 5 14
2 0 28 32
20 21 21 3
24 3 22 22
49 16 27 24
44 28 32 42
6 14 1 28
15 5 9 40
44 19 18 9
38 23 36 36
3 21 50 22
49 47 48 31
