100 50 50
30 39
19 1
14 5 34 10
47 40 25 50
23 25 44 20
18 36 10 21
10 20 13 25
38 16 39 32
38 4 32 33
42 26 30 31
17 14 22 5
39 18 19 0
19 23 37 47
50 11 27 15
44 45 49 29
28 17 38 27
29 2 44 48
45 28 35 43
19 41 45 47
17 36 34 42
4 29 0 26
16 44 5 16
41 48 23 39
36 43 9 50
38 10 48 38
38 26 47 1
34 43 30 38
36 31 39 27
47 18 41 38
44 6 46 14
19 46 20 29
46 25 31 40
31 41 32 32
33 11 17 6
43 26 38 26
47 45 37 40
46 38 33 35
44 34 36 47
35 10 26 28
32 34 34 23
31 47 34 12
38 40 44 11
12 8 47 46
14 22 2 38
23 0 28 11
3 28 7 31
29 15 29 37
41 48 48 19
23 0 26 33
44 26 31 50
29 27 28 2
3 14 28 43
42 36 17 23
14 35 10 40
28 28 31 43
47 42 48 9
41 40 32 9
1 34 33 48
38 5 30 4
18 47 35 50
23 34 14 49
19 7 46 37
45 0 48 20
22 32 6 44
39 42 37 46
40 38 19 4
10 22 16 42
3 25 10 36
33 7 42 7
40 17 42 48
44 49 43 30
49 1 43 30
36 41 42 41
49 48 48 44
28 19 23 18
24 45 19 38
39 18 35 47
3 20 5 12
48 27 41 43
37 7 35 36
24 22 37 27
27 7 50 11
18 23 22 11
16 44 10 31
17 28 4 25
30 38 46 18
7 5 3 35
28 21 37 32
27 25 48 47
49 20 28 22
10 8 43 25
42 9 24 13
14 31 32 41
31 41 32 29
44 26 44 27
45 33 45 17
10 17 6 43
39 49 48 42
50 42 29 50
48 41 15 46
25 30 50 38
49 10 18 15
