100 50 50
26 35
12 30
32 7 33 6
37 18 29 13
40 3 34 4
37 4 19 17
49 1 23 25
3 39 1 46
5 17 30 13
4 14 5 1
46 18 21 27
20 21 8 21
44 49 40 2
49 32 34 43
31 29 36 26
45 8 31 5
38 14 48 31
10 39 6 38
10 31 37 39
44 45 32 6
31 39 31 47
19 11 35 29
40 8 44 39
11 45 50 44
10 16 24 15
18 0 39 24
40 21 49 2
12 17 32 20
14 13 2 35
35 28 31 34
21 34 49 43
29 24 21 0
30 30 25 46
46 22 33 37
44 13 31 27
50 24 5 23
43 38 33 7
1 36 0 20
21 10 3 25
33 23 13 21
33 16 10 22
41 30 24 43
0 27 18 13
7 38 0 7
31 37 9 42
23 49 35 18
38 46 35 34
18 0 44 26
20 48 15 44
5 29 8 24
20 36 37 35
8 37 18 18
38 46 37 45
46 15 5 22
36 11 28 50
41 26 9 20
38 2 45 30
33 36 7 49
35 16 11 18
4 21 2 3
26 18 42 2
49 50 46 48
0 49 18 14
18 10 44 39
42 15 32 45
22 38 23 30
10 23 0 41
33 37 29 43
2 46 23 44
8 45 5 6
29 34 22 47
34 12 41 28
9 27 14 41
38 10 13 1
18 14 19 2
48 16 45 1
9 44 9 47
5 17 24 8
50 31 47 19
42 9 1 30
7 11 4 7
35 5 26 5
39 16 19 27
27 47 46 32
32 38 9 36
39 22 41 42
44 19 7 2
13 15 50 31
43 25 42 34
50 42 48 8
16 40 6 22
35 14 50 37
30 36 18 38
34 34 17 43
15 10 29 7
41 37 40 11
1 13 49 9
29 32 36 43
24 6 12 0
50 35 21 18
16 50 43 32
35 1 40 0
