100 50 50
22 1
15 47
44 37 49 22
32 8 44 29
30 42 22 0
10 1 9 32
30 32 32 24
3 20 10 42
4 39 2 26
45 6 26 22
14 32 18 1
50 13 28 41
44 41 25 46
35 19 30 42
1 8 2 35
26 21 34 44
35 35 46 33
24 32 35 6
5 28 15 2
37 22 40 2
37 17 26 1
9 36 19 33
37 8 25 40
11 22 15 29
5 13 8 29
20 44 28 24
17 11 9 2
39 6 24 20
28 1 48 5
15 43 13 8
6 3 8 39
3 42 19 5
28 30 37 4
47 26 38 42
5 36 20 4
47 21 47 44
27 2 37 9
46 0 43 7
26 47 37 45
3 36 16 33
24 48 34 35
3 36 21 8
28 16 27 49
30 7 23 45
40 2 44 34
43 41 24 23
26 37 35 36
22 12 41 45
28 40 31 27
24 47 27 2
47 3 41 33
47 36 49 49
48 2 38 36
44 19 34 12
29 24 24 26
27 7 42 32
21 48 47 41
48 10 44 36
33 27 24 19
35 25 25 36
16 26 11 26
0 50 8 23
29 33 47 49
17 11 4 34
24 7 47 50
31 6 37 20
33 35 33 3
26 33 42 41
22 28 31 34
6 4 16 5
19 14 7 1
48 22 37 20
4 2 7 2
22 42 29 8
50 4 41 33
13 33 15 36
16 45 14 23
39 47 27 4
7 36 4 9
42 45 33 27
43 2 31 16
47 37 34 12
26 40 42 42
42 29 48 24
4 39 3 11
13 35 15 33
19 12 17 34
39 7 49 35
49 24 47 22
3 2 3 35
40 21 29 12
35 37 41 8
47 48 25 36
48 0 27 1
8 49 50 40
50 35 33 31
18 29 1 16
39 3 29 21
42 26 25 47
10 13 19 17
33 38 25 33
47 37 35 40
