100 50 50
18 18
43 22
46 35 25 43
2 28 12 13
5 37 31 43
21 3 15 49
14 16 14 37
12 34 15 46
30 19 12 23
49 3 14 40
34 36 27 23
49 49 35 30
26 34 46 7
32 17 13 13
3 8 14 34
23 7 27 25
17 30 10 6
14 25 25 28
15 0 26 47
49 18 23 22
46 42 30 17
13 7 44 47
42 41 11 32
3 24 11 34
17 43 6 32
17 22 37 17
32 8 22 33
20 46 3 31
20 21 1 40
39 13 6 12
38 42 6 11
48 36 38 38
44 21 13 42
42 2 45 48
31 49 35 15
23 34 39 5
3 49 41 0
5 29 21 18
36 7 23 27
33 9 28 37
39 20 36 20
49 7 1 21
39 31 16 43
27 18 0 14
40 22 21 44
8 9 37 14
32 22 18 37
7 11 32 38
10 3 27 28
47 0 36 36
6 45 35 5
40 23 43 2
39 37 43 11
15 9 16 40
23 26 15 12
24 19 35 46
3 32 19 28
13 33 1 19
49 9 9 50
21 12 49 6
35 7 38 39
48 44 9 24
33 27 34 23
11 7 49 31
32 12 17 17
10 22 3 33
36 26 8 45
26 43 40 31
28 2 26 41
3 11 49 17
20 34 3 49
34 19 33 8
15 25 11 20
4 12 28 23
11 34 17 34
10 30 45 38
27 22 5 19
11 7 9 28
14 23 0 23
44 5 46 1
40 35 43 4
0 48 29 5
23 31 48 18
49 45 17 41
18 46 26 26
18 28 23 20
24 30 18 34
21 47 47 28
34 41 49 1
26 26 3 7
28 13 12 25
20 45 36 6
16 12 6 26
35 5 42 1
3 29 21 39
16 19 1 39
13 29 6 47
37 15 10 39
43 26 6 10
36 38 41 3
1 6 3 12
45 47 5 9
