100 50 50
24 23
36 41
4 6 8 9
26 8 8 18
34 28 5 42
9 35 41 9
9 33 5 42
26 27 3 38
36 1 32 12
7 47 45 42
43 10 42 19
20 28 16 25
29 37 25 33
49 29 49 40
33 13 18 36
16 20 37 28
9 19 26 39
2 17 35 17
22 37 17 26
46 29 30 42
47 18 39 13
30 10 18 42
20 49 36 4
39 35 2 36
14 46 16 2
42 10 24 18
45 37 7 1
49 11 35 18
23 5 14 9
22 16 16 16
16 10 2 37
34 35 33 36
41 48 29 20
15 50 49 0
11 25 12 11
45 7 30 42
28 5 4 44
22 3 34 47
5 25 48 20
4 17 34 46
35 14 0 27
14 47 30 28
27 28 0 23
15 2 45 47
7 43 28 15
35 11 21 46
42 16 12 44
6 27 19 48
32 3 27 25
1 6 49 32
24 24 46 34
26 9 9 42
34 0 26 49
20 23 20 24
3 46 8 24
5 22 49 23
2 15 29 26
43 49 29 28
21 49 36 10
1 38 6 37
43 11 30 17
41 21 38 47
38 10 10 13
50 7 5 1
21 34 43 48
45 13 28 10
28 6 11 20
18 7 47 15
22 15 11 19
0 30 35 12
7 48 40 13
29 50 33 27
25 43 47 33
42 23 37 5
10 30 17 15
24 0 31 25
16 10 46 5
25 15 41 18
30 17 46 24
47 38 7 12
33 37 32 2
6 8 6 43
37 39 15 23
38 47 44 43
7 12 14 17
1 2 35 45
40 31 30 41
9 17 16 8
11 22 37 28
23 2 27 16
33 26 12 8
6 5 12 2
3 34 38 38
16 1 21 16
8 39 44 39
19 5 22 28
15 22 11 3
25 41 13 28
0 34 13 3
24 43 21 4
25 6 9 8
24 18 11 50
