100 50 50
20 29
29 20
21 29 15 44
19 7 8 12
11 49 44 3
21 48 15 11
11 27 45 29
38 5 49 4
0 5 9 11
45 38 18 35
30 32 9 13
11 17 22 21
6 23 37 6
20 18 32 39
24 2 2 49
7 17 50 4
17 6 40 47
49 3 25 2
38 30 50 14
5 5 7 30
34 23 43 32
22 11 26 0
24 1 43 1
20 21 27 16
6 7 31 19
21 45 49 10
20 2 5 26
2 9 8 7
32 25 13 15
24 5 24 25
43 22 12 10
27 13 42 5
40 45 50 12
40 50 12 43
30 25 35 46
40 27 14 35
43 34 50 38
17 4 36 4
32 41 17 49
49 19 33 0
43 48 8 17
28 20 42 24
31 27 0 20
32 39 9 30
44 11 44 34
42 40 12 46
15 12 40 8
36 24 50 5
9 16 30 1
29 19 25 29
6 42 3 49
13 9 50 31
5 31 20 30
16 29 35 46
3 40 7 7
15 33 42 31
8 11 7 38
26 2 45 31
18 19 12 31
36 11 5 48
41 35 13 38
22 16 16 24
49 1 28 7
24 8 43 0
50 41 24 45
49 14 3 35
27 14 22 4
13 18 31 12
29 12 40 3
26 11 18 30
29 8 27 28
3 31 31 17
44 39 37 47
29 29 13 48
2 9 38 7
4 14 31 28
8 29 46 32
44 7 7 41
50 50 49 33
10 15 47 46
40 13 18 14
2 8 43 6
12 15 9 3
12 41 44 14
16 45 29 42
20 28 18 46
6 25 13 5
26 47 15 48
6 24 26 19
48 26 13 45
42 29 1 30
32 29 19 48
38 19 7 43
47 12 39 15
0 26 2 18
47 15 44 42
33 8 11 3
26 33 20 12
37 8 16 2
17 26 47 48
9 8 39 12
36 33 20 39
