100 50 50
16 24
33 38
0 11 17 2
2 34 39 30
3 2 28 35
9 20 41 20
13 34 48 8
7 27 17 12
12 30 39 14
39 20 46 40
12 35 23 24
34 3 16 10
5 24 18 4
5 18 32 26
16 32 10 44
14 45 11 26
48 25 1 0
32 1 28 7
31 40 20 30
24 26 39 19
20 41 7 3
10 25 3 38
5 20 36 41
6 32 32 50
32 47 8 9
36 32 40 10
13 38 45 1
19 22 10 14
49 18 22 33
40 19 1 15
10 31 36 4
32 31 12 21
41 23 32 50
2 32 49 40
4 35 8 42
11 42 23 35
5 49 7 13
22 17 0 38
37 1 26 35
18 29 13 26
23 5 10 13
2 1 32 23
47 3 6 2
39 13 15 35
33 43 9 35
47 9 41 43
24 10 39 2
39 33 9 6
36 31 20 38
37 49 3 32
44 11 15 38
44 28 26 34
19 27 23 43
30 43 19 21
41 48 37 20
1 40 24 43
50 37 35 25
39 27 34 40
50 10 12 39
9 8 48 41
7 36 49 16
48 30 42 42
31 0 5 5
2 20 50 27
23 14 33 2
46 1 23 13
9 24 40 6
4 37 6 3
1 11 15 25
10 26 6 43
13 12 38 28
30 36 41 38
46 35 7 8
31 13 2 15
30 11 17 11
50 27 30 32
41 31 7 6
3 45 14 25
30 7 47 11
29 50 14 33
6 42 9 37
49 25 8 21
21 19 48 6
24 50 27 9
29 43 27 30
31 21 6 30
23 46 32 3
11 19 25 16
10 3 11 14
34 33 23 0
48 34 10 3
30 35 13 35
19 6 1 35
24 14 0 30
47 18 41 27
5 19 47 21
5 25 20 36
31 7 43 14
40 29 31 14
7 12 14 14
29 6 7 8
19 31 38 10
