100 50 50
12 29
25 18
31 50 48 40
25 13 16 4
15 16 35 34
25 50 1 30
22 14 38 19
15 7 41 31
45 13 33 34
31 33 26 14
26 25 32 49
45 35 11 0
31 28 27 37
11 32 35 5
18 25 44 16
20 40 13 9
7 32 20 26
32 25 32 46
16 28 23 15
12 9 32 18
50 23 36 28
37 17 39 26
10 8 16 31
11 40 11 49
43 36 21 43
8 3 36 3
44 22 1 20
32 36 48 0
16 31 7 8
23 42 4 19
1 45 5 46
22 33 8 33
5 2 17 6
50 18 40 7
15 22 18 4
46 31 26 12
11 13 30 12
47 26 43 6
9 35 7 13
4 3 29 35
15 10 34 21
7 30 0 13
20 21 17 18
29 35 7 19
45 24 42 21
21 12 28 48
30 32 50 50
6 18 9 21
43 17 29 42
30 34 32 34
15 39 17 5
49 39 40 4
42 25 5 38
28 50 34 0
15 16 16 13
44 27 1 35
37 29 20 50
2 8 38 8
21 11 42 48
12 7 25 42
24 25 3 35
3 9 42 33
46 0 18 10
50 50 41 42
46 20 47 48
21 7 38 22
44 28 35 16
22 6 27 49
25 24 7 16
11 34 34 49
45 46 39 11
24 23 20 43
1 48 11 44
28 8 33 12
5 26 18 6
27 39 50 11
41 41 49 14
40 49 45 41
40 31 9 17
34 3 39 49
9 34 10 7
44 26 46 30
31 48 9 12
32 28 44 49
27 30 14 45
10 19 41 49
20 26 45 7
28 36 38 7
35 8 2 23
22 43 21 32
49 47 18 15
19 14 48 37
9 3 29 29
20 18 28 23
23 45 18 14
50 29 47 7
12 25 11 37
14 44 2 19
35 29 21 36
30 39 7 45
18 24 38 11
22 41 9 47
