100 100 100
9 98
96 99
27 93 31 92
98 89 98 88
97 96 97 95
24 94 27 93
99 80 99 79
54 86 58 85
98 84 98 83
98 92 98 91
99 83 99 82
97 98 97 97
97 95 97 94
6 99 10 98
98 82 98 81
16 96 20 95
99 79 99 78
97 97 97 96
73 81 77 80
69 82 73 81
88 77 92 76
1 100 5 99
35 91 39 90
13 97 17 96
97 91 97 90
31 92 35 91
89 77 93 76
96 100 97 99
100 74 96 100
25 94 28 93
100 74 99 0
96 95 96 94
84 78 88 77
97 99 97 98
28 93 32 92
99 86 99 85
74 81 78 80
99 78 99 77
43 89 46 88
81 79 84 78
8 98 12 97
97 94 97 93
96 93 97 92
98 91 98 90
63 84 66 83
40 90 44 89
98 87 99 86
100 74 99 100
100 74 26 7
98 83 98 82
59 85 63 84
82 79 85 78
97 88 97 87
50 87 54 86
99 84 99 83
99 85 99 84
97 89 97 88
77 80 81 79
12 97 16 96
78 80 82 79
39 90 43 89
100 74 88 15
98 86 98 85
20 95 24 94
98 88 98 87
92 76 96 75
97 87 98 86
62 84 65 83
66 83 70 82
47 88 51 87
5 99 8 98
99 76 99 75
21 95 25 94
70 82 74 81
95 100 95 99
98 85 98 84
55 86 59 85
32 92 36 91
51 87 55 86
93 76 97 75
97 92 97 91
96 75 99 74
96 94 96 93
2 100 6 99
58 85 62 84
46 88 50 87
97 93 98 92
36 91 40 90
96 97 96 96
44 89 47 88
10 98 13 97
98 90 98 89
99 82 99 81
96 98 96 97
97 90 97 89
17 96 21 95
96 96 96 95
95 99 96 98
98 81 99 80
65 83 69 82
85 78 89 77
99 77 99 76
