100 110
1011111000010110010101100001101001001111000111101101110111111011101000001101000111111000110001110010
0011000010110111110111110010100111011110100111011011101000010101001110100100111010001010000100010000
1010010101011011101011100101111110110100001101010000011001000101110010000000011101101101011000110001
1111110111111110110101010000111011001101101111100000110101101110001011000011011110000001000101111110
1001010100010000001110100100000001000100101011011010011111111001101000000000000011000101010011110011
0000000000000000000000000000000000000000000000000000000000000000000000000000000000000000000000000000
00111011110001110010110001111001110000010101010101000101000101000000001101111000001111001010110110000001110101
00011001001111111001100110001111100000100000101101000101101101100010000010000001111011101100001001010101001010
10000100110110010111110101010111111001110011010101111100101010010011101011100101001101100010101100110011001001
11001010011000110000101000101100011101010000101001010010010100110011001000101011100011000011110000100000001100
10110001010100000010111100100110011101000111001100110111001001001101011011001011101001100000100011100010011010
00000000000000000000000000000000000000000000000000000000000000000000000000000000000000000000000000000000000000
