100 110
0011011010110110001110111011010001010011110111001001000001101000110100010100001001001000011000111100
0110000010101001110010111010011001010100100110010111110010000100011011110000110111110110011110100101
0010110010011001011101010100111011010101110011011110100011110111101010010100001011010011101000010001
1000110100011010101101100011101100001011011001110011000101000111100111011110010011000000010011101100
1011001011001001111110001100110111101010001110011011010101011000010011100000101101000001101101010000
0000000000000000000000000000000000000000000000000000000000000000000000000000000000000000000000000000
01110111111000111110001101111010011101001010010011111011101110000100101000000000000000010011100111000110111101
01000101101000001100101011101011101111010100000110000100001001011100000100000011101011100000010101110101110100
10101111001110101010011110100110010101100001110111011010010011111111000001110000100001110001001011110000111011
01111101011110011010011001101001011000100111011001000011001100010111010101111110110011001101110010000011111001
11011111111110111100110001011011000010011101111010001001010100110110110111000101010100100101110111101011010100
00000000000000000000000000000000000000000000000000000000000000000000000000000000000000000000000000000000000000
