100 110
1110101001010110001100001110001001011010100001111000110110011001000000001010110100000010110110001111
0111100011111110110011111111011101101011101011100101110010011001111011111001011010011101100001010111
1011000000010010001000111011010111101000001101100111001101100101100100010100011001010100011010010111
1011100100101100100111010111001110111010110110111100001010000001110010101100101011000001000100010011
0100010010011101100101101101000101110100000010000001001010101011011101011111000101100000101110111000
0000000000000000000000000000000000000000000000000000000000000000000000000000000000000000000000000000
01111111010100101001100101101010010100010000001101001101110100010111010011001001011011111001000101001100001100
11110010110101101000110010111110000111010011010001010100010110100110000001011110100101001110110010001000100101
11101000001111111101100011101100010011010000011010100100101100101100001011001001001011001001101001001111000000
00011011101010011010001101110100110100110010011010101010001100001010110011011010011001101000111000111011000100
01000111000011100011010100101011000111010011010110111001001000001011111000011001001010010011101101100001101001
00000000000000000000000000000000000000000000000000000000000000000000000000000000000000000000000000000000000000
