100 110
1000011101101101000000001011111111011001100010110100101110001000001010010010011111111100100100001100
1010011110111000100111001010101000001000111111111110101001101001011101101011000000111000101111001001
0011011100101010111111000111111000010100100111110011101001100011100001110000101101111111010000010110
0011000011100011101011001010001001101111010101100011100110110101001111001011011010001101000110010010
1101101000100100111101000001111001111010011111000111111110000001000101001111000001100010110000001011
0000000000000000000000000000000000000000000000000000000000000000000000000000000000000000000000000000
11101110111011000111000000101111001111111111001000001010110001100110100100010100100011110010011111001100100101
01001110001001110011011000010011010110101001111110010101011001001111101111100001011111111101001000000010111100
11010001100100101101110010000111101111111110000110001110111000101010000101101011011100110101110110101011011110
01010000011000010000000111111001010101011010100110110111111100011010000110100010101101111101001110001000000101
11001010110011110111010010010110010100001001000101011001100000111101111000010000010111010111110000010011010101
00000000000000000000000000000000000000000000000000000000000000000000000000000000000000000000000000000000000000
