100 110
1001101100110110110011011001101010111010011100101101000111100110011010010110110100001110101011110100
1110001001001010111111110110011101101010000011000100011011000100011001111111110011001100001010110100
1011110100101100100010011100110000000001010011010001010001111010010011110110011010101000011001011110
1000000010101001010010100011110100110001111100110110010110011101111000110000000101001011100011110011
0101100110111010110010101101000101011101000011011110101110011000100011001110001110111110101000101101
0000000000000000000000000000000000000000000000000000000000000000000000000000000000000000000000000000
10011001011110000001010011111000000010111111011010101101011110101010000000100110100000010101011111101011111111
10001100010111010100111110101011000001011110101001111101001111110001010101110101000100111101000011101010111100
11010100100010001110101110111111110111101011000011111101011011101111001111001101101011011001011110101110001001
00111100111000101111100001000000100111101100110101101100000001110101011010010111101111011000101111111101001100
00111011100000100010011011010100011010000111010100001011001101010110000000100000111000100001000100110100111001
00000000000000000000000000000000000000000000000000000000000000000000000000000000000000000000000000000000000000
