100 110
1100111000100100110001111000011011001010111110111000000010100110011101101110010000000000110110011111
1100011000000110010101110010010110010011110000111110011010000000000100010101011000100100011110100101
0111110100111111100010111100011000111101110010011001000010101010000100000101101011100111000000001010
0010100101011111010110110011111001010110110110111001011101001101110001001110010110011111010011100000
1010011011100010111110100011111110110100101010000111011001011100011100000000110000110000001000010100
0000000000000000000000000000000000000000000000000000000000000000000000000000000000000000000000000000
00001001000101101000110001000001111101101100110111001010100110001110001110000101101111010101001100001010010110
11011010111110011110001000001110010101100011100100111000101011000101010010000100010011001101111000011101110111
10111011000111100000100000010000110100001000010011101000111001000001000100011100100001010111000111001100111000
01100100111101111101010001011011100110110111001010111000010011110111011100010110001110110101100001111101111111
10010010010000001111011000111011010001000111110110111101001110110100101101011010011111111000100000001100011000
00000000000000000000000000000000000000000000000000000000000000000000000000000000000000000000000000000000000000
