100 110
0110010010101101010101100010101110011110001011111000100000000000101101000111101100101111001110011011
0001101001010101010010111001000001111100110010100110101011111000101001101111101001011011100000011110
1111101010101000011000101000100110001001011111100110000111111110011101110001011011101111110110000011
0001101011110010110010010001001111011110111000101110000000001100110100011110101010110101011101111110
1000011000001101110101001110001110110010011101001100011011111010100010101110001001100101111010101010
0000000000000000000000000000000000000000000000000000000000000000000000000000000000000000000000000000
10110101001000001111100011101011110011011010011100100000101100001010010000011010000110101000110000101111001110
11110000111111110000100000100001111011010110001110100110101110101011011111101011000101110110000000011011011000
01001010000101010101110001011101011101001111111110011000001111010100011001011111111001100011101000000101101111
01100000111110010011000000001001101111110110110011100100101110101101101100001010001011010011001011010101111010
10010001111001100000000111111111100100111101101111000101100011110111101110110101000000000111011000110001111011
00000000000000000000000000000000000000000000000000000000000000000000000000000000000000000000000000000000000000
