100 110
1101011110000010000100010110100101010111101011011001100011001010101101101011101111100001010011000100
0100000100110111011011000110101011110010000011010011100100001010000100101101011000101001000110100000
1001100001111101110111000010110011010101110100000000001001100100000000110101111000110111011011101000
0000011101011001001011011110011111111011111100101010110111101010001001000000011101010101101100100001
1101100010110111010000110000001010101010000010001000111111100101100001100111000001111001010100010110
0000000000000000000000000000000000000000000000000000000000000000000000000000000000000000000000000000
10110101011010001100100010000110110000001101111010001001001110100100000010001010111110110001000000100100001001
00000101100110101010101011101001011100011011001110001110010010000110011110011100111100101111111111001111011011
11101000110010110100110010101010010010010101111101111110100001000101101000100100111000001100000010110000000000
01000000110001100111100100100111010101100000011111111110111110000011001111111100100100010010101001100001100110
10000010000011010100110110000011001110111011000011001001000000000111100011001000000101000011001001110010100001
00000000000000000000000000000000000000000000000000000000000000000000000000000000000000000000000000000000000000
