100 110
1100110100101011000011110011010011110101001110100010101101101111110101100011101001100001000101110001
0000001011010111000100001001111001111001100111001110101111100101100100110010011000111111010110000010
0011010101100011110100000101000001000100111001011000111011011110100111010101000011001110111010101110
1111000000101001101111101010010011111001010010010111001111011001100001001010101000100110010001101111
1010001000100001010011111000010101011010111000110010100000011010111110011000000101000100010101000001
0000000000000000000000000000000000000000000000000000000000000000000000000000000000000000000000000000
00110000010111101000010000101100000100101000000111010100101100110100001100100011001100001010010000100111000001
00000000001000001100111000000000011111001010110111000011011010111000101101010111111011110100011110100111000101
11001011101010000001011000101111011011011100010010001001010001100111011100001001010000011001000010000010000100
00001101011101000100101011011001001011100110010001011100101000011010000111111010011011100110101000011110010111
00110010001110100101110011000101000101000100110011110111100101100101010110100011111000111010001010110000001010
00000000000000000000000000000000000000000000000000000000000000000000000000000000000000000000000000000000000000
