100 110
1101001111011000101110110101010011100011110000100001010101010001011100000001000100001101111100101000
1110101111110111011100010011011000100100000011100000111110100100011101111100101011101101110100100111
1001101100110011000101101101010001100111010010100011110101100001111100011011101010011000011110111111
0001010011011110000110000111000111001001101100101101001101010011011011000001100011110111001000000010
1011000110101000111100101001010010011000111001001111100111010111001010011111100110101100010010001010
0000000000000000000000000000000000000000000000000000000000000000000000000000000000000000000000000000
00111110110111001011000101011111101000000000111001010101101010110000101011011000011001100101000110101011011001
10001100111000000011000111001001001010101101100101001101001011100010010000000110111001011000101011001010100001
11110111001101001100110110011100100011000110100010101101010011011110101000100110010101000101001111010011000101
01110001000001101000110100001100000001010101100110001001110101101010010101101111110110000011101001000010000100
00011111110111110110110110001101000110000001101000011010010101000011110100000000010110010111001011101010100100
00000000000000000000000000000000000000000000000000000000000000000000000000000000000000000000000000000000000000
