85 45 23 -20
-27 -31 4
4 -97 1
76 -40 20
58 58 22
100 -25 4
-18 27 26
32 -79 82
34 -83 34
-17 -7 82
-83 -22 77
-63 -47 86
87 84 20
30 -38 93
-97 77 75
-97 54 76
-75 -56 83
-37 12 85
-33 13 99
2 -5 47
-3 -17 36
-65 -80 1
57 -31 68
-37 59 13
-99 4 27
-68 -78 44
59 -24 64
-1 80 81
77 47 85
53 64 86
-32 40 5
32 -61 66
-95 38 21
-21 21 66
56 -29 70
86 -60 66
39 -97 2
-2 52 64
31 23 13
38 4 3
-92 34 81
-85 -20 55
-28 99 12
-30 -77 3
-17 36 21
62 87 70
-35 8 62
-30 87 17
-87 56 89
51 89 29
90 11 22
59 94 69
-35 59 79
37 -96 71
76 -71 4
-76 -57 27
61 -69 89
33 -33 40
-5 -57 69
-8 72 81
-3 27 17
43 83 54
-45 -96 90
-51 55 19
61 -24 87
-91 -75 77
33 -68 38
85 54 24
-99 -34 76
-73 23 17
13 12 90
-94 15 69
57 -55 62
34 -34 77
-37 22 86
-82 -1 11
-84 36 77
85 48 64
33 81 32
98 54 23
56 -86 90
-74 -8 46
-7 -61 10
52 -63 36
47 97 76
-66 9 14
