63 86 48 -79
-20 45 87
-49 37 79
-58 -61 14
26 -58 39
87 34 26
-64 84 8
65 -94 39
-49 96 83
20 52 8
79 54 9
-68 7 16
15 45 31
83 69 82
-70 -40 58
-48 -40 98
-82 87 30
0 96 77
-30 29 12
-97 -29 58
66 -82 14
21 60 81
-95 22 94
84 44 29
89 -82 61
55 43 93
2 -76 25
16 -54 15
15 -9 31
-16 -86 20
-66 77 66
-38 -96 82
-59 -55 45
81 -25 63
70 -18 40
-13 -80 91
-29 27 71
-92 -15 92
54 -73 61
-46 -94 5
72 12 11
30 -92 23
-25 27 35
-55 -86 3
50 -40 26
42 -53 29
75 -17 11
21 1 76
-37 81 80
-42 90 44
-70 -35 15
30 -90 59
46 -36 49
55 79 26
-40 18 41
68 86 75
14 -90 24
-77 -17 55
55 -99 16
-88 -47 3
-98 -38 6
-75 -73 54
-55 -91 60
-91 21 49
