54 82 -80 -45
18 -81 46
46 3 44
-47 -4 99
-62 -64 73
86 -73 58
19 -77 67
79 0 57
-39 -24 9
-32 -32 56
25 79 78
46 91 80
-28 65 52
-35 32 48
-16 -96 21
51 74 30
82 20 34
49 41 65
78 -40 58
-70 -1 77
78 89 70
-82 -38 51
2 -48 66
73 15 59
87 74 21
99 -42 99
67 -81 25
47 8 89
-84 5 21
-54 -87 92
-32 76 100
73 61 98
63 -17 86
-41 -16 66
-27 79 72
-33 55 32
-68 -52 96
-45 0 44
-26 61 78
36 85 8
72 -32 78
59 -57 36
54 7 71
46 -3 16
59 8 23
-96 70 44
-7 85 100
-78 4 90
-38 -69 70
-4 41 80
-11 -28 9
49 66 48
-69 -24 85
-62 -73 29
-19 -5 28
