63 70 56 83
64 -17 9
-33 47 7
-11 61 6
-13 31 1
-71 73 5
-12 -81 3
46 -44 9
-72 31 10
20 57 6
-13 72 6
-63 13 10
-51 29 4
21 41 7
-93 -25 10
77 96 2
-74 73 5
0 -37 2
-81 -86 4
9 74 7
-26 -17 5
-71 -18 10
-93 64 1
-44 81 2
29 58 7
-87 24 6
-71 -75 10
-6 -25 10
-38 -73 2
-73 -30 1
-42 8 7
-21 1 1
-64 56 10
-10 52 5
-51 40 8
-96 88 8
-95 -92 3
3 76 6
-32 -17 1
21 -8 6
-37 -37 4
93 -99 10
-74 78 2
-82 82 3
-10 -62 8
-11 31 8
98 -92 10
55 -24 3
96 60 4
66 -83 8
99 75 3
72 71 8
18 -7 2
-93 46 2
-78 67 8
-96 -85 3
66 -52 7
8 -24 6
-34 -91 1
-5 53 6
-8 33 1
57 94 10
11 -18 4
21 -73 3
