76 86 40 -25
79 -75 2
17 97 2
-61 -68 9
69 56 2
-97 76 1
-13 46 9
42 -97 2
98 -43 4
-13 90 3
-16 -36 9
-40 -56 9
47 -32 7
93 91 6
41 78 8
-37 -48 5
-46 -1 5
17 81 4
32 -9 6
-12 -95 2
13 -95 1
-64 96 8
-19 62 3
-9 39 9
-4 -2 4
-66 -32 1
-76 82 10
48 92 6
90 66 10
80 -29 2
-87 -50 2
47 92 6
-52 -58 3
-89 52 3
-68 77 2
5 94 3
81 -41 10
-13 0 1
-76 -74 5
59 -37 2
100 -99 4
-5 -46 6
-7 54 1
56 -36 2
-14 12 5
-68 11 10
-93 86 9
-58 -64 10
-8 -22 2
-3 91 1
-23 -29 5
-49 -41 10
38 -83 2
-27 -21 6
60 -85 2
26 84 6
32 -55 5
-57 77 5
57 -4 9
-50 -74 10
-91 -98 9
-42 35 5
-32 49 1
6 80 6
-89 69 8
47 -44 8
-16 -36 2
40 6 8
-10 -19 2
10 41 6
-41 39 2
-8 82 9
-27 -51 8
53 -14 9
-25 -74 2
-40 33 7
-56 -18 5
