100 74 -87 -67
-84 0 8
-89 37 6
-26 90 4
81 50 7
-98 69 8
95 61 9
32 -2 10
8 14 8
-65 -94 1
30 -11 8
-27 -73 9
4 89 4
76 -46 2
94 46 1
63 66 5
16 33 9
65 -75 6
-62 -78 8
91 -66 1
-75 77 9
-68 -28 6
78 -8 5
-44 10 9
-31 -72 8
-97 -92 9
-11 -99 3
79 -73 4
91 80 7
-58 47 8
-53 -52 9
-43 46 10
69 -20 3
-85 -40 1
-65 -3 8
85 53 8
43 -20 10
34 15 7
70 -40 4
-35 41 3
100 34 4
24 13 6
-28 35 7
-43 45 4
-5 60 5
19 33 8
26 87 4
44 39 3
-9 29 8
36 17 7
60 -96 10
-6 15 2
-1 30 2
57 28 2
-46 -32 8
38 -56 8
64 78 10
100 82 1
-49 -65 4
-84 -85 10
-2 73 3
23 24 9
22 84 8
51 -11 1
-9 37 4
-24 25 7
-2 61 3
89 6 3
-53 -53 1
-78 97 10
-58 -58 8
45 -82 3
59 59 10
-15 0 7
8 -93 8
-52 -14 5
-92 96 6
37 7 1
1 7 2
70 -53 4
-87 9 10
-84 67 4
68 -19 6
42 3 2
-24 -25 2
-30 -43 8
-100 49 8
46 -65 6
-28 70 2
40 -68 8
-60 -80 10
51 48 10
85 -49 6
-10 -48 8
-25 44 4
-98 27 5
-84 -70 6
5 -54 3
47 72 5
40 -55 2
12 -75 7
