91 67 87 -33
54 -24 7
6 3 1
-16 -79 10
94 44 7
2 63 8
77 0 8
46 67 2
-58 70 1
-16 25 6
77 39 6
63 10 4
-38 86 10
59 93 2
48 -11 8
-39 -21 7
-21 -60 8
14 95 4
46 -48 4
17 87 6
-63 -54 4
5 76 8
50 -79 6
-55 80 1
67 84 9
48 -52 9
-47 -3 5
-14 -36 8
-8 92 10
29 47 8
82 23 9
44 1 5
91 19 3
-6 95 3
-61 94 10
64 88 9
6 2 10
-45 56 3
-85 -82 3
-53 -80 2
24 90 7
-47 -53 3
77 -84 2
83 27 3
3 -92 2
82 56 2
-57 -13 7
46 42 6
-10 80 4
49 -32 10
18 12 6
13 -30 4
84 -59 2
-84 -24 5
-25 -55 5
50 -96 8
96 -90 10
-20 -88 6
-78 0 1
83 29 2
86 -58 9
88 -87 4
76 94 9
-4 -2 8
-29 81 4
31 -6 7
37 -43 2
38 -70 5
79 90 10
-66 53 4
25 -81 9
71 -71 10
-81 93 5
93 -88 1
16 13 8
36 39 9
-27 8 7
16 11 8
100 -61 5
100 8 1
59 29 6
94 89 1
-59 -34 3
12 -64 4
-61 17 3
45 -96 1
95 -89 1
21 -56 2
-65 13 1
-90 -37 10
-12 -94 8
-93 38 8
