100 5 -31 -31
5 0 1
12 0 1
12 -7 1
12 -14 1
12 -21 1
5 -21 1
-2 -21 1
-9 -21 1
-16 -21 1
-16 -14 1
-16 -7 1
-16 0 1
-16 7 1
-16 14 1
-9 14 1
-2 14 1
5 14 1
12 14 1
19 14 1
26 14 1
26 7 1
26 0 1
26 -7 1
26 -14 1
26 -21 1
26 -28 1
26 -35 1
19 -35 1
12 -35 1
5 -35 1
-2 -35 1
-9 -35 1
-16 -35 1
-23 -35 1
-30 -35 1
-30 -28 1
-30 -21 1
-30 -14 1
-30 -7 1
-30 0 1
-30 7 1
-30 14 1
-30 21 1
-30 28 1
-23 28 1
-16 28 1
-9 28 1
-2 28 1
5 28 1
12 28 1
19 28 1
26 28 1
33 28 1
40 28 1
40 21 1
40 14 1
40 7 1
40 0 1
40 -7 1
40 -14 1
40 -21 1
40 -28 1
40 -35 1
40 -42 1
40 -49 1
33 -49 1
26 -49 1
19 -49 1
12 -49 1
5 -49 1
-2 -49 1
-9 -49 1
-16 -49 1
-23 -49 1
-30 -49 1
-37 -49 1
-44 -49 1
-44 -42 1
-44 -35 1
-44 -28 1
-44 -21 1
-44 -14 1
-44 -7 1
-44 0 1
-44 7 1
-44 14 1
-44 21 1
-44 28 1
-44 35 1
-44 42 1
-37 42 1
-30 42 1
-23 42 1
-16 42 1
-9 42 1
-2 42 1
5 42 1
12 42 1
19 42 1
26 42 1
