100 1 11 -11
1 0 1
4 0 1
4 -3 1
4 -6 1
4 -9 1
1 -9 1
-2 -9 1
-5 -9 1
-8 -9 1
-8 -6 1
-8 -3 1
-8 0 1
-8 3 1
-8 6 1
-5 6 1
-2 6 1
1 6 1
4 6 1
7 6 1
10 6 1
10 3 1
10 0 1
10 -3 1
10 -6 1
10 -9 1
10 -12 1
10 -15 1
7 -15 1
4 -15 1
1 -15 1
-2 -15 1
-5 -15 1
-8 -15 1
-11 -15 1
-14 -15 1
-14 -12 1
-14 -9 1
-14 -6 1
-14 -3 1
-14 0 1
-14 3 1
-14 6 1
-14 9 1
-14 12 1
-11 12 1
-8 12 1
-5 12 1
-2 12 1
1 12 1
4 12 1
7 12 1
10 12 1
13 12 1
16 12 1
16 9 1
16 6 1
16 3 1
16 0 1
16 -3 1
16 -6 1
16 -9 1
16 -12 1
16 -15 1
16 -18 1
16 -21 1
13 -21 1
10 -21 1
7 -21 1
4 -21 1
1 -21 1
-2 -21 1
-5 -21 1
-8 -21 1
-11 -21 1
-14 -21 1
-17 -21 1
-20 -21 1
-20 -18 1
-20 -15 1
-20 -12 1
-20 -9 1
-20 -6 1
-20 -3 1
-20 0 1
-20 3 1
-20 6 1
-20 9 1
-20 12 1
-20 15 1
-20 18 1
-17 18 1
-14 18 1
-11 18 1
-8 18 1
-5 18 1
-2 18 1
1 18 1
4 18 1
7 18 1
10 18 1
