100 3 20 20
3 0 1
8 0 1
8 -5 1
8 -10 1
8 -15 1
3 -15 1
-2 -15 1
-7 -15 1
-12 -15 1
-12 -10 1
-12 -5 1
-12 0 1
-12 5 1
-12 10 1
-7 10 1
-2 10 1
3 10 1
8 10 1
13 10 1
18 10 1
18 5 1
18 0 1
18 -5 1
18 -10 1
18 -15 1
18 -20 1
18 -25 1
13 -25 1
8 -25 1
3 -25 1
-2 -25 1
-7 -25 1
-12 -25 1
-17 -25 1
-22 -25 1
-22 -20 1
-22 -15 1
-22 -10 1
-22 -5 1
-22 0 1
-22 5 1
-22 10 1
-22 15 1
-22 20 1
-17 20 1
-12 20 1
-7 20 1
-2 20 1
3 20 1
8 20 1
13 20 1
18 20 1
23 20 1
28 20 1
28 15 1
28 10 1
28 5 1
28 0 1
28 -5 1
28 -10 1
28 -15 1
28 -20 1
28 -25 1
28 -30 1
28 -35 1
23 -35 1
18 -35 1
13 -35 1
8 -35 1
3 -35 1
-2 -35 1
-7 -35 1
-12 -35 1
-17 -35 1
-22 -35 1
-27 -35 1
-32 -35 1
-32 -30 1
-32 -25 1
-32 -20 1
-32 -15 1
-32 -10 1
-32 -5 1
-32 0 1
-32 5 1
-32 10 1
-32 15 1
-32 20 1
-32 25 1
-32 30 1
-27 30 1
-22 30 1
-17 30 1
-12 30 1
-7 30 1
-2 30 1
3 30 1
8 30 1
13 30 1
18 30 1
