70 31 1 15
-14 -3 26
-5 -17 26
-2 -16 3
-5 2 20
1 -7 15
13 1 52
6 -22 11
-5 1 8
0 -6 9
-12 -5 7
1 -12 1
-12 -4 31
-1 -6 3
8 -10 19
-15 -4 2
-3 10 8
-5 6 7
-6 12 24
-1 13 7
8 3 1
-3 -3 14
13 2 15
0 9 16
-6 4 6
1 -2 35
12 10 13
-10 -16 2
28 -11 16
9 2 4
-13 10 3
4 -1 9
20 -3 5
14 7 17
-35 9 37
2 -7 2
2 11 3
9 -15 51
-5 -6 21
10 12 3
-3 9 4
0 0 8
-9 0 7
0 -6 2
5 -2 11
7 19 3
10 1 2
-5 -5 8
8 -3 1
27 6 4
-2 4 1
-9 -28 1
-1 -13 1
-2 -21 6
-9 0 16
2 -5 17
-3 -21 15
12 -3 11
4 -9 9
-3 -3 8
28 -4 1
8 -3 27
-7 15 13
4 0 26
0 0 13
-29 -11 7
-16 5 4
-8 -25 19
41 -16 4
-11 14 22
3 -2 11
