77 49 45 -32
7 -1 12
1 -9 6
15 8 25
-8 0 1
4 -1 6
0 -6 8
-12 8 21
32 1 23
-12 -16 5
1 9 17
-5 21 6
0 3 1
13 -5 9
15 -5 20
-7 1 5
6 9 22
0 -13 24
5 -3 2
0 -3 4
13 12 2
-7 17 1
-3 2 4
13 6 2
-2 3 13
-5 9 1
1 3 2
-6 0 15
-28 9 2
0 -5 4
27 22 15
-25 -3 11
-18 16 2
-9 -18 5
8 -2 4
27 17 15
7 -3 3
-13 1 5
10 1 4
7 -28 8
-9 9 22
-10 3 35
7 -20 20
3 2 10
-4 -18 2
2 1 30
-2 1 4
-10 2 6
-7 -11 3
1 -15 3
-17 11 13
3 -16 10
-3 3 37
5 -2 2
-18 0 3
4 9 19
1 -3 2
32 0 22
-3 0 16
9 19 3
0 16 10
12 12 12
11 -23 43
-1 32 1
2 -11 4
-5 -4 1
-6 -19 5
4 30 1
0 8 25
-12 4 1
6 26 4
1 -12 12
13 8 1
-15 14 13
-1 12 10
21 -20 7
17 -3 12
7 -10 11
