81 67 63 21
-7 -13 8
-5 -7 2
-5 6 5
8 7 1
14 -6 1
5 10 1
-24 -4 9
5 -17 36
0 1 5
0 -27 14
-1 1 7
3 -4 11
7 12 19
8 -6 8
-12 -4 33
0 -2 4
-2 -17 10
19 9 6
8 -8 21
-4 -8 4
2 -4 12
-1 0 10
0 -2 16
9 23 14
-26 13 3
-3 8 10
0 -29 3
-7 6 4
5 34 1
4 -36 4
-12 6 2
8 17 8
-1 3 12
0 0 22
-1 -49 6
1 -7 3
11 -1 2
7 -2 15
-19 -11 9
-4 0 10
-6 7 10
-1 6 1
-4 -7 11
-8 0 2
1 1 12
10 7 12
4 -1 2
7 18 33
-1 5 3
-30 -30 1
0 -10 37
16 -60 8
-1 8 22
-18 -9 24
40 20 11
4 17 9
2 4 9
0 -28 10
0 -11 2
-14 -11 16
39 10 5
-19 -14 8
10 27 7
-9 -9 5
0 21 3
-13 -6 3
12 22 9
6 -26 7
-31 7 3
-10 7 1
26 5 9
5 7 13
2 26 3
-7 2 29
-10 7 4
7 -4 14
-5 0 3
8 5 26
-2 0 1
-27 -1 10
-10 -3 6
