90 77 -95 -26
-2 11 3
0 5 9
-7 0 45
-8 3 3
6 1 57
26 -15 16
0 6 26
0 8 11
28 12 7
-5 16 35
-8 -5 2
2 1 24
-2 4 6
11 -5 66
-4 -15 14
12 10 12
-3 1 4
-6 -2 5
0 8 1
-1 0 12
27 -1 29
13 -2 2
0 18 35
-9 13 21
4 6 3
1 -3 17
18 12 16
9 -10 2
-17 -2 2
13 -7 5
2 11 32
7 -7 5
9 3 28
0 1 26
2 10 1
4 1 4
-6 0 1
14 -10 3
-23 -20 12
3 11 3
-16 17 3
8 -4 10
9 7 20
6 4 6
14 8 11
25 -27 3
3 14 10
6 -25 13
-2 -16 20
-11 -6 34
18 -9 9
18 16 17
-6 -1 6
9 -18 24
7 0 2
-7 5 6
20 -7 11
13 -12 13
-11 5 4
-8 9 1
6 -4 1
2 17 18
-13 3 7
0 5 19
-2 0 19
35 25 11
10 -21 5
4 9 2
0 3 21
-3 0 13
10 -29 2
-7 0 22
0 -11 6
4 -19 26
0 11 10
-7 4 1
2 -4 28
-5 -2 5
6 6 23
-36 -19 10
0 -12 21
16 1 7
-8 0 22
-13 -37 6
-7 -3 8
39 -20 5
1 5 9
-3 15 14
13 2 18
-2 16 15
