88 100 24 -74
0 7 7
0 0 1
16 -5 13
3 5 4
0 11 25
19 -30 26
29 -10 17
-12 -10 2
-8 -13 13
-1 29 1
43 9 20
9 -4 1
0 13 8
3 0 5
-7 1 5
-1 0 2
-15 13 8
32 28 5
13 -9 8
20 7 26
0 2 5
27 -3 3
-18 -11 1
-8 1 15
0 -9 5
11 -5 15
-3 0 16
6 -21 6
2 7 1
11 9 3
9 -3 4
-1 18 3
-10 -15 4
18 -4 5
-12 -13 2
5 -2 1
3 -10 32
-4 18 10
-41 6 6
5 18 16
-1 -14 11
-15 28 7
-6 -21 9
-19 34 34
4 -5 7
-14 -6 8
-4 -6 6
-6 15 3
18 1 11
-8 11 18
-23 -13 24
-9 14 9
10 14 3
15 0 11
4 17 10
-4 -18 4
-18 1 8
-8 17 2
-23 -20 7
1 0 33
0 7 6
0 20 8
0 5 18
1 -18 1
-15 0 3
9 8 5
-14 2 6
8 -1 3
-4 19 5
2 -32 11
-8 4 16
3 3 22
-25 0 13
4 -14 16
0 -30 25
-7 5 3
-1 2 1
4 -20 1
-2 11 1
12 -7 15
9 2 26
-21 -1 2
-6 27 1
2 12 8
-3 -8 2
-3 1 8
-15 2 2
-24 25 17
