1000 1000000000
999999999 1000000000 1000000000 1000000000
999999998 1000000000 1000000000 1000000000
999999997 1000000000 1000000000 1000000000
999999996 1000000000 1000000000 1000000000
999999995 1000000000 1000000000 1000000000
999999994 1000000000 1000000000 1000000000
999999993 1000000000 1000000000 1000000000
999999992 1000000000 1000000000 1000000000
999999991 1000000000 1000000000 1000000000
999999990 1000000000 1000000000 1000000000
999999989 1000000000 1000000000 1000000000
999999988 1000000000 1000000000 1000000000
999999987 1000000000 1000000000 1000000000
999999986 1000000000 1000000000 1000000000
999999985 1000000000 1000000000 1000000000
999999984 1000000000 1000000000 1000000000
999999983 1000000000 1000000000 1000000000
999999982 1000000000 1000000000 1000000000
999999981 1000000000 1000000000 1000000000
999999980 1000000000 1000000000 1000000000
999999979 1000000000 1000000000 1000000000
999999978 1000000000 1000000000 1000000000
999999977 1000000000 1000000000 1000000000
999999976 1000000000 1000000000 1000000000
999999975 1000000000 1000000000 1000000000
999999974 1000000000 1000000000 1000000000
999999973 1000000000 1000000000 1000000000
999999972 1000000000 1000000000 1000000000
999999971 1000000000 1000000000 1000000000
999999970 1000000000 1000000000 1000000000
999999969 1000000000 1000000000 1000000000
999999968 1000000000 1000000000 1000000000
999999967 1000000000 1000000000 1000000000
999999966 1000000000 1000000000 1000000000
999999965 1000000000 1000000000 1000000000
999999964 1000000000 1000000000 1000000000
999999963 1000000000 1000000000 1000000000
999999962 1000000000 1000000000 1000000000
999999961 1000000000 1000000000 1000000000
999999960 1000000000 1000000000 1000000000
999999959 1000000000 1000000000 1000000000
999999958 1000000000 1000000000 1000000000
999999957 1000000000 1000000000 1000000000
999999956 1000000000 1000000000 1000000000
999999955 1000000000 1000000000 1000000000
999999954 1000000000 1000000000 1000000000
999999953 1000000000 1000000000 1000000000
999999952 1000000000 1000000000 1000000000
999999951 1000000000 1000000000 1000000000
999999950 1000000000 1000000000 1000000000
999999949 1000000000 1000000000 1000000000
999999948 1000000000 1000000000 1000000000
999999947 1000000000 1000000000 1000000000
999999946 1000000000 1000000000 1000000000
999999945 1000000000 1000000000 1000000000
999999944 1000000000 1000000000 1000000000
999999943 1000000000 1000000000 1000000000
999999942 1000000000 1000000000 1000000000
999999941 1000000000 1000000000 1000000000
999999940 1000000000 1000000000 1000000000
999999939 1000000000 1000000000 1000000000
999999938 1000000000 1000000000 1000000000
999999937 1000000000 1000000000 1000000000
999999936 1000000000 1000000000 1000000000
999999935 1000000000 1000000000 1000000000
999999934 1000000000 1000000000 1000000000
999999933 1000000000 1000000000 1000000000
999999932 1000000000 1000000000 1000000000
999999931 1000000000 1000000000 1000000000
999999930 1000000000 1000000000 1000000000
999999929 1000000000 1000000000 1000000000
999999928 1000000000 1000000000 1000000000
999999927 1000000000 1000000000 1000000000
999999926 1000000000 1000000000 1000000000
999999925 1000000000 1000000000 1000000000
999999924 1000000000 1000000000 1000000000
999999923 1000000000 1000000000 1000000000
999999922 1000000000 1000000000 1000000000
999999921 1000000000 1000000000 1000000000
999999920 1000000000 1000000000 1000000000
999999919 1000000000 1000000000 1000000000
999999918 1000000000 1000000000 1000000000
999999917 1000000000 1000000000 1000000000
999999916 1000000000 1000000000 1000000000
999999915 1000000000 1000000000 1000000000
999999914 1000000000 1000000000 1000000000
999999913 1000000000 1000000000 1000000000
999999912 1000000000 1000000000 1000000000
999999911 1000000000 1000000000 1000000000
999999910 1000000000 1000000000 1000000000
999999909 1000000000 1000000000 1000000000
999999908 1000000000 1000000000 1000000000
999999907 1000000000 1000000000 1000000000
999999906 1000000000 1000000000 1000000000
999999905 1000000000 1000000000 1000000000
999999904 1000000000 1000000000 1000000000
999999903 1000000000 1000000000 1000000000
999999902 1000000000 1000000000 1000000000
999999901 1000000000 1000000000 1000000000
999999900 1000000000 1000000000 1000000000
999999899 1000000000 1000000000 1000000000
999999898 1000000000 1000000000 1000000000
999999897 1000000000 1000000000 1000000000
999999896 1000000000 1000000000 1000000000
999999895 1000000000 1000000000 1000000000
999999894 1000000000 1000000000 1000000000
999999893 1000000000 1000000000 1000000000
999999892 1000000000 1000000000 1000000000
999999891 1000000000 1000000000 1000000000
999999890 1000000000 1000000000 1000000000
999999889 1000000000 1000000000 1000000000
999999888 1000000000 1000000000 1000000000
999999887 1000000000 1000000000 1000000000
999999886 1000000000 1000000000 1000000000
999999885 1000000000 1000000000 1000000000
999999884 1000000000 1000000000 1000000000
999999883 1000000000 1000000000 1000000000
999999882 1000000000 1000000000 1000000000
999999881 1000000000 1000000000 1000000000
999999880 1000000000 1000000000 1000000000
999999879 1000000000 1000000000 1000000000
999999878 1000000000 1000000000 1000000000
999999877 1000000000 1000000000 1000000000
999999876 1000000000 1000000000 1000000000
999999875 1000000000 1000000000 1000000000
999999874 1000000000 1000000000 1000000000
999999873 1000000000 1000000000 1000000000
999999872 1000000000 1000000000 1000000000
999999871 1000000000 1000000000 1000000000
999999870 1000000000 1000000000 1000000000
999999869 1000000000 1000000000 1000000000
999999868 1000000000 1000000000 1000000000
999999867 1000000000 1000000000 1000000000
999999866 1000000000 1000000000 1000000000
999999865 1000000000 1000000000 1000000000
999999864 1000000000 1000000000 1000000000
999999863 1000000000 1000000000 1000000000
999999862 1000000000 1000000000 1000000000
999999861 1000000000 1000000000 1000000000
999999860 1000000000 1000000000 1000000000
999999859 1000000000 1000000000 1000000000
999999858 1000000000 1000000000 1000000000
999999857 1000000000 1000000000 1000000000
999999856 1000000000 1000000000 1000000000
999999855 1000000000 1000000000 1000000000
999999854 1000000000 1000000000 1000000000
999999853 1000000000 1000000000 1000000000
999999852 1000000000 1000000000 1000000000
999999851 1000000000 1000000000 1000000000
999999850 1000000000 1000000000 1000000000
999999849 1000000000 1000000000 1000000000
999999848 1000000000 1000000000 1000000000
999999847 1000000000 1000000000 1000000000
999999846 1000000000 1000000000 1000000000
999999845 1000000000 1000000000 1000000000
999999844 1000000000 1000000000 1000000000
999999843 1000000000 1000000000 1000000000
999999842 1000000000 1000000000 1000000000
999999841 1000000000 1000000000 1000000000
999999840 1000000000 1000000000 1000000000
999999839 1000000000 1000000000 1000000000
999999838 1000000000 1000000000 1000000000
999999837 1000000000 1000000000 1000000000
999999836 1000000000 1000000000 1000000000
999999835 1000000000 1000000000 1000000000
999999834 1000000000 1000000000 1000000000
999999833 1000000000 1000000000 1000000000
999999832 1000000000 1000000000 1000000000
999999831 1000000000 1000000000 1000000000
999999830 1000000000 1000000000 1000000000
999999829 1000000000 1000000000 1000000000
999999828 1000000000 1000000000 1000000000
999999827 1000000000 1000000000 1000000000
999999826 1000000000 1000000000 1000000000
999999825 1000000000 1000000000 1000000000
999999824 1000000000 1000000000 1000000000
999999823 1000000000 1000000000 1000000000
999999822 1000000000 1000000000 1000000000
999999821 1000000000 1000000000 1000000000
999999820 1000000000 1000000000 1000000000
999999819 1000000000 1000000000 1000000000
999999818 1000000000 1000000000 1000000000
999999817 1000000000 1000000000 1000000000
999999816 1000000000 1000000000 1000000000
999999815 1000000000 1000000000 1000000000
999999814 1000000000 1000000000 1000000000
999999813 1000000000 1000000000 1000000000
999999812 1000000000 1000000000 1000000000
999999811 1000000000 1000000000 1000000000
999999810 1000000000 1000000000 1000000000
999999809 1000000000 1000000000 1000000000
999999808 1000000000 1000000000 1000000000
999999807 1000000000 1000000000 1000000000
999999806 1000000000 1000000000 1000000000
999999805 1000000000 1000000000 1000000000
999999804 1000000000 1000000000 1000000000
999999803 1000000000 1000000000 1000000000
999999802 1000000000 1000000000 1000000000
999999801 1000000000 1000000000 1000000000
999999800 1000000000 1000000000 1000000000
999999799 1000000000 1000000000 1000000000
999999798 1000000000 1000000000 1000000000
999999797 1000000000 1000000000 1000000000
999999796 1000000000 1000000000 1000000000
999999795 1000000000 1000000000 1000000000
999999794 1000000000 1000000000 1000000000
999999793 1000000000 1000000000 1000000000
999999792 1000000000 1000000000 1000000000
999999791 1000000000 1000000000 1000000000
999999790 1000000000 1000000000 1000000000
999999789 1000000000 1000000000 1000000000
999999788 1000000000 1000000000 1000000000
999999787 1000000000 1000000000 1000000000
999999786 1000000000 1000000000 1000000000
999999785 1000000000 1000000000 1000000000
999999784 1000000000 1000000000 1000000000
999999783 1000000000 1000000000 1000000000
999999782 1000000000 1000000000 1000000000
999999781 1000000000 1000000000 1000000000
999999780 1000000000 1000000000 1000000000
999999779 1000000000 1000000000 1000000000
999999778 1000000000 1000000000 1000000000
999999777 1000000000 1000000000 1000000000
999999776 1000000000 1000000000 1000000000
999999775 1000000000 1000000000 1000000000
999999774 1000000000 1000000000 1000000000
999999773 1000000000 1000000000 1000000000
999999772 1000000000 1000000000 1000000000
999999771 1000000000 1000000000 1000000000
999999770 1000000000 1000000000 1000000000
999999769 1000000000 1000000000 1000000000
999999768 1000000000 1000000000 1000000000
999999767 1000000000 1000000000 1000000000
999999766 1000000000 1000000000 1000000000
999999765 1000000000 1000000000 1000000000
999999764 1000000000 1000000000 1000000000
999999763 1000000000 1000000000 1000000000
999999762 1000000000 1000000000 1000000000
999999761 1000000000 1000000000 1000000000
999999760 1000000000 1000000000 1000000000
999999759 1000000000 1000000000 1000000000
999999758 1000000000 1000000000 1000000000
999999757 1000000000 1000000000 1000000000
999999756 1000000000 1000000000 1000000000
999999755 1000000000 1000000000 1000000000
999999754 1000000000 1000000000 1000000000
999999753 1000000000 1000000000 1000000000
999999752 1000000000 1000000000 1000000000
999999751 1000000000 1000000000 1000000000
999999750 1000000000 1000000000 1000000000
999999749 1000000000 1000000000 1000000000
999999748 1000000000 1000000000 1000000000
999999747 1000000000 1000000000 1000000000
999999746 1000000000 1000000000 1000000000
999999745 1000000000 1000000000 1000000000
999999744 1000000000 1000000000 1000000000
999999743 1000000000 1000000000 1000000000
999999742 1000000000 1000000000 1000000000
999999741 1000000000 1000000000 1000000000
999999740 1000000000 1000000000 1000000000
999999739 1000000000 1000000000 1000000000
999999738 1000000000 1000000000 1000000000
999999737 1000000000 1000000000 1000000000
999999736 1000000000 1000000000 1000000000
999999735 1000000000 1000000000 1000000000
999999734 1000000000 1000000000 1000000000
999999733 1000000000 1000000000 1000000000
999999732 1000000000 1000000000 1000000000
999999731 1000000000 1000000000 1000000000
999999730 1000000000 1000000000 1000000000
999999729 1000000000 1000000000 1000000000
999999728 1000000000 1000000000 1000000000
999999727 1000000000 1000000000 1000000000
999999726 1000000000 1000000000 1000000000
999999725 1000000000 1000000000 1000000000
999999724 1000000000 1000000000 1000000000
999999723 1000000000 1000000000 1000000000
999999722 1000000000 1000000000 1000000000
999999721 1000000000 1000000000 1000000000
999999720 1000000000 1000000000 1000000000
999999719 1000000000 1000000000 1000000000
999999718 1000000000 1000000000 1000000000
999999717 1000000000 1000000000 1000000000
999999716 1000000000 1000000000 1000000000
999999715 1000000000 1000000000 1000000000
999999714 1000000000 1000000000 1000000000
999999713 1000000000 1000000000 1000000000
999999712 1000000000 1000000000 1000000000
999999711 1000000000 1000000000 1000000000
999999710 1000000000 1000000000 1000000000
999999709 1000000000 1000000000 1000000000
999999708 1000000000 1000000000 1000000000
999999707 1000000000 1000000000 1000000000
999999706 1000000000 1000000000 1000000000
999999705 1000000000 1000000000 1000000000
999999704 1000000000 1000000000 1000000000
999999703 1000000000 1000000000 1000000000
999999702 1000000000 1000000000 1000000000
999999701 1000000000 1000000000 1000000000
999999700 1000000000 1000000000 1000000000
999999699 1000000000 1000000000 1000000000
999999698 1000000000 1000000000 1000000000
999999697 1000000000 1000000000 1000000000
999999696 1000000000 1000000000 1000000000
999999695 1000000000 1000000000 1000000000
999999694 1000000000 1000000000 1000000000
999999693 1000000000 1000000000 1000000000
999999692 1000000000 1000000000 1000000000
999999691 1000000000 1000000000 1000000000
999999690 1000000000 1000000000 1000000000
999999689 1000000000 1000000000 1000000000
999999688 1000000000 1000000000 1000000000
999999687 1000000000 1000000000 1000000000
999999686 1000000000 1000000000 1000000000
999999685 1000000000 1000000000 1000000000
999999684 1000000000 1000000000 1000000000
999999683 1000000000 1000000000 1000000000
999999682 1000000000 1000000000 1000000000
999999681 1000000000 1000000000 1000000000
999999680 1000000000 1000000000 1000000000
999999679 1000000000 1000000000 1000000000
999999678 1000000000 1000000000 1000000000
999999677 1000000000 1000000000 1000000000
999999676 1000000000 1000000000 1000000000
999999675 1000000000 1000000000 1000000000
999999674 1000000000 1000000000 1000000000
999999673 1000000000 1000000000 1000000000
999999672 1000000000 1000000000 1000000000
999999671 1000000000 1000000000 1000000000
999999670 1000000000 1000000000 1000000000
999999669 1000000000 1000000000 1000000000
999999668 1000000000 1000000000 1000000000
999999667 1000000000 1000000000 1000000000
999999666 1000000000 1000000000 1000000000
999999665 1000000000 1000000000 1000000000
999999664 1000000000 1000000000 1000000000
999999663 1000000000 1000000000 1000000000
999999662 1000000000 1000000000 1000000000
999999661 1000000000 1000000000 1000000000
999999660 1000000000 1000000000 1000000000
999999659 1000000000 1000000000 1000000000
999999658 1000000000 1000000000 1000000000
999999657 1000000000 1000000000 1000000000
999999656 1000000000 1000000000 1000000000
999999655 1000000000 1000000000 1000000000
999999654 1000000000 1000000000 1000000000
999999653 1000000000 1000000000 1000000000
999999652 1000000000 1000000000 1000000000
999999651 1000000000 1000000000 1000000000
999999650 1000000000 1000000000 1000000000
999999649 1000000000 1000000000 1000000000
999999648 1000000000 1000000000 1000000000
999999647 1000000000 1000000000 1000000000
999999646 1000000000 1000000000 1000000000
999999645 1000000000 1000000000 1000000000
999999644 1000000000 1000000000 1000000000
999999643 1000000000 1000000000 1000000000
999999642 1000000000 1000000000 1000000000
999999641 1000000000 1000000000 1000000000
999999640 1000000000 1000000000 1000000000
999999639 1000000000 1000000000 1000000000
999999638 1000000000 1000000000 1000000000
999999637 1000000000 1000000000 1000000000
999999636 1000000000 1000000000 1000000000
999999635 1000000000 1000000000 1000000000
999999634 1000000000 1000000000 1000000000
999999633 1000000000 1000000000 1000000000
999999632 1000000000 1000000000 1000000000
999999631 1000000000 1000000000 1000000000
999999630 1000000000 1000000000 1000000000
999999629 1000000000 1000000000 1000000000
999999628 1000000000 1000000000 1000000000
999999627 1000000000 1000000000 1000000000
999999626 1000000000 1000000000 1000000000
999999625 1000000000 1000000000 1000000000
999999624 1000000000 1000000000 1000000000
999999623 1000000000 1000000000 1000000000
999999622 1000000000 1000000000 1000000000
999999621 1000000000 1000000000 1000000000
999999620 1000000000 1000000000 1000000000
999999619 1000000000 1000000000 1000000000
999999618 1000000000 1000000000 1000000000
999999617 1000000000 1000000000 1000000000
999999616 1000000000 1000000000 1000000000
999999615 1000000000 1000000000 1000000000
999999614 1000000000 1000000000 1000000000
999999613 1000000000 1000000000 1000000000
999999612 1000000000 1000000000 1000000000
999999611 1000000000 1000000000 1000000000
999999610 1000000000 1000000000 1000000000
999999609 1000000000 1000000000 1000000000
999999608 1000000000 1000000000 1000000000
999999607 1000000000 1000000000 1000000000
999999606 1000000000 1000000000 1000000000
999999605 1000000000 1000000000 1000000000
999999604 1000000000 1000000000 1000000000
999999603 1000000000 1000000000 1000000000
999999602 1000000000 1000000000 1000000000
999999601 1000000000 1000000000 1000000000
999999600 1000000000 1000000000 1000000000
999999599 1000000000 1000000000 1000000000
999999598 1000000000 1000000000 1000000000
999999597 1000000000 1000000000 1000000000
999999596 1000000000 1000000000 1000000000
999999595 1000000000 1000000000 1000000000
999999594 1000000000 1000000000 1000000000
999999593 1000000000 1000000000 1000000000
999999592 1000000000 1000000000 1000000000
999999591 1000000000 1000000000 1000000000
999999590 1000000000 1000000000 1000000000
999999589 1000000000 1000000000 1000000000
999999588 1000000000 1000000000 1000000000
999999587 1000000000 1000000000 1000000000
999999586 1000000000 1000000000 1000000000
999999585 1000000000 1000000000 1000000000
999999584 1000000000 1000000000 1000000000
999999583 1000000000 1000000000 1000000000
999999582 1000000000 1000000000 1000000000
999999581 1000000000 1000000000 1000000000
999999580 1000000000 1000000000 1000000000
999999579 1000000000 1000000000 1000000000
999999578 1000000000 1000000000 1000000000
999999577 1000000000 1000000000 1000000000
999999576 1000000000 1000000000 1000000000
999999575 1000000000 1000000000 1000000000
999999574 1000000000 1000000000 1000000000
999999573 1000000000 1000000000 1000000000
999999572 1000000000 1000000000 1000000000
999999571 1000000000 1000000000 1000000000
999999570 1000000000 1000000000 1000000000
999999569 1000000000 1000000000 1000000000
999999568 1000000000 1000000000 1000000000
999999567 1000000000 1000000000 1000000000
999999566 1000000000 1000000000 1000000000
999999565 1000000000 1000000000 1000000000
999999564 1000000000 1000000000 1000000000
999999563 1000000000 1000000000 1000000000
999999562 1000000000 1000000000 1000000000
999999561 1000000000 1000000000 1000000000
999999560 1000000000 1000000000 1000000000
999999559 1000000000 1000000000 1000000000
999999558 1000000000 1000000000 1000000000
999999557 1000000000 1000000000 1000000000
999999556 1000000000 1000000000 1000000000
999999555 1000000000 1000000000 1000000000
999999554 1000000000 1000000000 1000000000
999999553 1000000000 1000000000 1000000000
999999552 1000000000 1000000000 1000000000
999999551 1000000000 1000000000 1000000000
999999550 1000000000 1000000000 1000000000
999999549 1000000000 1000000000 1000000000
999999548 1000000000 1000000000 1000000000
999999547 1000000000 1000000000 1000000000
999999546 1000000000 1000000000 1000000000
999999545 1000000000 1000000000 1000000000
999999544 1000000000 1000000000 1000000000
999999543 1000000000 1000000000 1000000000
999999542 1000000000 1000000000 1000000000
999999541 1000000000 1000000000 1000000000
999999540 1000000000 1000000000 1000000000
999999539 1000000000 1000000000 1000000000
999999538 1000000000 1000000000 1000000000
999999537 1000000000 1000000000 1000000000
999999536 1000000000 1000000000 1000000000
999999535 1000000000 1000000000 1000000000
999999534 1000000000 1000000000 1000000000
999999533 1000000000 1000000000 1000000000
999999532 1000000000 1000000000 1000000000
999999531 1000000000 1000000000 1000000000
999999530 1000000000 1000000000 1000000000
999999529 1000000000 1000000000 1000000000
999999528 1000000000 1000000000 1000000000
999999527 1000000000 1000000000 1000000000
999999526 1000000000 1000000000 1000000000
999999525 1000000000 1000000000 1000000000
999999524 1000000000 1000000000 1000000000
999999523 1000000000 1000000000 1000000000
999999522 1000000000 1000000000 1000000000
999999521 1000000000 1000000000 1000000000
999999520 1000000000 1000000000 1000000000
999999519 1000000000 1000000000 1000000000
999999518 1000000000 1000000000 1000000000
999999517 1000000000 1000000000 1000000000
999999516 1000000000 1000000000 1000000000
999999515 1000000000 1000000000 1000000000
999999514 1000000000 1000000000 1000000000
999999513 1000000000 1000000000 1000000000
999999512 1000000000 1000000000 1000000000
999999511 1000000000 1000000000 1000000000
999999510 1000000000 1000000000 1000000000
999999509 1000000000 1000000000 1000000000
999999508 1000000000 1000000000 1000000000
999999507 1000000000 1000000000 1000000000
999999506 1000000000 1000000000 1000000000
999999505 1000000000 1000000000 1000000000
999999504 1000000000 1000000000 1000000000
999999503 1000000000 1000000000 1000000000
999999502 1000000000 1000000000 1000000000
999999501 1000000000 1000000000 1000000000
999999500 1000000000 1000000000 1000000000
999999499 1000000000 1000000000 1000000000
999999498 1000000000 1000000000 1000000000
999999497 1000000000 1000000000 1000000000
999999496 1000000000 1000000000 1000000000
999999495 1000000000 1000000000 1000000000
999999494 1000000000 1000000000 1000000000
999999493 1000000000 1000000000 1000000000
999999492 1000000000 1000000000 1000000000
999999491 1000000000 1000000000 1000000000
999999490 1000000000 1000000000 1000000000
999999489 1000000000 1000000000 1000000000
999999488 1000000000 1000000000 1000000000
999999487 1000000000 1000000000 1000000000
999999486 1000000000 1000000000 1000000000
999999485 1000000000 1000000000 1000000000
999999484 1000000000 1000000000 1000000000
999999483 1000000000 1000000000 1000000000
999999482 1000000000 1000000000 1000000000
999999481 1000000000 1000000000 1000000000
999999480 1000000000 1000000000 1000000000
999999479 1000000000 1000000000 1000000000
999999478 1000000000 1000000000 1000000000
999999477 1000000000 1000000000 1000000000
999999476 1000000000 1000000000 1000000000
999999475 1000000000 1000000000 1000000000
999999474 1000000000 1000000000 1000000000
999999473 1000000000 1000000000 1000000000
999999472 1000000000 1000000000 1000000000
999999471 1000000000 1000000000 1000000000
999999470 1000000000 1000000000 1000000000
999999469 1000000000 1000000000 1000000000
999999468 1000000000 1000000000 1000000000
999999467 1000000000 1000000000 1000000000
999999466 1000000000 1000000000 1000000000
999999465 1000000000 1000000000 1000000000
999999464 1000000000 1000000000 1000000000
999999463 1000000000 1000000000 1000000000
999999462 1000000000 1000000000 1000000000
999999461 1000000000 1000000000 1000000000
999999460 1000000000 1000000000 1000000000
999999459 1000000000 1000000000 1000000000
999999458 1000000000 1000000000 1000000000
999999457 1000000000 1000000000 1000000000
999999456 1000000000 1000000000 1000000000
999999455 1000000000 1000000000 1000000000
999999454 1000000000 1000000000 1000000000
999999453 1000000000 1000000000 1000000000
999999452 1000000000 1000000000 1000000000
999999451 1000000000 1000000000 1000000000
999999450 1000000000 1000000000 1000000000
999999449 1000000000 1000000000 1000000000
999999448 1000000000 1000000000 1000000000
999999447 1000000000 1000000000 1000000000
999999446 1000000000 1000000000 1000000000
999999445 1000000000 1000000000 1000000000
999999444 1000000000 1000000000 1000000000
999999443 1000000000 1000000000 1000000000
999999442 1000000000 1000000000 1000000000
999999441 1000000000 1000000000 1000000000
999999440 1000000000 1000000000 1000000000
999999439 1000000000 1000000000 1000000000
999999438 1000000000 1000000000 1000000000
999999437 1000000000 1000000000 1000000000
999999436 1000000000 1000000000 1000000000
999999435 1000000000 1000000000 1000000000
999999434 1000000000 1000000000 1000000000
999999433 1000000000 1000000000 1000000000
999999432 1000000000 1000000000 1000000000
999999431 1000000000 1000000000 1000000000
999999430 1000000000 1000000000 1000000000
999999429 1000000000 1000000000 1000000000
999999428 1000000000 1000000000 1000000000
999999427 1000000000 1000000000 1000000000
999999426 1000000000 1000000000 1000000000
999999425 1000000000 1000000000 1000000000
999999424 1000000000 1000000000 1000000000
999999423 1000000000 1000000000 1000000000
999999422 1000000000 1000000000 1000000000
999999421 1000000000 1000000000 1000000000
999999420 1000000000 1000000000 1000000000
999999419 1000000000 1000000000 1000000000
999999418 1000000000 1000000000 1000000000
999999417 1000000000 1000000000 1000000000
999999416 1000000000 1000000000 1000000000
999999415 1000000000 1000000000 1000000000
999999414 1000000000 1000000000 1000000000
999999413 1000000000 1000000000 1000000000
999999412 1000000000 1000000000 1000000000
999999411 1000000000 1000000000 1000000000
999999410 1000000000 1000000000 1000000000
999999409 1000000000 1000000000 1000000000
999999408 1000000000 1000000000 1000000000
999999407 1000000000 1000000000 1000000000
999999406 1000000000 1000000000 1000000000
999999405 1000000000 1000000000 1000000000
999999404 1000000000 1000000000 1000000000
999999403 1000000000 1000000000 1000000000
999999402 1000000000 1000000000 1000000000
999999401 1000000000 1000000000 1000000000
999999400 1000000000 1000000000 1000000000
999999399 1000000000 1000000000 1000000000
999999398 1000000000 1000000000 1000000000
999999397 1000000000 1000000000 1000000000
999999396 1000000000 1000000000 1000000000
999999395 1000000000 1000000000 1000000000
999999394 1000000000 1000000000 1000000000
999999393 1000000000 1000000000 1000000000
999999392 1000000000 1000000000 1000000000
999999391 1000000000 1000000000 1000000000
999999390 1000000000 1000000000 1000000000
999999389 1000000000 1000000000 1000000000
999999388 1000000000 1000000000 1000000000
999999387 1000000000 1000000000 1000000000
999999386 1000000000 1000000000 1000000000
999999385 1000000000 1000000000 1000000000
999999384 1000000000 1000000000 1000000000
999999383 1000000000 1000000000 1000000000
999999382 1000000000 1000000000 1000000000
999999381 1000000000 1000000000 1000000000
999999380 1000000000 1000000000 1000000000
999999379 1000000000 1000000000 1000000000
999999378 1000000000 1000000000 1000000000
999999377 1000000000 1000000000 1000000000
999999376 1000000000 1000000000 1000000000
999999375 1000000000 1000000000 1000000000
999999374 1000000000 1000000000 1000000000
999999373 1000000000 1000000000 1000000000
999999372 1000000000 1000000000 1000000000
999999371 1000000000 1000000000 1000000000
999999370 1000000000 1000000000 1000000000
999999369 1000000000 1000000000 1000000000
999999368 1000000000 1000000000 1000000000
999999367 1000000000 1000000000 1000000000
999999366 1000000000 1000000000 1000000000
999999365 1000000000 1000000000 1000000000
999999364 1000000000 1000000000 1000000000
999999363 1000000000 1000000000 1000000000
999999362 1000000000 1000000000 1000000000
999999361 1000000000 1000000000 1000000000
999999360 1000000000 1000000000 1000000000
999999359 1000000000 1000000000 1000000000
999999358 1000000000 1000000000 1000000000
999999357 1000000000 1000000000 1000000000
999999356 1000000000 1000000000 1000000000
999999355 1000000000 1000000000 1000000000
999999354 1000000000 1000000000 1000000000
999999353 1000000000 1000000000 1000000000
999999352 1000000000 1000000000 1000000000
999999351 1000000000 1000000000 1000000000
999999350 1000000000 1000000000 1000000000
999999349 1000000000 1000000000 1000000000
999999348 1000000000 1000000000 1000000000
999999347 1000000000 1000000000 1000000000
999999346 1000000000 1000000000 1000000000
999999345 1000000000 1000000000 1000000000
999999344 1000000000 1000000000 1000000000
999999343 1000000000 1000000000 1000000000
999999342 1000000000 1000000000 1000000000
999999341 1000000000 1000000000 1000000000
999999340 1000000000 1000000000 1000000000
999999339 1000000000 1000000000 1000000000
999999338 1000000000 1000000000 1000000000
999999337 1000000000 1000000000 1000000000
999999336 1000000000 1000000000 1000000000
999999335 1000000000 1000000000 1000000000
999999334 1000000000 1000000000 1000000000
999999333 1000000000 1000000000 1000000000
999999332 1000000000 1000000000 1000000000
999999331 1000000000 1000000000 1000000000
999999330 1000000000 1000000000 1000000000
999999329 1000000000 1000000000 1000000000
999999328 1000000000 1000000000 1000000000
999999327 1000000000 1000000000 1000000000
999999326 1000000000 1000000000 1000000000
999999325 1000000000 1000000000 1000000000
999999324 1000000000 1000000000 1000000000
999999323 1000000000 1000000000 1000000000
999999322 1000000000 1000000000 1000000000
999999321 1000000000 1000000000 1000000000
999999320 1000000000 1000000000 1000000000
999999319 1000000000 1000000000 1000000000
999999318 1000000000 1000000000 1000000000
999999317 1000000000 1000000000 1000000000
999999316 1000000000 1000000000 1000000000
999999315 1000000000 1000000000 1000000000
999999314 1000000000 1000000000 1000000000
999999313 1000000000 1000000000 1000000000
999999312 1000000000 1000000000 1000000000
999999311 1000000000 1000000000 1000000000
999999310 1000000000 1000000000 1000000000
999999309 1000000000 1000000000 1000000000
999999308 1000000000 1000000000 1000000000
999999307 1000000000 1000000000 1000000000
999999306 1000000000 1000000000 1000000000
999999305 1000000000 1000000000 1000000000
999999304 1000000000 1000000000 1000000000
999999303 1000000000 1000000000 1000000000
999999302 1000000000 1000000000 1000000000
999999301 1000000000 1000000000 1000000000
999999300 1000000000 1000000000 1000000000
999999299 1000000000 1000000000 1000000000
999999298 1000000000 1000000000 1000000000
999999297 1000000000 1000000000 1000000000
999999296 1000000000 1000000000 1000000000
999999295 1000000000 1000000000 1000000000
999999294 1000000000 1000000000 1000000000
999999293 1000000000 1000000000 1000000000
999999292 1000000000 1000000000 1000000000
999999291 1000000000 1000000000 1000000000
999999290 1000000000 1000000000 1000000000
999999289 1000000000 1000000000 1000000000
999999288 1000000000 1000000000 1000000000
999999287 1000000000 1000000000 1000000000
999999286 1000000000 1000000000 1000000000
999999285 1000000000 1000000000 1000000000
999999284 1000000000 1000000000 1000000000
999999283 1000000000 1000000000 1000000000
999999282 1000000000 1000000000 1000000000
999999281 1000000000 1000000000 1000000000
999999280 1000000000 1000000000 1000000000
999999279 1000000000 1000000000 1000000000
999999278 1000000000 1000000000 1000000000
999999277 1000000000 1000000000 1000000000
999999276 1000000000 1000000000 1000000000
999999275 1000000000 1000000000 1000000000
999999274 1000000000 1000000000 1000000000
999999273 1000000000 1000000000 1000000000
999999272 1000000000 1000000000 1000000000
999999271 1000000000 1000000000 1000000000
999999270 1000000000 1000000000 1000000000
999999269 1000000000 1000000000 1000000000
999999268 1000000000 1000000000 1000000000
999999267 1000000000 1000000000 1000000000
999999266 1000000000 1000000000 1000000000
999999265 1000000000 1000000000 1000000000
999999264 1000000000 1000000000 1000000000
999999263 1000000000 1000000000 1000000000
999999262 1000000000 1000000000 1000000000
999999261 1000000000 1000000000 1000000000
999999260 1000000000 1000000000 1000000000
999999259 1000000000 1000000000 1000000000
999999258 1000000000 1000000000 1000000000
999999257 1000000000 1000000000 1000000000
999999256 1000000000 1000000000 1000000000
999999255 1000000000 1000000000 1000000000
999999254 1000000000 1000000000 1000000000
999999253 1000000000 1000000000 1000000000
999999252 1000000000 1000000000 1000000000
999999251 1000000000 1000000000 1000000000
999999250 1000000000 1000000000 1000000000
999999249 1000000000 1000000000 1000000000
999999248 1000000000 1000000000 1000000000
999999247 1000000000 1000000000 1000000000
999999246 1000000000 1000000000 1000000000
999999245 1000000000 1000000000 1000000000
999999244 1000000000 1000000000 1000000000
999999243 1000000000 1000000000 1000000000
999999242 1000000000 1000000000 1000000000
999999241 1000000000 1000000000 1000000000
999999240 1000000000 1000000000 1000000000
999999239 1000000000 1000000000 1000000000
999999238 1000000000 1000000000 1000000000
999999237 1000000000 1000000000 1000000000
999999236 1000000000 1000000000 1000000000
999999235 1000000000 1000000000 1000000000
999999234 1000000000 1000000000 1000000000
999999233 1000000000 1000000000 1000000000
999999232 1000000000 1000000000 1000000000
999999231 1000000000 1000000000 1000000000
999999230 1000000000 1000000000 1000000000
999999229 1000000000 1000000000 1000000000
999999228 1000000000 1000000000 1000000000
999999227 1000000000 1000000000 1000000000
999999226 1000000000 1000000000 1000000000
999999225 1000000000 1000000000 1000000000
999999224 1000000000 1000000000 1000000000
999999223 1000000000 1000000000 1000000000
999999222 1000000000 1000000000 1000000000
999999221 1000000000 1000000000 1000000000
999999220 1000000000 1000000000 1000000000
999999219 1000000000 1000000000 1000000000
999999218 1000000000 1000000000 1000000000
999999217 1000000000 1000000000 1000000000
999999216 1000000000 1000000000 1000000000
999999215 1000000000 1000000000 1000000000
999999214 1000000000 1000000000 1000000000
999999213 1000000000 1000000000 1000000000
999999212 1000000000 1000000000 1000000000
999999211 1000000000 1000000000 1000000000
999999210 1000000000 1000000000 1000000000
999999209 1000000000 1000000000 1000000000
999999208 1000000000 1000000000 1000000000
999999207 1000000000 1000000000 1000000000
999999206 1000000000 1000000000 1000000000
999999205 1000000000 1000000000 1000000000
999999204 1000000000 1000000000 1000000000
999999203 1000000000 1000000000 1000000000
999999202 1000000000 1000000000 1000000000
999999201 1000000000 1000000000 1000000000
999999200 1000000000 1000000000 1000000000
999999199 1000000000 1000000000 1000000000
999999198 1000000000 1000000000 1000000000
999999197 1000000000 1000000000 1000000000
999999196 1000000000 1000000000 1000000000
999999195 1000000000 1000000000 1000000000
999999194 1000000000 1000000000 1000000000
999999193 1000000000 1000000000 1000000000
999999192 1000000000 1000000000 1000000000
999999191 1000000000 1000000000 1000000000
999999190 1000000000 1000000000 1000000000
999999189 1000000000 1000000000 1000000000
999999188 1000000000 1000000000 1000000000
999999187 1000000000 1000000000 1000000000
999999186 1000000000 1000000000 1000000000
999999185 1000000000 1000000000 1000000000
999999184 1000000000 1000000000 1000000000
999999183 1000000000 1000000000 1000000000
999999182 1000000000 1000000000 1000000000
999999181 1000000000 1000000000 1000000000
999999180 1000000000 1000000000 1000000000
999999179 1000000000 1000000000 1000000000
999999178 1000000000 1000000000 1000000000
999999177 1000000000 1000000000 1000000000
999999176 1000000000 1000000000 1000000000
999999175 1000000000 1000000000 1000000000
999999174 1000000000 1000000000 1000000000
999999173 1000000000 1000000000 1000000000
999999172 1000000000 1000000000 1000000000
999999171 1000000000 1000000000 1000000000
999999170 1000000000 1000000000 1000000000
999999169 1000000000 1000000000 1000000000
999999168 1000000000 1000000000 1000000000
999999167 1000000000 1000000000 1000000000
999999166 1000000000 1000000000 1000000000
999999165 1000000000 1000000000 1000000000
999999164 1000000000 1000000000 1000000000
999999163 1000000000 1000000000 1000000000
999999162 1000000000 1000000000 1000000000
999999161 1000000000 1000000000 1000000000
999999160 1000000000 1000000000 1000000000
999999159 1000000000 1000000000 1000000000
999999158 1000000000 1000000000 1000000000
999999157 1000000000 1000000000 1000000000
999999156 1000000000 1000000000 1000000000
999999155 1000000000 1000000000 1000000000
999999154 1000000000 1000000000 1000000000
999999153 1000000000 1000000000 1000000000
999999152 1000000000 1000000000 1000000000
999999151 1000000000 1000000000 1000000000
999999150 1000000000 1000000000 1000000000
999999149 1000000000 1000000000 1000000000
999999148 1000000000 1000000000 1000000000
999999147 1000000000 1000000000 1000000000
999999146 1000000000 1000000000 1000000000
999999145 1000000000 1000000000 1000000000
999999144 1000000000 1000000000 1000000000
999999143 1000000000 1000000000 1000000000
999999142 1000000000 1000000000 1000000000
999999141 1000000000 1000000000 1000000000
999999140 1000000000 1000000000 1000000000
999999139 1000000000 1000000000 1000000000
999999138 1000000000 1000000000 1000000000
999999137 1000000000 1000000000 1000000000
999999136 1000000000 1000000000 1000000000
999999135 1000000000 1000000000 1000000000
999999134 1000000000 1000000000 1000000000
999999133 1000000000 1000000000 1000000000
999999132 1000000000 1000000000 1000000000
999999131 1000000000 1000000000 1000000000
999999130 1000000000 1000000000 1000000000
999999129 1000000000 1000000000 1000000000
999999128 1000000000 1000000000 1000000000
999999127 1000000000 1000000000 1000000000
999999126 1000000000 1000000000 1000000000
999999125 1000000000 1000000000 1000000000
999999124 1000000000 1000000000 1000000000
999999123 1000000000 1000000000 1000000000
999999122 1000000000 1000000000 1000000000
999999121 1000000000 1000000000 1000000000
999999120 1000000000 1000000000 1000000000
999999119 1000000000 1000000000 1000000000
999999118 1000000000 1000000000 1000000000
999999117 1000000000 1000000000 1000000000
999999116 1000000000 1000000000 1000000000
999999115 1000000000 1000000000 1000000000
999999114 1000000000 1000000000 1000000000
999999113 1000000000 1000000000 1000000000
999999112 1000000000 1000000000 1000000000
999999111 1000000000 1000000000 1000000000
999999110 1000000000 1000000000 1000000000
999999109 1000000000 1000000000 1000000000
999999108 1000000000 1000000000 1000000000
999999107 1000000000 1000000000 1000000000
999999106 1000000000 1000000000 1000000000
999999105 1000000000 1000000000 1000000000
999999104 1000000000 1000000000 1000000000
999999103 1000000000 1000000000 1000000000
999999102 1000000000 1000000000 1000000000
999999101 1000000000 1000000000 1000000000
999999100 1000000000 1000000000 1000000000
999999099 1000000000 1000000000 1000000000
999999098 1000000000 1000000000 1000000000
999999097 1000000000 1000000000 1000000000
999999096 1000000000 1000000000 1000000000
999999095 1000000000 1000000000 1000000000
999999094 1000000000 1000000000 1000000000
999999093 1000000000 1000000000 1000000000
999999092 1000000000 1000000000 1000000000
999999091 1000000000 1000000000 1000000000
999999090 1000000000 1000000000 1000000000
999999089 1000000000 1000000000 1000000000
999999088 1000000000 1000000000 1000000000
999999087 1000000000 1000000000 1000000000
999999086 1000000000 1000000000 1000000000
999999085 1000000000 1000000000 1000000000
999999084 1000000000 1000000000 1000000000
999999083 1000000000 1000000000 1000000000
999999082 1000000000 1000000000 1000000000
999999081 1000000000 1000000000 1000000000
999999080 1000000000 1000000000 1000000000
999999079 1000000000 1000000000 1000000000
999999078 1000000000 1000000000 1000000000
999999077 1000000000 1000000000 1000000000
999999076 1000000000 1000000000 1000000000
999999075 1000000000 1000000000 1000000000
999999074 1000000000 1000000000 1000000000
999999073 1000000000 1000000000 1000000000
999999072 1000000000 1000000000 1000000000
999999071 1000000000 1000000000 1000000000
999999070 1000000000 1000000000 1000000000
999999069 1000000000 1000000000 1000000000
999999068 1000000000 1000000000 1000000000
999999067 1000000000 1000000000 1000000000
999999066 1000000000 1000000000 1000000000
999999065 1000000000 1000000000 1000000000
999999064 1000000000 1000000000 1000000000
999999063 1000000000 1000000000 1000000000
999999062 1000000000 1000000000 1000000000
999999061 1000000000 1000000000 1000000000
999999060 1000000000 1000000000 1000000000
999999059 1000000000 1000000000 1000000000
999999058 1000000000 1000000000 1000000000
999999057 1000000000 1000000000 1000000000
999999056 1000000000 1000000000 1000000000
999999055 1000000000 1000000000 1000000000
999999054 1000000000 1000000000 1000000000
999999053 1000000000 1000000000 1000000000
999999052 1000000000 1000000000 1000000000
999999051 1000000000 1000000000 1000000000
999999050 1000000000 1000000000 1000000000
999999049 1000000000 1000000000 1000000000
999999048 1000000000 1000000000 1000000000
999999047 1000000000 1000000000 1000000000
999999046 1000000000 1000000000 1000000000
999999045 1000000000 1000000000 1000000000
999999044 1000000000 1000000000 1000000000
999999043 1000000000 1000000000 1000000000
999999042 1000000000 1000000000 1000000000
999999041 1000000000 1000000000 1000000000
999999040 1000000000 1000000000 1000000000
999999039 1000000000 1000000000 1000000000
999999038 1000000000 1000000000 1000000000
999999037 1000000000 1000000000 1000000000
999999036 1000000000 1000000000 1000000000
999999035 1000000000 1000000000 1000000000
999999034 1000000000 1000000000 1000000000
999999033 1000000000 1000000000 1000000000
999999032 1000000000 1000000000 1000000000
999999031 1000000000 1000000000 1000000000
999999030 1000000000 1000000000 1000000000
999999029 1000000000 1000000000 1000000000
999999028 1000000000 1000000000 1000000000
999999027 1000000000 1000000000 1000000000
999999026 1000000000 1000000000 1000000000
999999025 1000000000 1000000000 1000000000
999999024 1000000000 1000000000 1000000000
999999023 1000000000 1000000000 1000000000
999999022 1000000000 1000000000 1000000000
999999021 1000000000 1000000000 1000000000
999999020 1000000000 1000000000 1000000000
999999019 1000000000 1000000000 1000000000
999999018 1000000000 1000000000 1000000000
999999017 1000000000 1000000000 1000000000
999999016 1000000000 1000000000 1000000000
999999015 1000000000 1000000000 1000000000
999999014 1000000000 1000000000 1000000000
999999013 1000000000 1000000000 1000000000
999999012 1000000000 1000000000 1000000000
999999011 1000000000 1000000000 1000000000
999999010 1000000000 1000000000 1000000000
999999009 1000000000 1000000000 1000000000
999999008 1000000000 1000000000 1000000000
999999007 1000000000 1000000000 1000000000
999999006 1000000000 1000000000 1000000000
999999005 1000000000 1000000000 1000000000
999999004 1000000000 1000000000 1000000000
999999003 1000000000 1000000000 1000000000
999999002 1000000000 1000000000 1000000000
999999001 1000000000 1000000000 1000000000
999999000 1000000000 1000000000 1000000000
