1000 1000000000
999999000 1 1000000000 1000000000
999999001 1 1000000000 1000000000
999999002 1 1000000000 1000000000
999999003 1 1000000000 1000000000
999999004 1 1000000000 1000000000
999999005 1 1000000000 1000000000
999999006 1 1000000000 1000000000
999999007 1 1000000000 1000000000
999999008 1 1000000000 1000000000
999999009 1 1000000000 1000000000
999999010 1 1000000000 1000000000
999999011 1 1000000000 1000000000
999999012 1 1000000000 1000000000
999999013 1 1000000000 1000000000
999999014 1 1000000000 1000000000
999999015 1 1000000000 1000000000
999999016 1 1000000000 1000000000
999999017 1 1000000000 1000000000
999999018 1 1000000000 1000000000
999999019 1 1000000000 1000000000
999999020 1 1000000000 1000000000
999999021 1 1000000000 1000000000
999999022 1 1000000000 1000000000
999999023 1 1000000000 1000000000
999999024 1 1000000000 1000000000
999999025 1 1000000000 1000000000
999999026 1 1000000000 1000000000
999999027 1 1000000000 1000000000
999999028 1 1000000000 1000000000
999999029 1 1000000000 1000000000
999999030 1 1000000000 1000000000
999999031 1 1000000000 1000000000
999999032 1 1000000000 1000000000
999999033 1 1000000000 1000000000
999999034 1 1000000000 1000000000
999999035 1 1000000000 1000000000
999999036 1 1000000000 1000000000
999999037 1 1000000000 1000000000
999999038 1 1000000000 1000000000
999999039 1 1000000000 1000000000
999999040 1 1000000000 1000000000
999999041 1 1000000000 1000000000
999999042 1 1000000000 1000000000
999999043 1 1000000000 1000000000
999999044 1 1000000000 1000000000
999999045 1 1000000000 1000000000
999999046 1 1000000000 1000000000
999999047 1 1000000000 1000000000
999999048 1 1000000000 1000000000
999999049 1 1000000000 1000000000
999999050 1 1000000000 1000000000
999999051 1 1000000000 1000000000
999999052 1 1000000000 1000000000
999999053 1 1000000000 1000000000
999999054 1 1000000000 1000000000
999999055 1 1000000000 1000000000
999999056 1 1000000000 1000000000
999999057 1 1000000000 1000000000
999999058 1 1000000000 1000000000
999999059 1 1000000000 1000000000
999999060 1 1000000000 1000000000
999999061 1 1000000000 1000000000
999999062 1 1000000000 1000000000
999999063 1 1000000000 1000000000
999999064 1 1000000000 1000000000
999999065 1 1000000000 1000000000
999999066 1 1000000000 1000000000
999999067 1 1000000000 1000000000
999999068 1 1000000000 1000000000
999999069 1 1000000000 1000000000
999999070 1 1000000000 1000000000
999999071 1 1000000000 1000000000
999999072 1 1000000000 1000000000
999999073 1 1000000000 1000000000
999999074 1 1000000000 1000000000
999999075 1 1000000000 1000000000
999999076 1 1000000000 1000000000
999999077 1 1000000000 1000000000
999999078 1 1000000000 1000000000
999999079 1 1000000000 1000000000
999999080 1 1000000000 1000000000
999999081 1 1000000000 1000000000
999999082 1 1000000000 1000000000
999999083 1 1000000000 1000000000
999999084 1 1000000000 1000000000
999999085 1 1000000000 1000000000
999999086 1 1000000000 1000000000
999999087 1 1000000000 1000000000
999999088 1 1000000000 1000000000
999999089 1 1000000000 1000000000
999999090 1 1000000000 1000000000
999999091 1 1000000000 1000000000
999999092 1 1000000000 1000000000
999999093 1 1000000000 1000000000
999999094 1 1000000000 1000000000
999999095 1 1000000000 1000000000
999999096 1 1000000000 1000000000
999999097 1 1000000000 1000000000
999999098 1 1000000000 1000000000
999999099 1 1000000000 1000000000
999999100 1 1000000000 1000000000
999999101 1 1000000000 1000000000
999999102 1 1000000000 1000000000
999999103 1 1000000000 1000000000
999999104 1 1000000000 1000000000
999999105 1 1000000000 1000000000
999999106 1 1000000000 1000000000
999999107 1 1000000000 1000000000
999999108 1 1000000000 1000000000
999999109 1 1000000000 1000000000
999999110 1 1000000000 1000000000
999999111 1 1000000000 1000000000
999999112 1 1000000000 1000000000
999999113 1 1000000000 1000000000
999999114 1 1000000000 1000000000
999999115 1 1000000000 1000000000
999999116 1 1000000000 1000000000
999999117 1 1000000000 1000000000
999999118 1 1000000000 1000000000
999999119 1 1000000000 1000000000
999999120 1 1000000000 1000000000
999999121 1 1000000000 1000000000
999999122 1 1000000000 1000000000
999999123 1 1000000000 1000000000
999999124 1 1000000000 1000000000
999999125 1 1000000000 1000000000
999999126 1 1000000000 1000000000
999999127 1 1000000000 1000000000
999999128 1 1000000000 1000000000
999999129 1 1000000000 1000000000
999999130 1 1000000000 1000000000
999999131 1 1000000000 1000000000
999999132 1 1000000000 1000000000
999999133 1 1000000000 1000000000
999999134 1 1000000000 1000000000
999999135 1 1000000000 1000000000
999999136 1 1000000000 1000000000
999999137 1 1000000000 1000000000
999999138 1 1000000000 1000000000
999999139 1 1000000000 1000000000
999999140 1 1000000000 1000000000
999999141 1 1000000000 1000000000
999999142 1 1000000000 1000000000
999999143 1 1000000000 1000000000
999999144 1 1000000000 1000000000
999999145 1 1000000000 1000000000
999999146 1 1000000000 1000000000
999999147 1 1000000000 1000000000
999999148 1 1000000000 1000000000
999999149 1 1000000000 1000000000
999999150 1 1000000000 1000000000
999999151 1 1000000000 1000000000
999999152 1 1000000000 1000000000
999999153 1 1000000000 1000000000
999999154 1 1000000000 1000000000
999999155 1 1000000000 1000000000
999999156 1 1000000000 1000000000
999999157 1 1000000000 1000000000
999999158 1 1000000000 1000000000
999999159 1 1000000000 1000000000
999999160 1 1000000000 1000000000
999999161 1 1000000000 1000000000
999999162 1 1000000000 1000000000
999999163 1 1000000000 1000000000
999999164 1 1000000000 1000000000
999999165 1 1000000000 1000000000
999999166 1 1000000000 1000000000
999999167 1 1000000000 1000000000
999999168 1 1000000000 1000000000
999999169 1 1000000000 1000000000
999999170 1 1000000000 1000000000
999999171 1 1000000000 1000000000
999999172 1 1000000000 1000000000
999999173 1 1000000000 1000000000
999999174 1 1000000000 1000000000
999999175 1 1000000000 1000000000
999999176 1 1000000000 1000000000
999999177 1 1000000000 1000000000
999999178 1 1000000000 1000000000
999999179 1 1000000000 1000000000
999999180 1 1000000000 1000000000
999999181 1 1000000000 1000000000
999999182 1 1000000000 1000000000
999999183 1 1000000000 1000000000
999999184 1 1000000000 1000000000
999999185 1 1000000000 1000000000
999999186 1 1000000000 1000000000
999999187 1 1000000000 1000000000
999999188 1 1000000000 1000000000
999999189 1 1000000000 1000000000
999999190 1 1000000000 1000000000
999999191 1 1000000000 1000000000
999999192 1 1000000000 1000000000
999999193 1 1000000000 1000000000
999999194 1 1000000000 1000000000
999999195 1 1000000000 1000000000
999999196 1 1000000000 1000000000
999999197 1 1000000000 1000000000
999999198 1 1000000000 1000000000
999999199 1 1000000000 1000000000
999999200 1 1000000000 1000000000
999999201 1 1000000000 1000000000
999999202 1 1000000000 1000000000
999999203 1 1000000000 1000000000
999999204 1 1000000000 1000000000
999999205 1 1000000000 1000000000
999999206 1 1000000000 1000000000
999999207 1 1000000000 1000000000
999999208 1 1000000000 1000000000
999999209 1 1000000000 1000000000
999999210 1 1000000000 1000000000
999999211 1 1000000000 1000000000
999999212 1 1000000000 1000000000
999999213 1 1000000000 1000000000
999999214 1 1000000000 1000000000
999999215 1 1000000000 1000000000
999999216 1 1000000000 1000000000
999999217 1 1000000000 1000000000
999999218 1 1000000000 1000000000
999999219 1 1000000000 1000000000
999999220 1 1000000000 1000000000
999999221 1 1000000000 1000000000
999999222 1 1000000000 1000000000
999999223 1 1000000000 1000000000
999999224 1 1000000000 1000000000
999999225 1 1000000000 1000000000
999999226 1 1000000000 1000000000
999999227 1 1000000000 1000000000
999999228 1 1000000000 1000000000
999999229 1 1000000000 1000000000
999999230 1 1000000000 1000000000
999999231 1 1000000000 1000000000
999999232 1 1000000000 1000000000
999999233 1 1000000000 1000000000
999999234 1 1000000000 1000000000
999999235 1 1000000000 1000000000
999999236 1 1000000000 1000000000
999999237 1 1000000000 1000000000
999999238 1 1000000000 1000000000
999999239 1 1000000000 1000000000
999999240 1 1000000000 1000000000
999999241 1 1000000000 1000000000
999999242 1 1000000000 1000000000
999999243 1 1000000000 1000000000
999999244 1 1000000000 1000000000
999999245 1 1000000000 1000000000
999999246 1 1000000000 1000000000
999999247 1 1000000000 1000000000
999999248 1 1000000000 1000000000
999999249 1 1000000000 1000000000
999999250 1 1000000000 1000000000
999999251 1 1000000000 1000000000
999999252 1 1000000000 1000000000
999999253 1 1000000000 1000000000
999999254 1 1000000000 1000000000
999999255 1 1000000000 1000000000
999999256 1 1000000000 1000000000
999999257 1 1000000000 1000000000
999999258 1 1000000000 1000000000
999999259 1 1000000000 1000000000
999999260 1 1000000000 1000000000
999999261 1 1000000000 1000000000
999999262 1 1000000000 1000000000
999999263 1 1000000000 1000000000
999999264 1 1000000000 1000000000
999999265 1 1000000000 1000000000
999999266 1 1000000000 1000000000
999999267 1 1000000000 1000000000
999999268 1 1000000000 1000000000
999999269 1 1000000000 1000000000
999999270 1 1000000000 1000000000
999999271 1 1000000000 1000000000
999999272 1 1000000000 1000000000
999999273 1 1000000000 1000000000
999999274 1 1000000000 1000000000
999999275 1 1000000000 1000000000
999999276 1 1000000000 1000000000
999999277 1 1000000000 1000000000
999999278 1 1000000000 1000000000
999999279 1 1000000000 1000000000
999999280 1 1000000000 1000000000
999999281 1 1000000000 1000000000
999999282 1 1000000000 1000000000
999999283 1 1000000000 1000000000
999999284 1 1000000000 1000000000
999999285 1 1000000000 1000000000
999999286 1 1000000000 1000000000
999999287 1 1000000000 1000000000
999999288 1 1000000000 1000000000
999999289 1 1000000000 1000000000
999999290 1 1000000000 1000000000
999999291 1 1000000000 1000000000
999999292 1 1000000000 1000000000
999999293 1 1000000000 1000000000
999999294 1 1000000000 1000000000
999999295 1 1000000000 1000000000
999999296 1 1000000000 1000000000
999999297 1 1000000000 1000000000
999999298 1 1000000000 1000000000
999999299 1 1000000000 1000000000
999999300 1 1000000000 1000000000
999999301 1 1000000000 1000000000
999999302 1 1000000000 1000000000
999999303 1 1000000000 1000000000
999999304 1 1000000000 1000000000
999999305 1 1000000000 1000000000
999999306 1 1000000000 1000000000
999999307 1 1000000000 1000000000
999999308 1 1000000000 1000000000
999999309 1 1000000000 1000000000
999999310 1 1000000000 1000000000
999999311 1 1000000000 1000000000
999999312 1 1000000000 1000000000
999999313 1 1000000000 1000000000
999999314 1 1000000000 1000000000
999999315 1 1000000000 1000000000
999999316 1 1000000000 1000000000
999999317 1 1000000000 1000000000
999999318 1 1000000000 1000000000
999999319 1 1000000000 1000000000
999999320 1 1000000000 1000000000
999999321 1 1000000000 1000000000
999999322 1 1000000000 1000000000
999999323 1 1000000000 1000000000
999999324 1 1000000000 1000000000
999999325 1 1000000000 1000000000
999999326 1 1000000000 1000000000
999999327 1 1000000000 1000000000
999999328 1 1000000000 1000000000
999999329 1 1000000000 1000000000
999999330 1 1000000000 1000000000
999999331 1 1000000000 1000000000
999999332 1 1000000000 1000000000
999999333 1 1000000000 1000000000
999999334 1 1000000000 1000000000
999999335 1 1000000000 1000000000
999999336 1 1000000000 1000000000
999999337 1 1000000000 1000000000
999999338 1 1000000000 1000000000
999999339 1 1000000000 1000000000
999999340 1 1000000000 1000000000
999999341 1 1000000000 1000000000
999999342 1 1000000000 1000000000
999999343 1 1000000000 1000000000
999999344 1 1000000000 1000000000
999999345 1 1000000000 1000000000
999999346 1 1000000000 1000000000
999999347 1 1000000000 1000000000
999999348 1 1000000000 1000000000
999999349 1 1000000000 1000000000
999999350 1 1000000000 1000000000
999999351 1 1000000000 1000000000
999999352 1 1000000000 1000000000
999999353 1 1000000000 1000000000
999999354 1 1000000000 1000000000
999999355 1 1000000000 1000000000
999999356 1 1000000000 1000000000
999999357 1 1000000000 1000000000
999999358 1 1000000000 1000000000
999999359 1 1000000000 1000000000
999999360 1 1000000000 1000000000
999999361 1 1000000000 1000000000
999999362 1 1000000000 1000000000
999999363 1 1000000000 1000000000
999999364 1 1000000000 1000000000
999999365 1 1000000000 1000000000
999999366 1 1000000000 1000000000
999999367 1 1000000000 1000000000
999999368 1 1000000000 1000000000
999999369 1 1000000000 1000000000
999999370 1 1000000000 1000000000
999999371 1 1000000000 1000000000
999999372 1 1000000000 1000000000
999999373 1 1000000000 1000000000
999999374 1 1000000000 1000000000
999999375 1 1000000000 1000000000
999999376 1 1000000000 1000000000
999999377 1 1000000000 1000000000
999999378 1 1000000000 1000000000
999999379 1 1000000000 1000000000
999999380 1 1000000000 1000000000
999999381 1 1000000000 1000000000
999999382 1 1000000000 1000000000
999999383 1 1000000000 1000000000
999999384 1 1000000000 1000000000
999999385 1 1000000000 1000000000
999999386 1 1000000000 1000000000
999999387 1 1000000000 1000000000
999999388 1 1000000000 1000000000
999999389 1 1000000000 1000000000
999999390 1 1000000000 1000000000
999999391 1 1000000000 1000000000
999999392 1 1000000000 1000000000
999999393 1 1000000000 1000000000
999999394 1 1000000000 1000000000
999999395 1 1000000000 1000000000
999999396 1 1000000000 1000000000
999999397 1 1000000000 1000000000
999999398 1 1000000000 1000000000
999999399 1 1000000000 1000000000
999999400 1 1000000000 1000000000
999999401 1 1000000000 1000000000
999999402 1 1000000000 1000000000
999999403 1 1000000000 1000000000
999999404 1 1000000000 1000000000
999999405 1 1000000000 1000000000
999999406 1 1000000000 1000000000
999999407 1 1000000000 1000000000
999999408 1 1000000000 1000000000
999999409 1 1000000000 1000000000
999999410 1 1000000000 1000000000
999999411 1 1000000000 1000000000
999999412 1 1000000000 1000000000
999999413 1 1000000000 1000000000
999999414 1 1000000000 1000000000
999999415 1 1000000000 1000000000
999999416 1 1000000000 1000000000
999999417 1 1000000000 1000000000
999999418 1 1000000000 1000000000
999999419 1 1000000000 1000000000
999999420 1 1000000000 1000000000
999999421 1 1000000000 1000000000
999999422 1 1000000000 1000000000
999999423 1 1000000000 1000000000
999999424 1 1000000000 1000000000
999999425 1 1000000000 1000000000
999999426 1 1000000000 1000000000
999999427 1 1000000000 1000000000
999999428 1 1000000000 1000000000
999999429 1 1000000000 1000000000
999999430 1 1000000000 1000000000
999999431 1 1000000000 1000000000
999999432 1 1000000000 1000000000
999999433 1 1000000000 1000000000
999999434 1 1000000000 1000000000
999999435 1 1000000000 1000000000
999999436 1 1000000000 1000000000
999999437 1 1000000000 1000000000
999999438 1 1000000000 1000000000
999999439 1 1000000000 1000000000
999999440 1 1000000000 1000000000
999999441 1 1000000000 1000000000
999999442 1 1000000000 1000000000
999999443 1 1000000000 1000000000
999999444 1 1000000000 1000000000
999999445 1 1000000000 1000000000
999999446 1 1000000000 1000000000
999999447 1 1000000000 1000000000
999999448 1 1000000000 1000000000
999999449 1 1000000000 1000000000
999999450 1 1000000000 1000000000
999999451 1 1000000000 1000000000
999999452 1 1000000000 1000000000
999999453 1 1000000000 1000000000
999999454 1 1000000000 1000000000
999999455 1 1000000000 1000000000
999999456 1 1000000000 1000000000
999999457 1 1000000000 1000000000
999999458 1 1000000000 1000000000
999999459 1 1000000000 1000000000
999999460 1 1000000000 1000000000
999999461 1 1000000000 1000000000
999999462 1 1000000000 1000000000
999999463 1 1000000000 1000000000
999999464 1 1000000000 1000000000
999999465 1 1000000000 1000000000
999999466 1 1000000000 1000000000
999999467 1 1000000000 1000000000
999999468 1 1000000000 1000000000
999999469 1 1000000000 1000000000
999999470 1 1000000000 1000000000
999999471 1 1000000000 1000000000
999999472 1 1000000000 1000000000
999999473 1 1000000000 1000000000
999999474 1 1000000000 1000000000
999999475 1 1000000000 1000000000
999999476 1 1000000000 1000000000
999999477 1 1000000000 1000000000
999999478 1 1000000000 1000000000
999999479 1 1000000000 1000000000
999999480 1 1000000000 1000000000
999999481 1 1000000000 1000000000
999999482 1 1000000000 1000000000
999999483 1 1000000000 1000000000
999999484 1 1000000000 1000000000
999999485 1 1000000000 1000000000
999999486 1 1000000000 1000000000
999999487 1 1000000000 1000000000
999999488 1 1000000000 1000000000
999999489 1 1000000000 1000000000
999999490 1 1000000000 1000000000
999999491 1 1000000000 1000000000
999999492 1 1000000000 1000000000
999999493 1 1000000000 1000000000
999999494 1 1000000000 1000000000
999999495 1 1000000000 1000000000
999999496 1 1000000000 1000000000
999999497 1 1000000000 1000000000
999999498 1 1000000000 1000000000
999999499 1 1000000000 1000000000
999999500 1 1000000000 1000000000
999999501 1 1000000000 1000000000
999999502 1 1000000000 1000000000
999999503 1 1000000000 1000000000
999999504 1 1000000000 1000000000
999999505 1 1000000000 1000000000
999999506 1 1000000000 1000000000
999999507 1 1000000000 1000000000
999999508 1 1000000000 1000000000
999999509 1 1000000000 1000000000
999999510 1 1000000000 1000000000
999999511 1 1000000000 1000000000
999999512 1 1000000000 1000000000
999999513 1 1000000000 1000000000
999999514 1 1000000000 1000000000
999999515 1 1000000000 1000000000
999999516 1 1000000000 1000000000
999999517 1 1000000000 1000000000
999999518 1 1000000000 1000000000
999999519 1 1000000000 1000000000
999999520 1 1000000000 1000000000
999999521 1 1000000000 1000000000
999999522 1 1000000000 1000000000
999999523 1 1000000000 1000000000
999999524 1 1000000000 1000000000
999999525 1 1000000000 1000000000
999999526 1 1000000000 1000000000
999999527 1 1000000000 1000000000
999999528 1 1000000000 1000000000
999999529 1 1000000000 1000000000
999999530 1 1000000000 1000000000
999999531 1 1000000000 1000000000
999999532 1 1000000000 1000000000
999999533 1 1000000000 1000000000
999999534 1 1000000000 1000000000
999999535 1 1000000000 1000000000
999999536 1 1000000000 1000000000
999999537 1 1000000000 1000000000
999999538 1 1000000000 1000000000
999999539 1 1000000000 1000000000
999999540 1 1000000000 1000000000
999999541 1 1000000000 1000000000
999999542 1 1000000000 1000000000
999999543 1 1000000000 1000000000
999999544 1 1000000000 1000000000
999999545 1 1000000000 1000000000
999999546 1 1000000000 1000000000
999999547 1 1000000000 1000000000
999999548 1 1000000000 1000000000
999999549 1 1000000000 1000000000
999999550 1 1000000000 1000000000
999999551 1 1000000000 1000000000
999999552 1 1000000000 1000000000
999999553 1 1000000000 1000000000
999999554 1 1000000000 1000000000
999999555 1 1000000000 1000000000
999999556 1 1000000000 1000000000
999999557 1 1000000000 1000000000
999999558 1 1000000000 1000000000
999999559 1 1000000000 1000000000
999999560 1 1000000000 1000000000
999999561 1 1000000000 1000000000
999999562 1 1000000000 1000000000
999999563 1 1000000000 1000000000
999999564 1 1000000000 1000000000
999999565 1 1000000000 1000000000
999999566 1 1000000000 1000000000
999999567 1 1000000000 1000000000
999999568 1 1000000000 1000000000
999999569 1 1000000000 1000000000
999999570 1 1000000000 1000000000
999999571 1 1000000000 1000000000
999999572 1 1000000000 1000000000
999999573 1 1000000000 1000000000
999999574 1 1000000000 1000000000
999999575 1 1000000000 1000000000
999999576 1 1000000000 1000000000
999999577 1 1000000000 1000000000
999999578 1 1000000000 1000000000
999999579 1 1000000000 1000000000
999999580 1 1000000000 1000000000
999999581 1 1000000000 1000000000
999999582 1 1000000000 1000000000
999999583 1 1000000000 1000000000
999999584 1 1000000000 1000000000
999999585 1 1000000000 1000000000
999999586 1 1000000000 1000000000
999999587 1 1000000000 1000000000
999999588 1 1000000000 1000000000
999999589 1 1000000000 1000000000
999999590 1 1000000000 1000000000
999999591 1 1000000000 1000000000
999999592 1 1000000000 1000000000
999999593 1 1000000000 1000000000
999999594 1 1000000000 1000000000
999999595 1 1000000000 1000000000
999999596 1 1000000000 1000000000
999999597 1 1000000000 1000000000
999999598 1 1000000000 1000000000
999999599 1 1000000000 1000000000
999999600 1 1000000000 1000000000
999999601 1 1000000000 1000000000
999999602 1 1000000000 1000000000
999999603 1 1000000000 1000000000
999999604 1 1000000000 1000000000
999999605 1 1000000000 1000000000
999999606 1 1000000000 1000000000
999999607 1 1000000000 1000000000
999999608 1 1000000000 1000000000
999999609 1 1000000000 1000000000
999999610 1 1000000000 1000000000
999999611 1 1000000000 1000000000
999999612 1 1000000000 1000000000
999999613 1 1000000000 1000000000
999999614 1 1000000000 1000000000
999999615 1 1000000000 1000000000
999999616 1 1000000000 1000000000
999999617 1 1000000000 1000000000
999999618 1 1000000000 1000000000
999999619 1 1000000000 1000000000
999999620 1 1000000000 1000000000
999999621 1 1000000000 1000000000
999999622 1 1000000000 1000000000
999999623 1 1000000000 1000000000
999999624 1 1000000000 1000000000
999999625 1 1000000000 1000000000
999999626 1 1000000000 1000000000
999999627 1 1000000000 1000000000
999999628 1 1000000000 1000000000
999999629 1 1000000000 1000000000
999999630 1 1000000000 1000000000
999999631 1 1000000000 1000000000
999999632 1 1000000000 1000000000
999999633 1 1000000000 1000000000
999999634 1 1000000000 1000000000
999999635 1 1000000000 1000000000
999999636 1 1000000000 1000000000
999999637 1 1000000000 1000000000
999999638 1 1000000000 1000000000
999999639 1 1000000000 1000000000
999999640 1 1000000000 1000000000
999999641 1 1000000000 1000000000
999999642 1 1000000000 1000000000
999999643 1 1000000000 1000000000
999999644 1 1000000000 1000000000
999999645 1 1000000000 1000000000
999999646 1 1000000000 1000000000
999999647 1 1000000000 1000000000
999999648 1 1000000000 1000000000
999999649 1 1000000000 1000000000
999999650 1 1000000000 1000000000
999999651 1 1000000000 1000000000
999999652 1 1000000000 1000000000
999999653 1 1000000000 1000000000
999999654 1 1000000000 1000000000
999999655 1 1000000000 1000000000
999999656 1 1000000000 1000000000
999999657 1 1000000000 1000000000
999999658 1 1000000000 1000000000
999999659 1 1000000000 1000000000
999999660 1 1000000000 1000000000
999999661 1 1000000000 1000000000
999999662 1 1000000000 1000000000
999999663 1 1000000000 1000000000
999999664 1 1000000000 1000000000
999999665 1 1000000000 1000000000
999999666 1 1000000000 1000000000
999999667 1 1000000000 1000000000
999999668 1 1000000000 1000000000
999999669 1 1000000000 1000000000
999999670 1 1000000000 1000000000
999999671 1 1000000000 1000000000
999999672 1 1000000000 1000000000
999999673 1 1000000000 1000000000
999999674 1 1000000000 1000000000
999999675 1 1000000000 1000000000
999999676 1 1000000000 1000000000
999999677 1 1000000000 1000000000
999999678 1 1000000000 1000000000
999999679 1 1000000000 1000000000
999999680 1 1000000000 1000000000
999999681 1 1000000000 1000000000
999999682 1 1000000000 1000000000
999999683 1 1000000000 1000000000
999999684 1 1000000000 1000000000
999999685 1 1000000000 1000000000
999999686 1 1000000000 1000000000
999999687 1 1000000000 1000000000
999999688 1 1000000000 1000000000
999999689 1 1000000000 1000000000
999999690 1 1000000000 1000000000
999999691 1 1000000000 1000000000
999999692 1 1000000000 1000000000
999999693 1 1000000000 1000000000
999999694 1 1000000000 1000000000
999999695 1 1000000000 1000000000
999999696 1 1000000000 1000000000
999999697 1 1000000000 1000000000
999999698 1 1000000000 1000000000
999999699 1 1000000000 1000000000
999999700 1 1000000000 1000000000
999999701 1 1000000000 1000000000
999999702 1 1000000000 1000000000
999999703 1 1000000000 1000000000
999999704 1 1000000000 1000000000
999999705 1 1000000000 1000000000
999999706 1 1000000000 1000000000
999999707 1 1000000000 1000000000
999999708 1 1000000000 1000000000
999999709 1 1000000000 1000000000
999999710 1 1000000000 1000000000
999999711 1 1000000000 1000000000
999999712 1 1000000000 1000000000
999999713 1 1000000000 1000000000
999999714 1 1000000000 1000000000
999999715 1 1000000000 1000000000
999999716 1 1000000000 1000000000
999999717 1 1000000000 1000000000
999999718 1 1000000000 1000000000
999999719 1 1000000000 1000000000
999999720 1 1000000000 1000000000
999999721 1 1000000000 1000000000
999999722 1 1000000000 1000000000
999999723 1 1000000000 1000000000
999999724 1 1000000000 1000000000
999999725 1 1000000000 1000000000
999999726 1 1000000000 1000000000
999999727 1 1000000000 1000000000
999999728 1 1000000000 1000000000
999999729 1 1000000000 1000000000
999999730 1 1000000000 1000000000
999999731 1 1000000000 1000000000
999999732 1 1000000000 1000000000
999999733 1 1000000000 1000000000
999999734 1 1000000000 1000000000
999999735 1 1000000000 1000000000
999999736 1 1000000000 1000000000
999999737 1 1000000000 1000000000
999999738 1 1000000000 1000000000
999999739 1 1000000000 1000000000
999999740 1 1000000000 1000000000
999999741 1 1000000000 1000000000
999999742 1 1000000000 1000000000
999999743 1 1000000000 1000000000
999999744 1 1000000000 1000000000
999999745 1 1000000000 1000000000
999999746 1 1000000000 1000000000
999999747 1 1000000000 1000000000
999999748 1 1000000000 1000000000
999999749 1 1000000000 1000000000
999999750 1 1000000000 1000000000
999999751 1 1000000000 1000000000
999999752 1 1000000000 1000000000
999999753 1 1000000000 1000000000
999999754 1 1000000000 1000000000
999999755 1 1000000000 1000000000
999999756 1 1000000000 1000000000
999999757 1 1000000000 1000000000
999999758 1 1000000000 1000000000
999999759 1 1000000000 1000000000
999999760 1 1000000000 1000000000
999999761 1 1000000000 1000000000
999999762 1 1000000000 1000000000
999999763 1 1000000000 1000000000
999999764 1 1000000000 1000000000
999999765 1 1000000000 1000000000
999999766 1 1000000000 1000000000
999999767 1 1000000000 1000000000
999999768 1 1000000000 1000000000
999999769 1 1000000000 1000000000
999999770 1 1000000000 1000000000
999999771 1 1000000000 1000000000
999999772 1 1000000000 1000000000
999999773 1 1000000000 1000000000
999999774 1 1000000000 1000000000
999999775 1 1000000000 1000000000
999999776 1 1000000000 1000000000
999999777 1 1000000000 1000000000
999999778 1 1000000000 1000000000
999999779 1 1000000000 1000000000
999999780 1 1000000000 1000000000
999999781 1 1000000000 1000000000
999999782 1 1000000000 1000000000
999999783 1 1000000000 1000000000
999999784 1 1000000000 1000000000
999999785 1 1000000000 1000000000
999999786 1 1000000000 1000000000
999999787 1 1000000000 1000000000
999999788 1 1000000000 1000000000
999999789 1 1000000000 1000000000
999999790 1 1000000000 1000000000
999999791 1 1000000000 1000000000
999999792 1 1000000000 1000000000
999999793 1 1000000000 1000000000
999999794 1 1000000000 1000000000
999999795 1 1000000000 1000000000
999999796 1 1000000000 1000000000
999999797 1 1000000000 1000000000
999999798 1 1000000000 1000000000
999999799 1 1000000000 1000000000
999999800 1 1000000000 1000000000
999999801 1 1000000000 1000000000
999999802 1 1000000000 1000000000
999999803 1 1000000000 1000000000
999999804 1 1000000000 1000000000
999999805 1 1000000000 1000000000
999999806 1 1000000000 1000000000
999999807 1 1000000000 1000000000
999999808 1 1000000000 1000000000
999999809 1 1000000000 1000000000
999999810 1 1000000000 1000000000
999999811 1 1000000000 1000000000
999999812 1 1000000000 1000000000
999999813 1 1000000000 1000000000
999999814 1 1000000000 1000000000
999999815 1 1000000000 1000000000
999999816 1 1000000000 1000000000
999999817 1 1000000000 1000000000
999999818 1 1000000000 1000000000
999999819 1 1000000000 1000000000
999999820 1 1000000000 1000000000
999999821 1 1000000000 1000000000
999999822 1 1000000000 1000000000
999999823 1 1000000000 1000000000
999999824 1 1000000000 1000000000
999999825 1 1000000000 1000000000
999999826 1 1000000000 1000000000
999999827 1 1000000000 1000000000
999999828 1 1000000000 1000000000
999999829 1 1000000000 1000000000
999999830 1 1000000000 1000000000
999999831 1 1000000000 1000000000
999999832 1 1000000000 1000000000
999999833 1 1000000000 1000000000
999999834 1 1000000000 1000000000
999999835 1 1000000000 1000000000
999999836 1 1000000000 1000000000
999999837 1 1000000000 1000000000
999999838 1 1000000000 1000000000
999999839 1 1000000000 1000000000
999999840 1 1000000000 1000000000
999999841 1 1000000000 1000000000
999999842 1 1000000000 1000000000
999999843 1 1000000000 1000000000
999999844 1 1000000000 1000000000
999999845 1 1000000000 1000000000
999999846 1 1000000000 1000000000
999999847 1 1000000000 1000000000
999999848 1 1000000000 1000000000
999999849 1 1000000000 1000000000
999999850 1 1000000000 1000000000
999999851 1 1000000000 1000000000
999999852 1 1000000000 1000000000
999999853 1 1000000000 1000000000
999999854 1 1000000000 1000000000
999999855 1 1000000000 1000000000
999999856 1 1000000000 1000000000
999999857 1 1000000000 1000000000
999999858 1 1000000000 1000000000
999999859 1 1000000000 1000000000
999999860 1 1000000000 1000000000
999999861 1 1000000000 1000000000
999999862 1 1000000000 1000000000
999999863 1 1000000000 1000000000
999999864 1 1000000000 1000000000
999999865 1 1000000000 1000000000
999999866 1 1000000000 1000000000
999999867 1 1000000000 1000000000
999999868 1 1000000000 1000000000
999999869 1 1000000000 1000000000
999999870 1 1000000000 1000000000
999999871 1 1000000000 1000000000
999999872 1 1000000000 1000000000
999999873 1 1000000000 1000000000
999999874 1 1000000000 1000000000
999999875 1 1000000000 1000000000
999999876 1 1000000000 1000000000
999999877 1 1000000000 1000000000
999999878 1 1000000000 1000000000
999999879 1 1000000000 1000000000
999999880 1 1000000000 1000000000
999999881 1 1000000000 1000000000
999999882 1 1000000000 1000000000
999999883 1 1000000000 1000000000
999999884 1 1000000000 1000000000
999999885 1 1000000000 1000000000
999999886 1 1000000000 1000000000
999999887 1 1000000000 1000000000
999999888 1 1000000000 1000000000
999999889 1 1000000000 1000000000
999999890 1 1000000000 1000000000
999999891 1 1000000000 1000000000
999999892 1 1000000000 1000000000
999999893 1 1000000000 1000000000
999999894 1 1000000000 1000000000
999999895 1 1000000000 1000000000
999999896 1 1000000000 1000000000
999999897 1 1000000000 1000000000
999999898 1 1000000000 1000000000
999999899 1 1000000000 1000000000
999999900 1 1000000000 1000000000
999999901 1 1000000000 1000000000
999999902 1 1000000000 1000000000
999999903 1 1000000000 1000000000
999999904 1 1000000000 1000000000
999999905 1 1000000000 1000000000
999999906 1 1000000000 1000000000
999999907 1 1000000000 1000000000
999999908 1 1000000000 1000000000
999999909 1 1000000000 1000000000
999999910 1 1000000000 1000000000
999999911 1 1000000000 1000000000
999999912 1 1000000000 1000000000
999999913 1 1000000000 1000000000
999999914 1 1000000000 1000000000
999999915 1 1000000000 1000000000
999999916 1 1000000000 1000000000
999999917 1 1000000000 1000000000
999999918 1 1000000000 1000000000
999999919 1 1000000000 1000000000
999999920 1 1000000000 1000000000
999999921 1 1000000000 1000000000
999999922 1 1000000000 1000000000
999999923 1 1000000000 1000000000
999999924 1 1000000000 1000000000
999999925 1 1000000000 1000000000
999999926 1 1000000000 1000000000
999999927 1 1000000000 1000000000
999999928 1 1000000000 1000000000
999999929 1 1000000000 1000000000
999999930 1 1000000000 1000000000
999999931 1 1000000000 1000000000
999999932 1 1000000000 1000000000
999999933 1 1000000000 1000000000
999999934 1 1000000000 1000000000
999999935 1 1000000000 1000000000
999999936 1 1000000000 1000000000
999999937 1 1000000000 1000000000
999999938 1 1000000000 1000000000
999999939 1 1000000000 1000000000
999999940 1 1000000000 1000000000
999999941 1 1000000000 1000000000
999999942 1 1000000000 1000000000
999999943 1 1000000000 1000000000
999999944 1 1000000000 1000000000
999999945 1 1000000000 1000000000
999999946 1 1000000000 1000000000
999999947 1 1000000000 1000000000
999999948 1 1000000000 1000000000
999999949 1 1000000000 1000000000
999999950 1 1000000000 1000000000
999999951 1 1000000000 1000000000
999999952 1 1000000000 1000000000
999999953 1 1000000000 1000000000
999999954 1 1000000000 1000000000
999999955 1 1000000000 1000000000
999999956 1 1000000000 1000000000
999999957 1 1000000000 1000000000
999999958 1 1000000000 1000000000
999999959 1 1000000000 1000000000
999999960 1 1000000000 1000000000
999999961 1 1000000000 1000000000
999999962 1 1000000000 1000000000
999999963 1 1000000000 1000000000
999999964 1 1000000000 1000000000
999999965 1 1000000000 1000000000
999999966 1 1000000000 1000000000
999999967 1 1000000000 1000000000
999999968 1 1000000000 1000000000
999999969 1 1000000000 1000000000
999999970 1 1000000000 1000000000
999999971 1 1000000000 1000000000
999999972 1 1000000000 1000000000
999999973 1 1000000000 1000000000
999999974 1 1000000000 1000000000
999999975 1 1000000000 1000000000
999999976 1 1000000000 1000000000
999999977 1 1000000000 1000000000
999999978 1 1000000000 1000000000
999999979 1 1000000000 1000000000
999999980 1 1000000000 1000000000
999999981 1 1000000000 1000000000
999999982 1 1000000000 1000000000
999999983 1 1000000000 1000000000
999999984 1 1000000000 1000000000
999999985 1 1000000000 1000000000
999999986 1 1000000000 1000000000
999999987 1 1000000000 1000000000
999999988 1 1000000000 1000000000
999999989 1 1000000000 1000000000
999999990 1 1000000000 1000000000
999999991 1 1000000000 1000000000
999999992 1 1000000000 1000000000
999999993 1 1000000000 1000000000
999999994 1 1000000000 1000000000
999999995 1 1000000000 1000000000
999999996 1 1000000000 1000000000
999999997 1 1000000000 1000000000
999999998 1 1000000000 1000000000
999999999 1 1000000000 1000000000
