100 1000000
448619 143559 330420 116891
436093 426394 688984 147064
130187 28779 227010 958773
987507 566995 533096 310062
106265 60481 874327 439884
380414 355388 631781 347276
280661 23449 291852 554131
996999 87135 265524 617464
622603 240944 774644 480823
307577 226050 495599 31592
386700 286856 518662 74347
316129 283474 759131 995879
609550 93539 777255 642920
19858 1768 778354 33670
437779 50292 566041 937818
5863 3867 266116 531331
774156 186515 870180 430652
455924 29071 965985 107617
242257 41898 705096 858732
4722 477 686704 986820
35567 17421 761104 120624
744748 462385 847190 74030
194554 132144 544117 605648
274580 219986 857814 637764
669976 669638 849691 570593
781384 64119 772771 326457
379581 128101 482170 72854
199597 156344 638685 881576
997555 495718 796482 902185
413719 183406 980833 266561
135506 29150 457619 393506
815458 620982 249800 237926
149994 37734 137172 597084
794523 494261 924642 29968
331770 269415 520502 407986
908089 551050 590818 475165
708222 84749 731447 994707
309911 218724 311909 925340
297831 221725 307519 414163
55759 42932 243492 252772
503349 438916 615383 858551
858808 336183 160109 264061
121823 29300 194966 848419
820952 798826 318088 514398
367271 135645 479336 712224
257394 40801 703264 142463
624557 383155 818199 958544
998776 946476 725993 553844
822560 289022 631708 422355
654178 128191 631773 823827
274195 183753 588368 715564
481270 373342 298889 934799
649480 624336 139677 488926
758337 499461 471546 268905
630794 165211 919608 576237
589304 256715 762324 764946
199897 193124 867160 324121
445928 29345 574136 142541
403204 285433 361852 471983
810969 569892 766410 504051
454762 303789 581169 50462
130634 63886 259427 664982
294320 159332 201193 877396
272023 144735 450691 21955
414403 372550 976421 94183
704001 364729 707565 868413
139655 27538 304407 516029
444203 295706 993717 710419
778742 735558 404629 41005
682202 327668 645853 314642
82045 72870 951548 773269
946217 357996 625108 990974
689202 673753 101188 610549
333735 252451 959726 513488
201625 160171 633590 150138
548492 118502 461307 400428
788344 570674 643239 548513
781290 560735 524928 469853
974611 273055 854004 965711
232139 44180 218148 657063
859587 698729 735884 424817
679852 342683 729155 563631
37350 1560 768914 802314
729599 166906 616412 681271
221430 159112 671596 550760
916424 238119 415502 70523
197902 97214 320106 274093
218721 171697 319854 678036
58859 45695 842896 74947
289470 50263 401670 560005
433480 147661 616494 780176
439770 168916 492140 221346
348082 178953 193139 105561
128957 80478 229816 612845
978976 499775 946513 788652
196373 120978 275802 742958
97016 78131 960086 668602
864700 830852 475392 922890
437926 224046 423564 547106
819778 12350 956482 918881
