100 1000000
660179 537793 486435 665005
949206 362356 977697 144153
133997 70503 682141 177412
573726 67275 762391 398995
9381 2602 592151 349797
655645 469154 855323 989650
536269 428193 542622 630582
397494 288564 683516 593012
705419 300967 930328 883961
814647 273896 665301 607220
823118 674627 872536 634000
107780 30850 87481 305692
534029 358082 968774 96399
289769 215692 969581 685277
642562 516041 970251 859534
616569 368221 536563 931711
187105 178660 922841 813553
611095 115689 704802 480864
381995 345775 733783 364745
288894 37001 711501 201567
176208 107734 436805 838928
688230 89338 641413 983001
617567 319685 390529 897816
359874 257381 955651 600747
509702 477390 132349 134133
635298 509639 743671 354770
799887 25172 791439 308975
726969 699136 423820 590138
245961 173367 100202 962814
102631 29502 696517 246973
372035 370439 464680 368814
518944 339332 917540 877280
553740 523620 415550 692535
581398 560384 977284 103452
407032 355140 82424 981891
718130 652690 620108 490155
175413 61183 926820 996541
600484 403729 893715 610175
324254 260160 647212 453017
330179 267512 803617 774856
147422 40442 151134 465864
483904 161799 930513 693885
521817 311270 308912 561223
501520 337353 769732 416491
875527 488999 433915 127377
326354 98802 356613 247138
811674 394533 776795 475151
830186 427736 811399 511662
258903 237343 558591 419355
489 88 554016 19664
739150 352118 671682 178219
42699 27914 197488 906722
706221 639631 213347 517881
246900 65591 981775 490649
796049 454626 621248 662459
515197 200713 608561 114805
523284 241036 881480 902332
488657 28840 594352 31711
221712 202662 525606 482139
658803 149111 828324 98895
87354 63193 74240 137522
863477 579407 398961 701335
161117 108201 755091 911681
82297 81140 479298 303884
26712 25935 469746 882411
246184 147322 904933 674151
601730 389661 960252 496914
723080 641200 645460 413495
234314 74376 573776 349972
21318 4374 622228 289084
530388 527226 20515 421480
772332 323985 794506 883681
671546 660320 928245 42446
40439 23629 213293 958734
811577 26111 166506 10456
7296 1867 213716 249789
528057 126021 881457 468994
769984 592349 452254 656106
598648 583992 889011 553498
490352 94366 989194 50224
838092 490922 531918 670403
459739 399846 471511 508926
592757 461274 963093 903032
673262 310842 619687 171729
8287 821 103954 501021
528923 202755 724844 11014
746674 179775 907869 344380
117479 15845 589740 922525
775857 5429 807197 54796
548477 213452 811469 511195
778760 244320 710991 701810
549064 19507 595719 527478
113235 49783 71660 366424
474113 213064 356570 462610
545342 31415 854110 973059
588070 513221 874770 540888
267899 216577 734869 33119
496263 78300 62618 61360
609174 505082 484027 94862
205829 140244 510033 902011
