100 1000000
174777 132575 79101 381312
322815 183109 923283 263085
635464 403501 901239 928594
890691 828691 258813 653151
857317 399686 211101 205120
739193 311985 563802 752603
937920 707730 868654 301132
303075 181863 340787 8025
847431 283712 667976 884336
646998 635960 720761 134470
911980 603097 807192 546030
215573 61904 990309 904214
86565 83739 313120 621320
410553 396959 38806 963645
23352 8301 544487 802476
250135 210376 978621 999593
206847 3025 493763 953102
212884 175300 542873 915111
666186 277010 968534 208527
551491 24538 85925 26504
499994 42942 917183 98738
786520 673680 764144 156299
203883 197401 767551 804676
929708 353255 129867 387565
2907 2597 643229 889851
114541 21112 683872 953256
675474 468436 840171 670171
509888 144935 467336 996627
583690 575774 610710 711196
989127 941655 677866 398999
200097 116214 599786 92746
57372 45656 79636 247509
453339 347974 331797 768294
156761 83121 600993 951215
290745 16292 950075 885630
99485 48263 944705 245364
27298 7738 898012 982999
361026 283118 792783 281262
262017 103635 184778 673686
664348 242254 815124 262596
927250 439881 107854 375027
717422 106408 758373 926655
350284 323456 914112 219941
837548 451189 407606 491957
574360 208623 479855 387089
272425 227501 515252 931321
550416 282861 841974 735503
209925 94069 725703 828227
998379 733557 513620 770341
810760 779614 804605 298860
231355 132139 320021 843261
522629 511214 902067 524869
159099 66153 943854 835683
210511 208497 254691 769549
952175 332510 718890 930002
999652 918578 483485 316460
600004 397428 919908 87071
774042 414672 906218 422269
804315 157109 479193 3929
974848 117445 149199 229743
843568 514779 496973 685614
283003 168246 393468 649857
852248 641708 322149 959429
155371 124481 511888 284368
948506 446342 859792 833299
349798 108584 526324 25313
871530 672285 968159 224848
732554 71404 786218 163820
521488 48077 932247 737374
287725 253044 968361 293861
843124 229324 90303 95994
370730 364634 770862 505852
726920 317713 379754 24148
856578 511184 478266 820409
701909 8496 946721 901896
131654 119743 669985 242285
517747 157691 623713 926227
393844 183319 720459 231195
16374 14244 507217 64194
141942 58196 838596 966643
884453 152346 155509 487215
337593 113468 413400 540764
200198 18625 98445 72333
451311 155738 445465 767561
778653 11343 178583 584645
957629 59539 408756 141187
646656 443824 217781 374898
244798 74007 622381 377931
888008 644512 316778 982052
492463 212891 343428 413805
316738 232705 213370 206102
91558 64698 398323 982356
576065 320776 696773 784649
842569 326767 686507 673396
346966 49674 677849 409859
817623 344631 886971 512191
55397 5495 747964 875362
3752 1245 910997 584990
214073 140085 523806 101345
56922 24720 620414 380628
