100 1000000
988708 913092 787482 460718
933583 997678 170052 112217
465218 732092 144899 804251
350408 195012 185242 41033
530006 592038 411689 999279
540164 483014 611863 609713
641531 371779 28143 42338
221390 749660 861796 73537
558078 566445 486579 865702
256169 162997 402610 778078
648948 206940 788731 217392
714408 981062 711867 148845
383371 167772 238537 337062
832895 702048 291776 66097
48073 916049 592129 907123
314462 823450 749251 515269
364431 207317 464081 875562
822099 242636 428708 11618
684457 188446 273714 99895
327792 476256 142511 532300
805364 673558 273607 821505
93212 841254 552067 976204
264686 904898 30906 535594
168828 355549 274110 275242
82372 570140 761586 110637
745050 602713 54717 379662
217861 157002 469958 98160
499025 508236 934236 314044
825070 907633 730473 517200
809601 11203 195969 864144
84399 534380 202521 330854
485936 278566 812816 552533
850738 187026 610743 663917
334384 837652 490793 885547
923770 913440 732636 93602
891494 384772 276703 377939
577885 240050 3034 491112
292000 218822 284308 296159
87523 579694 15423 815624
308856 74243 558904 723424
597678 422247 124665 137205
200757 454474 209057 638508
931409 919791 132926 193536
636271 441327 631140 832910
996136 227700 230923 523159
46782 670849 499340 782903
564160 236946 194292 766406
903577 644886 33851 801362
723907 181259 381301 965581
996104 503371 793342 210140
651242 323938 998888 666251
304969 735183 132009 480449
646627 493733 455889 479571
471245 963716 367363 183020
628049 738434 387192 124471
923730 755250 287030 600942
513017 547931 864816 931859
901460 523026 652379 520778
486576 628327 520976 616859
326123 21396 640265 827022
246658 588398 128826 849655
130911 930466 880970 639508
137852 965803 345230 69224
112586 1155 158903 256637
634879 570646 213536 900118
198367 848880 399526 752306
501185 707773 76874 591213
821874 636369 994587 144310
708423 69985 806656 539109
66814 201715 11217 899008
563757 218625 975853 259611
32827 326247 316881 725907
987780 621278 969579 117626
105543 331498 213322 258531
564381 9783 942680 41019
854491 193898 168975 328960
105142 425898 605992 411721
293926 368676 97641 9259
251325 599523 769621 851492
945387 270065 761483 243383
343794 476346 783893 484147
534209 138107 767298 340943
449177 856248 162805 726522
720681 749927 402810 227981
910338 812056 137989 198027
173320 496057 973597 743351
860269 604542 940861 891652
871095 404534 500425 675157
431513 457534 286842 114749
420241 714734 520478 48349
809472 760651 111512 651380
221566 668437 257095 795166
480811 936789 335417 712801
728074 819656 330261 103617
668552 118087 501236 909134
338088 489885 363728 5576
938933 9561 518963 975845
871412 184239 628049 398120
557828 221166 177924 114093
798823 566968 597079 483662
