100 1000000
681058 78834 760011 15025
779519 942796 473196 974184
694551 787347 950055 940881
176243 766471 712701 24351
305342 523498 939159 573494
745002 512644 183954 763031
872446 109237 731479 83847
998557 422373 301138 437447
249938 707319 943746 948649
13178 630382 476424 704532
849063 769951 165748 715307
579232 181476 520379 711026
576796 598087 855901 930103
647695 255584 195840 804222
399133 723794 562661 87724
597091 56305 196920 99663
601983 981489 759571 868531
181346 238135 233780 160968
673075 559577 825927 837801
291428 294378 970890 757947
383837 886010 324257 546713
848634 226129 802400 616313
91820 112408 829814 307034
168877 687454 318778 439367
332328 880828 243565 292170
240873 813072 57686 327863
98352 126345 833899 668210
744379 716545 954432 210595
205766 841129 925739 18408
886592 73577 973377 861410
428856 103320 378360 55780
649875 343308 514176 137365
771983 110701 991367 223944
784299 666291 325620 305910
123988 423884 556677 660368
462322 565168 273989 695924
538082 935907 846183 679634
201821 924614 947508 782071
128968 938850 764141 50425
993860 883362 211872 275611
156903 188128 471234 171247
381521 950315 184490 366122
86830 962219 103651 899561
26910 459400 632824 701357
775728 419840 296583 152145
186308 980376 251753 52722
25352 99166 583013 313376
774048 432645 93978 237394
905739 85410 337240 273758
820873 38579 234504 40310
112962 298227 626299 414608
150930 492349 872871 77184
920076 577589 96797 212293
177825 744785 793486 304297
514413 534333 760713 140047
721882 950468 442693 989959
487872 479054 852771 258077
343920 577492 921998 714215
574117 832183 431084 157426
301477 477909 453232 176708
363291 687362 713596 141249
889278 756800 613475 429639
264788 395685 535009 835586
603457 348330 115 757277
788823 965654 332602 879329
286406 487258 740799 901144
771488 472872 682911 826163
298383 437806 874906 648735
868342 751129 327765 827904
272762 858260 578695 356319
757406 164628 582649 744430
143059 45599 54240 210001
475823 926423 101226 946005
192917 847718 245501 730230
382529 827211 778646 730973
233972 87748 203661 504731
638732 286805 239055 58437
550103 725038 167013 712143
627295 729245 129877 239423
785329 594186 794833 212318
23767 277658 707904 931501
725185 855949 528506 878916
869982 486240 422110 578347
614971 474718 397704 652044
436315 699346 13756 631600
917698 706897 305917 359086
607254 728932 183356 645978
459388 153499 244789 799937
94384 92303 568010 101741
291050 162139 855736 598328
566899 240708 490182 11452
904074 441050 578245 74714
867268 903129 467884 143369
485444 728586 630107 817063
923576 949619 200246 971466
52307 824291 6251 295864
7837 297891 761990 487193
802258 180806 369400 556513
564841 629909 16679 689767
218637 749207 499171 372596
