100 1000000
54269 397354 602553 380692
684345 131838 159674 235875
827672 98896 84868 896526
464137 602437 406691 933184
943345 827515 2653 548888
264311 306910 967021 785233
548511 846090 360715 850506
120891 938578 856943 712736
367291 528374 918693 310065
628075 568269 872095 576386
303238 916546 319519 573305
296141 122947 634500 208842
80811 244683 842097 288520
416797 448860 247785 685239
648753 734703 624826 186515
633759 420861 700579 529706
886166 750055 753606 829214
244318 294741 273755 258538
217389 726893 929565 771716
79260 63825 258344 254028
473749 203561 835370 485375
770004 756891 581522 180656
83310 190670 22593 646890
726552 554929 94657 678150
786615 764688 480421 958707
485068 328747 925928 976758
240763 155137 793590 344592
685622 711430 246973 753422
590039 592941 545931 232639
456862 187317 218305 473634
163292 445679 511989 660538
762164 877061 194125 484011
560508 77847 592794 878200
947447 863019 708910 790961
757183 532529 42759 34782
859595 985659 17057 563248
708691 338258 61399 753392
840637 647664 15362 722231
945283 961788 416719 534855
887036 802703 287163 572322
908750 84928 290449 924217
35392 48800 234891 82110
107312 557528 477654 498551
571481 903887 276392 332367
614655 593477 35000 449080
995221 505978 616938 251250
93104 117692 725563 715702
260023 223 959413 343590
675400 104314 519705 955016
134373 134653 889329 117396
580196 303374 694245 758224
147945 288792 1006 94361
705515 984936 110761 421450
340990 741424 96477 162185
931440 949918 565810 496359
727001 189939 628561 769969
268357 729439 368167 250476
648550 360892 700844 714950
153139 603267 273554 451085
227142 486397 853206 80365
12020 263303 981773 294032
617691 821913 916621 533053
387615 359964 580056 82777
962149 304924 67752 473978
196970 892888 823167 364499
314501 313465 169167 130906
503710 839185 168573 668910
989886 701847 172465 301423
420427 337013 764064 322105
954323 147970 718706 993479
790646 863665 888948 541502
356646 546386 227748 415223
115980 304151 346683 776384
296259 323900 665577 4212
450601 422873 861031 175619
405868 177042 975639 249421
972263 399266 830177 38061
26179 644164 815913 509518
386375 906107 965328 921780
950225 484403 819281 336167
852858 972038 201185 605692
719858 155590 40516 389005
669831 738673 451344 91708
738963 332211 887574 426679
836172 203724 414982 703409
979366 866701 798318 157928
58540 82152 602530 515847
139572 449926 664151 195588
17889 800860 171691 777341
516438 180355 711165 292282
914606 813401 223584 72062
880015 934411 454504 79295
800206 257276 506330 726159
499790 317686 616609 109294
400807 108689 2502 427356
531458 760938 989002 515897
713885 666606 128604 850229
668229 219140 431504 77679
791893 166654 299725 516547
154181 915301 960941 750426
