1000 1000000000
354769718 40908696 458343213 98695462
424346383 403504506 26625666 611536215
952870024 508086174 550045270 926287972
188312156 157667423 810475286 944732606
879459003 807021951 462243491 606324960
176476421 61150305 417352240 81872370
581419108 49693241 698837861 147112325
156616061 5062090 869638486 378284108
233735342 55220375 710646978 478577110
923266405 858860188 334465486 204363276
628999021 123964568 965682212 581037641
903295211 838085971 446513033 753215006
211435951 112940013 145129690 464011820
675305097 37098105 601255079 26997036
449738583 366147724 896250150 854729110
823659385 49950907 810715052 786449495
204015602 194137492 169632838 359166625
638226553 301091770 379810554 462485913
385845387 309366809 92166410 822402417
410096380 163838827 806333082 763129178
176904912 11895215 865316859 270266795
614688687 576073974 402705884 484642470
491733914 238963400 437462574 866100665
462902934 133292591 810734527 431137204
522109750 446016683 433024072 707936066
238030138 179889242 357056437 477203778
788650486 169961599 700788756 782196133
965240728 208606555 900454726 162976204
877842718 591311290 748463034 752914990
8585005 7164345 974426129 152215986
166828549 36198059 875435678 716710678
11850153 5409911 583299846 748980210
396611257 126840619 779138747 534505105
604825502 218880779 670239507 166757903
840828717 616006702 507229721 730574560
979428717 80842851 180780641 79508942
830110091 569466752 566863755 803683765
121135283 8998563 233688111 93220039
475862322 392038975 937780404 675706391
334336058 248896745 768205507 499770544
96589050 49458545 185286703 400409078
115781626 88081055 668894137 147706758
458212932 143944570 809258571 556965866
802082552 763988691 501620210 900736925
490772181 473697239 784437848 268729716
430810733 357674404 288068342 581689996
737794637 406356720 367613756 663351432
607222182 296575698 686390875 150536853
853755591 580700634 942999806 503126813
111822754 60190797 876217624 864815930
289039096 7578031 799280804 148451195
652726984 609581753 489563770 936423311
104327870 59078799 418128477 477412910
480403578 49364121 688140388 762252521
101962734 36537265 548118434 80539044
970121208 237495914 212768151 456718246
393590925 158139229 957653018 550045559
897626303 558449865 912776015 268040409
344842511 203709830 152286765 288269942
828110070 190432911 843761816 32387215
964314768 731646310 715637142 867662505
437707444 185076003 521424763 475087505
923935891 550529194 906955080 810811074
523601293 212746672 943780979 889839501
319808505 29517423 640961500 467938612
583892927 223374747 392449255 765798616
669135190 332095065 804010772 939125494
764755275 561495333 572656134 869696553
887049638 833961857 451629201 260680108
944284485 251604175 128963911 94171070
311748434 291539460 356335960 425036203
353755517 287684313 251459522 486950492
170670817 117291470 518320208 43187652
936962771 659647533 531459365 941445775
22421129 21663194 688266191 70732232
915214963 483143544 837608606 826235249
926759049 827237416 397645493 383286003
426810148 24016921 432250253 688164827
170486670 129030948 580158620 175665763
23749135 18745932 249659832 313865820
631140029 552707395 402344874 363607452
848031837 816110446 275792900 972466805
366687763 232849261 647227838 640968476
585040767 376132134 257890828 671074830
82676059 17810417 162687738 932278953
378635466 142901508 496142881 243329060
432883554 395636425 43858534 956949004
298679011 240860451 645415492 177930288
881512398 292443341 855003381 551402929
750437227 542737297 448608918 464160391
754076219 720187571 837380969 329908390
453334319 270591927 846484283 73217592
985197074 499448792 704147344 754673957
816319661 108520842 991235508 499507106
722239977 586823964 556940030 884500748
29286811 13223186 334861123 424547918
897700227 711648749 249155756 346003155
363149959 97877917 845439235 479105602
954046629 364073075 917014044 83830612
946728320 681649086 306344454 568990117
658999362 586126847 749482325 724328293
615303269 301455026 528064193 200566486
204240574 107706474 945226457 216500703
601860925 445036835 496243586 839158286
593867840 298114451 304143070 987709503
690449146 299506361 775936789 530320984
179205163 81794483 884820145 968814959
333954052 21332850 379865777 393629547
169381152 41104455 824138651 842358844
306956718 145263459 523206753 421329720
984938066 940632398 846260727 314895016
365640957 4426612 875986561 715772638
544333155 395562504 387022014 302374519
218134293 25167073 651715425 960589512
171171586 105658241 272309716 939401009
369902702 198117184 714302654 803267440
91622719 69132709 164063743 170338507
370427137 218271650 997048440 869431985
730885144 91948881 793120288 209365071
503142451 251399732 959909733 334161707
9277254 3248087 379589354 513336101
673396774 33079883 558307559 51053788
574388734 56091697 573912971 117016384
990768513 591574241 406869165 890146642
350239716 290872760 807509172 138219693
212585384 182625436 761113322 839524335
424747923 178519640 773246661 253351323
403367698 258961601 295370877 110057921
968142266 505911562 743452261 822614605
420257769 14085247 194288898 146190054
400666698 152261519 708750986 810729781
905842240 829213384 332749442 717996287
438319225 180277678 815417475 440415415
45013571 38256263 161530447 911371992
124252288 86423894 644166569 211391600
967109043 604205043 890760672 79699829
164409522 55883035 977316280 944064475
646293320 595939066 348970968 695469776
846086980 222457484 658596972 337888963
81809861 27813886 443507888 986818100
220956531 154756644 353242601 29903724
845490037 556127586 526182148 128006704
855355613 372973117 837582094 307561260
435527746 411803596 868855404 733029270
741306459 142966667 877067795 759644572
219203500 102034012 737246383 271283355
666003770 388526392 877499033 854836494
312017028 210273321 227843615 435028279
8821282 4126535 166273689 575925352
97840954 56202652 679184090 598328263
855230461 684791064 386989907 959053911
892289296 463132462 678729544 676994058
93808700 63035946 661353854 951301266
890601496 527104181 532732751 283220252
210620221 83351293 580557676 39252339
679361965 241791292 795407590 943414045
376936467 204823393 825244303 853378102
238635445 91350796 830191554 304094758
774297615 130791503 410568797 80497404
42851974 33613074 64600124 974733744
261977112 46836384 344173009 261042610
712307176 217597587 73739789 137539809
846605980 733619280 886668735 267608737
127887756 94202302 942825044 692406382
965466263 482702306 807430969 519434697
598148375 137082679 567315039 708052449
317600499 45552083 885594341 925570598
352275438 139213196 470378709 983843487
447357620 442772672 41016579 62605164
491284936 269798562 767983408 334870163
8570494 6911168 832050334 425849369
928058916 799817902 676662679 644340903
617287679 375496462 538243586 35819855
172102727 150259716 500572050 923534448
267414870 218185522 556764799 804289270
790842106 660502100 915063131 452938666
389990019 82891417 601999141 289779910
793758362 632380797 948925601 586018211
166598381 7905592 262254365 948209138
461991616 38140751 810582840 542379749
831863999 12703875 87744362 162270114
855648349 434191564 631491441 631556669
633793281 602588942 345986140 879092615
181028517 89752349 718560319 848194904
802000631 800289962 495436832 105359557
304576380 213148346 674044099 873893320
320498874 150486450 924523043 656914639
39393591 25800265 902284427 799602661
948501717 500017177 636465281 60819963
608706903 63276861 35330064 491374786
214611484 95623661 417032982 853937239
846710779 326925803 685133824 166421957
616457555 419466298 201207498 676466433
758135105 66952235 896004413 958138250
372709703 288402054 956819218 127276410
594253619 388334211 233183258 938310001
724730483 96386684 903509010 291211678
209295595 65419234 996751286 692047992
14818580 11856454 375033094 239772497
258822323 4206906 974744659 913527205
822214826 308099628 807213487 579197235
353861821 227915490 385263846 187493102
17365259 6291068 94060023 294043807
186347696 16287692 362021294 202631311
160893707 120117783 298795353 870416075
264117864 34341217 953178300 513229264
832061974 383135906 664686012 277124250
275029011 268713691 574202888 955433153
962704040 955798912 91117945 162945371
995829747 949325571 823472225 760518944
322810617 127531461 438492268 581147217
279388233 161415701 140936680 148710209
207270816 59137079 760506517 617578103
248870737 159341718 321053067 852813164
114468300 11112365 439487219 329825184
996273027 526098776 930037326 613583485
841644582 708093598 405929431 314522756
509163976 128327561 743015702 532941491
855836967 627637571 745610319 642232691
124327813 19949607 430174160 648450113
617325199 142933158 838927632 137736124
277818864 256463418 421001264 167672793
801971705 19809473 90142422 66119467
394653988 235216066 370933252 652744334
777701760 487567989 859006269 341641739
428383284 38998056 815319554 386446297
765193299 342907869 804344057 394719319
45395636 35518692 154486076 191863533
697757950 491494394 450321212 69749163
786956699 710214111 958219753 16568910
156212360 116351457 986737211 27829222
679550630 490788986 382702140 601769464
654925011 627156298 576024354 874697159
404041122 276984121 274961170 301789230
824183246 635309365 883830889 395044247
363524587 190260025 721520060 841304830
91225601 21332932 978986651 289790896
418437108 243775331 210617351 43726532
362490710 60210832 360439328 331805778
587348092 554965021 90394465 671983371
86048330 65251937 884963453 393827897
73728537 14566283 804415498 135195347
441210205 7679606 692993213 353569026
294869639 292322869 199045702 243834677
212120725 166880859 704571143 572905124
238454499 110327506 154999326 494366678
240187550 66402975 880793628 615571977
441365645 205931307 359138789 60507698
106963882 52011222 360751257 888229453
78853539 29442625 850755249 524166323
197961036 2135892 349453090 902049540
498671462 322459579 548531459 133674101
726849670 474031898 863458626 467323224
547909582 292842079 298786961 368333246
904487500 288411125 976732441 690185802
913908545 295013613 768734661 240532986
542657436 465153291 911514098 96815879
89077438 17822165 990360555 397185200
135715867 76832332 697556851 851049964
161007289 159486932 643203323 144687874
960942363 393752270 677964346 21735826
437900320 333037454 848800910 93128904
211784932 38515235 494686101 86383381
518281754 96309975 805945321 365221024
279971711 210387933 294498344 124545961
732970456 270390321 944454499 836912026
908288371 868969715 303152131 724103333
259899026 126938770 493924491 376502975
631340818 381563545 438539421 380462075
986552081 951626987 672409624 877691000
261105797 238622102 372683656 377879169
404757110 359731408 548927279 523316477
625399502 372490495 830853736 55034778
384783397 146961044 796017747 773031671
248361215 24683514 760252694 779398153
738740617 634111074 330528757 707678636
377942265 322058183 818701271 304493035
473582725 375791107 260753456 652192389
390311438 315277221 277774762 380358933
649837812 563958620 310266595 63426391
100587814 41466809 771616188 321553701
107572655 100387435 680668433 48216120
510760334 510620992 427108938 816036756
18501540 1696055 755334615 51114505
502387891 339582577 389916519 215925947
651086915 407751599 713467913 679280248
549850244 450946191 537652884 371580523
773026509 255659425 955330274 189479463
158179891 107509648 180012706 888566499
85782940 41957433 365947723 525979087
182514053 112417356 380650072 395366603
46996581 8448675 332496214 927129680
846572532 730266870 729930995 264241567
372071885 96800826 614271263 488029336
850755282 728386923 509468659 118223209
785867301 462521412 336630182 676559912
27018399 9056284 462138018 882179436
762054102 398439784 639200385 846646649
269459309 139456770 408889612 561147686
413891763 149958965 699966482 85962875
704414528 362315523 828814424 726376529
566708295 446828438 754653041 607465771
1354982 168870 782268374 27812147
126597074 59973087 310059653 308764194
246521527 123607274 834229248 64221080
295798613 56187546 418600351 198063027
896995671 441425593 539715530 195746579
545948351 341869766 655753061 881790818
116114853 1415691 742974452 646464122
386938203 149879566 745376759 818036908
43007415 26059143 335162745 319670232
228049081 31364070 571321764 359272357
679956113 247694003 636415608 167292099
827492916 417821721 665581909 227942280
665985956 400947677 819557992 177654774
13503808 9012819 764070883 427277229
457031866 60690896 979056086 595785989
695961360 298663812 830664943 409064441
237257851 22991252 673543322 396927631
410974150 127861830 480888550 806871218
673127263 398669796 494559604 470767303
359579507 265486111 719845719 250470266
970279578 634810052 928491570 848722061
975329392 120653032 854913695 170194401
54451705 1702225 585702534 729094126
975637875 142863161 354785188 323095844
14513792 13259043 612260844 964278042
542593335 323712707 656564345 175367746
444138908 157797890 867805706 7470356
330933205 328885154 517789271 437098868
252078684 93884843 506985152 198824682
798916981 679512334 873602494 544627107
656775038 570002402 982393837 732148139
335539508 11266792 91979920 12292620
730772774 585144858 779079901 585881047
85559307 2698 648190193 857939348
55488310 31940418 878728419 363054190
690167468 607397498 728073575 903429529
4195547 634541 171121564 869138444
388000487 115501729 386113916 740723076
176137161 17251109 425320401 527296452
629475502 587597557 516738142 614236740
32609444 28196494 712663980 696490638
129927645 31800261 429563271 676445093
255785302 48599114 525626964 745983251
225230406 33339680 351497448 278539922
487889569 454413185 626892679 50323110
87565687 86186372 141551827 436328894
729551136 399796043 522008871 59095797
566996279 271668735 930429995 971410628
706171023 681808693 497702027 217297560
753531126 394324933 894363435 845576104
560946407 67553740 50689974 193267352
242001908 11664021 570306457 227617438
727392367 620060123 488807980 232579378
334907088 68383589 550081896 554514885
77750482 36990810 708032866 430779969
769730826 101648260 830491245 48992089
823025440 74409967 188814881 458456894
257174203 83276437 756871551 741083459
903456570 876399755 986117789 101143850
626789104 298974638 440984683 217167127
406112666 217361059 73892604 72580430
237770692 233413086 543211182 495625034
672759357 585744486 832342476 979272383
635113950 317824467 800654605 683455060
667976309 256887663 519120934 476255812
939320544 665963967 497511544 88780871
194803468 67684185 603234774 581508994
746543609 519268533 805628473 50024700
419654 296088 220137309 551787013
551931666 162110081 963823031 311503289
697174296 610844515 559251065 445397331
440586136 62632160 593131223 343907596
888469519 291793473 749418993 957264348
266841268 235881661 341806968 622943731
228322780 159063702 814465512 385331600
284027844 24164366 508030986 404950649
220571144 154293632 773302186 51718165
364846948 128681905 322585160 192470803
891977029 774497467 543975693 866662897
504414165 31405038 701036604 914595629
143119930 70411441 917715892 202269856
979395510 107687277 657171972 210687584
414621409 9535932 605158278 350669426
810556588 558875025 666013291 436791474
471943373 456122152 539378059 741452473
202476410 118731233 727036877 826170873
644102673 602133493 847248014 167517467
412034105 266622330 294942341 729221494
662968412 558237562 665592640 234687837
562599200 444734466 467547261 751242490
600866813 501678739 265265241 74806678
259685791 196895836 521688142 577279851
612855838 250743879 193669289 47142114
995350489 751425900 395180790 978682232
828927171 676429919 898417333 510364169
11407734 10588910 552012404 592151807
651873723 323781174 967456842 446253995
824494624 772516736 675934269 971732175
19422146 17986867 427640948 930920083
60201513 19605312 976053243 258486206
13830941 8787696 837038724 59652982
881435979 803429429 339420858 852885605
630114939 344466658 302445774 422688464
675246256 110770359 788280334 877392925
320072325 316853582 116865396 522442670
504124291 212797129 585255272 964926715
459013324 437310577 774580196 246832806
224398916 199538783 694546795 834109647
152421224 32216319 753569299 690382989
429783194 53515080 934477546 665548889
784104596 564625732 254359542 461533461
185857079 57660824 530106436 704926751
325381966 298814711 700861360 587869805
990418323 760958561 499770799 455592860
792767287 607644258 474522675 949258344
147563148 90005849 855812944 579814724
220839458 73238469 898466150 157430667
360719196 158656142 422488559 148332081
360718674 279235115 475348722 979042277
353871234 131095670 538686861 907222378
637887927 166015701 842730676 31780984
235322876 168064874 532670426 689974050
914594979 722384610 951581066 503787907
558300007 400095760 648615411 955256906
335911064 53881818 867057940 915203239
62762749 19519263 916831328 699863146
292835962 235099744 240948694 622571301
688693984 587888812 566842321 15801873
213430840 184229302 506352308 91407570
280119456 173702140 429414134 766619353
766032291 153554631 968235443 239668349
922558857 597130749 535108226 944841281
312654346 218723647 543541635 413112860
96160774 58767085 312052680 231946134
975676094 508540011 554556893 567483838
866576763 528908321 957370019 514922574
875166537 337719450 856932174 164366421
684522326 648587200 156753291 9784295
672243945 379751207 470336997 733408291
149687437 73153667 180319633 571699335
564993531 424184826 649644369 423965227
183156292 46862271 592743347 780661571
355586097 318903335 381235160 787747985
792065149 574334987 876567254 14131338
83999129 49682022 43639619 960194018
551562706 472499805 806929319 909460169
595298726 169969384 905412515 462033681
272967809 80993147 493141505 617323483
872036925 409415386 557661274 49091813
313736911 64713072 960861841 10458013
244564914 46370168 695148393 338632943
475363889 2972217 670957138 939386994
536026368 195278183 738634117 641533429
686406257 486981295 630792068 286314189
417556682 252801346 604840752 386205293
67966858 59648747 905911908 533826429
435081937 335130569 961807294 448424950
502961065 23238233 718816159 909119992
38649057 24977330 382284509 328713779
692852485 400396627 445736862 70598876
588780316 252320950 743474253 493294978
763788126 552141197 359150454 777441329
282799821 16202598 514696497 199720540
279552912 56413252 905286059 967648583
649157490 618848836 504867007 651949099
804298576 601447733 513413183 211926179
652736874 282268933 863543137 911050986
113580414 50861048 770469892 781919460
413943749 25628364 548637293 988676987
783455986 590148829 811077671 20301065
109320597 1521361 971524921 37636273
174054593 111314307 943774412 590495330
954070214 435159467 992889832 105253114
2425658 50050 702065224 9674789
723940753 666672640 332391062 169381687
312044845 231324193 167255113 931117288
44078757 1171139 243073767 153048632
556956773 90387556 897937220 934299380
53181726 49191897 44662549 364236376
802314551 365027293 993597398 430602935
725498813 445114364 744745745 50108608
155533031 88676712 454138254 577099087
933099341 249043989 962859902 3481395
835852185 573637478 347528953 876604317
279738118 3522925 321099983 117682334
771773697 143490034 837491192 691654589
6458427 6048374 590777946 48978611
81592474 58077694 36218364 608967628
351842545 219269481 337616475 99908917
576116729 548833678 963748166 436031248
726630954 380359057 476802984 447581576
950202645 784081361 877446353 690311561
194365348 59252981 535306704 417210933
23957871 19367445 275189931 741744114
765862006 389213810 701352342 295252783
348066811 172844623 735162879 662262683
478500708 398095325 393951449 325762683
852142778 290464597 323220104 89579976
465788443 136555240 912235020 394196650
265488397 184327574 737523872 8500608
885776233 760051769 520253711 905512883
722334502 43634903 733902292 776457887
632804721 497796679 476738845 641735927
319366788 306299294 370848901 244466710
442435214 396765504 848398420 471647655
797733017 742912989 389445321 237380195
847714777 745562029 494113893 516358019
164172834 135500656 61357210 439164276
790402598 636089114 930228236 601338516
753099002 335236641 275057744 1757399
93166594 16978852 190969933 762282448
729951252 558040657 517041973 391868628
75447491 74533225 510414814 587960902
223318159 206237331 792213202 510822187
722729253 627464692 652038715 503031442
571212754 120134755 970047259 47307696
960531797 318339017 993434807 485255238
608583271 298564841 490491839 245666923
967993321 730459655 765790721 13705309
160534115 68341778 255132762 607278686
956037145 766918669 202937336 591590906
298568248 268955141 692973415 961553398
950607252 902348593 48820597 729243413
551925744 292173547 735796191 362684987
213098297 136125690 304782674 510085972
462226478 358676390 837136954 425300680
879072918 808180475 461593228 771388127
176878294 151137478 728045850 916114359
32062930 27055082 971904173 391843365
302170324 246785490 994076128 229504323
417842436 237176373 726137273 771454014
959104782 72864811 442568418 211584646
841085112 530119620 467228188 340590632
74362804 50879698 272135734 184631745
176308269 163854319 177069491 22870236
487626173 262134628 927670575 966071907
910153903 156108492 923778165 435333320
372168028 149479191 686245576 631376071
204687596 192876451 81199931 497349750
969512378 599278981 236459579 103501092
379972355 33963594 459775761 448218506
835977625 687030981 419554407 167418257
404948454 247480569 642140286 677209515
793839872 184026753 380726511 152061979
739712342 213805228 22701352 23877260
447517286 160025156 498945076 105667309
109023317 70034687 609000448 122664929
807263105 454251837 536247316 635677360
648962503 253411728 765477947 764931112
277073897 132983754 859288001 832024609
73432471 40337069 784787447 287136458
197364710 185671882 688545594 986624048
48084365 36779876 500000100 895642829
18715829 18611825 37253781 186695864
640182460 264589230 776249195 99319796
2505230 41077 115946864 115418380
242685225 155374807 566703243 458514017
65313992 19395668 86603351 572925141
26596047 1905321 447861043 984714104
89905164 12168124 162647526 900859613
180061677 165763286 950214284 41426911
719632635 497542852 463037238 82773901
708142766 679707022 841442929 489090674
948513064 375224775 761213695 555900923
201389750 150280945 604075210 687483733
18967737 11246901 17492003 286918753
144536541 32200117 443642640 504962305
730234651 335857566 459149758 917777098
64493168 11726964 885327141 190676250
614003610 468563266 238064352 980060876
749063434 344280471 649932700 229485894
372851534 176935698 630769689 501000997
670602840 481207783 507096545 929346914
887699111 129680534 567387961 12542463
529296054 3967626 615704338 917081921
63710290 42863151 671302916 479444309
22656504 5013684 911189391 619353236
206711251 37959563 322531158 321363807
505889600 290222783 556606173 885640851
867230121 693814177 557422799 484691566
815426953 803755665 165535857 173952905
704147848 123636264 413731705 158376502
107019438 59775163 339079589 476328670
514049803 476356947 69963430 888577080
222561992 81118927 424893340 358075401
674315228 669697864 365734321 210854706
789724801 43018338 157543724 165870528
338788998 203428642 252048048 301371966
81718849 34596335 571355701 994447480
327011849 285136526 760552156 645034018
908729648 581358601 429722852 295925212
111990791 21592852 443944202 515699686
945206215 770845320 565386177 357694235
586718220 194671167 280268147 73195772
383679971 287467477 507362527 324457378
586995232 355150332 820564343 67515623
428322626 183866030 953769359 576767774
603030510 573533840 697855211 764895700
723672614 183456468 589426910 784654114
498506582 110650713 51132259 309493348
756758623 305661922 780917246 763833601
39271787 10137122 319518996 917773474
10678685 10496417 516740032 146556945
568938218 16399025 796108900 734095148
887302882 807295702 241510608 908433284
445891037 186082419 336726445 765906660
961423517 543509014 743509223 357696429
316806224 63717251 649700773 52020010
186441821 158752842 489469817 377113085
360909560 118062755 890964522 358363609
63869782 55617119 18988662 370889033
838053763 498536574 953076624 145689049
8072512 1490515 222036274 947635741
261055514 174648522 593272880 99665323
484986127 459051743 724507330 942828272
724777768 626731809 624599680 517814580
453545402 402523481 284753972 53876967
562357182 226023900 507263905 729291149
337861539 82765123 790100688 837584148
385118070 289551676 729638505 497930716
763755983 664838607 529051625 680906025
837311297 733151552 38430314 30094776
985304313 241216211 871070848 474690094
178445011 175348264 112795173 261387086
16514888 4216559 643759450 505815559
406833376 105544724 401267399 667629347
842001386 585357735 797846486 451417153
85278849 50095312 976654591 660798216
913875205 29083517 677914631 15985191
5463321 1982771 249558176 366845359
914993410 328067965 775246641 558448584
804523075 538211538 674547115 130613761
238772276 40450836 587262813 107857443
797441439 484358154 342590978 46570735
672389955 572552834 882175884 911608133
929533461 489777049 260916818 80025184
662589563 337723781 981733961 344494556
304211995 263873649 741174099 925662207
720644027 518385311 631572958 453003552
992465850 285317346 750966435 909307274
389643096 218579331 590421554 838642344
564443231 477820095 323786302 796780699
27137772 15689715 703925455 547737396
398052033 227758959 702895869 495739243
917362294 789102317 312112328 172451065
985583833 810627257 259881226 766212586
435144593 283738087 163903773 895949294
680282061 553059261 387873373 340104177
183402175 153832100 44978765 815693672
222507107 93909491 523820622 595947679
930973013 536172738 858785214 985157890
980798590 502746384 705917918 91403815
764411634 597985338 862395016 140572789
215288274 123196764 165796010 353537922
844950733 836048217 469482258 349265169
309500956 51534482 600531263 774146175
436149086 37786493 481229557 456822305
209550402 94520030 664855916 365140710
235644177 75726180 744633755 231837624
548881483 198184915 471823843 644166267
99824815 66274211 739105291 238859041
179947343 105702534 633142851 419750612
693944775 209036578 150522924 185440064
271710360 218910377 632382672 469700655
353675899 241641461 500256466 988920895
303077740 80894926 634238182 946328466
513724732 121783898 689195816 705233029
760581677 111047905 418367367 12293913
244937067 151083787 866497204 693304486
490968859 281593693 326837042 658890232
966267325 96885400 222055975 552105510
509785002 437197912 804802891 745641947
71974802 8935006 248192731 342867343
127758800 57078071 769543768 158333661
310661971 294546350 396886018 506240408
255488829 124034992 713136990 977587806
193394784 16755407 376368528 432160920
450395864 342685865 884652522 65089977
507493199 371463277 653893314 37925638
623197715 603055131 925945569 810688978
725820310 147459972 478774781 81672599
905328850 902318955 535202283 48199507
316915728 290914344 233326968 117073714
855426973 586642107 794849999 998869559
65698312 19223359 651646293 581293000
609148222 145939404 679420908 528461311
583661032 13803584 692980111 596786498
335151053 104470720 918002674 62048775
668655956 613855378 998590088 77765549
180790808 116561425 842890194 923094906
511044751 318699639 769018451 673000085
962522967 767416857 537765026 797796853
262862803 258378206 748851778 393882471
415215652 93832490 946858251 600471117
947246576 844400839 645808201 629626144
827545950 669457086 75292120 40238060
267984190 216845276 995795376 144893466
13764719 7133452 241658849 574197437
987530428 620294922 690965058 861922764
590657986 527721104 676404748 547219878
602055667 492538048 180323686 152190213
219234029 173503128 614672297 216704438
759760353 198098951 732628452 467472024
69410432 8714799 494464197 941222813
799574369 437099497 892963827 998066091
111050705 87767476 333512735 845083677
684023076 674752179 17583786 354113953
334170961 243022770 132375420 672643040
974369697 753193722 444263910 266992789
654040672 383148408 953135182 737289870
632021945 622352481 232666247 639945936
115498484 83899055 40739191 306091602
697456131 556223685 759313506 927784153
714480443 191414093 939235314 338699116
943830286 130027660 864769766 605382158
706754570 537337241 222121639 406346933
821071503 473123252 571220867 415312067
165210219 101228832 440842116 312513702
899154370 442983932 715425255 949210923
70342860 27066628 397498088 148035078
907998843 272066260 973856227 82983223
646118385 329108780 634908293 88046907
692887327 541586404 168106050 920667676
150060980 109715571 737036927 148168799
262712615 76141420 457400150 223460966
59447433 36755949 532125443 33649445
849526227 556564300 419058061 787938161
337383243 87877924 410138511 294356119
794371367 572744115 299975836 854368691
217321406 144842648 703209295 560148121
940117226 762314358 775732432 199674347
120645443 27957875 135301323 441663758
917619503 896414122 474719403 601654614
915050685 437725860 500205815 274358195
710906617 335119556 688463330 683630572
50089875 15155770 394482637 904279624
328747096 43232952 708021413 2667391
450760729 342697258 125972765 243776304
189839616 180777969 613303017 119429515
992755546 712946211 741142988 463553222
955236283 66950670 258817579 506257186
630536844 407081860 763738593 139608783
262891857 35349816 914942351 748989061
966098147 732504961 829402408 240302533
91485969 5470127 853807856 269565926
124525858 46482636 798086316 945340429
71534931 59344117 16308204 856157237
948276965 45459637 260554341 514700480
666850307 506805399 751776852 277215214
304443961 213482484 774459579 66993950
449373146 351454225 735499368 565641220
950731471 130850595 880425154 792176113
544227638 119640955 581253818 38465828
896609388 709786363 670254824 598501658
513686952 149833511 454015939 419645618
804243931 332395186 555393638 582480474
661616515 604550860 538668423 375087700
788024613 700737392 718155828 627891215
377720638 185517610 398975650 685634284
640010969 376613231 702887181 454615621
878345027 91250155 938697392 121722893
335626901 52943803 834075283 601732407
147448515 142309384 217239673 116248953
868412394 579561961 966578314 84158470
783629163 459047089 425959637 408309120
33864811 13142628 78981223 778153494
883624782 663501495 988620758 803249353
504562269 283454308 688318042 420995651
342839711 337394234 147522249 454444679
174996859 135951119 326983423 791670245
527520086 222488939 705763782 520846475
885117852 105886284 440480825 6233338
580733278 92608507 739059987 550211839
917679223 533141175 862877033 484555813
130337264 40286721 400493395 157295996
433189823 62258901 413480796 720061165
431171878 55571966 604733106 602909641
272738084 151520076 324065814 670545364
418219465 345170726 440522065 555214335
250999405 216627172 771803468 733843684
302426677 99747961 878986255 767720333
88993548 61970061 560447037 242053602
211554022 183508509 714153312 865984055
652449984 472888944 818276899 144190923
778114274 656747718 301950026 374412755
81359995 56223280 886578653 84666456
179662940 135903975 425820969 998627832
743420201 541017268 392207267 141165251
211995592 28416084 863829991 579444079
942173170 696113499 983266560 626609990
760871222 671404037 89775012 495575343
543657204 372015581 905238889 413233825
184036153 23119969 522431193 328945079
553099791 46539798 117220093 336098431
130316698 106834633 903526754 923828676
305047288 120494087 702721185 828080349
386989052 354882201 578802984 563603494
554333219 104760713 778935971 29327784
763109846 686031314 479961814 67995863
867960232 863457996 855227829 544122929
389951447 102221113 430105426 6462261
878835383 2257937 239622723 118071356
640621947 295891492 707258115 318670197
381295040 301382187 536835452 754194641
113298199 93829995 166486929 412502748
722047794 521036916 815024361 766814262
400028300 181240259 648945077 728536032
881192472 611768420 698013654 244922424
342562316 275506479 954205753 590384882
331550920 151194727 933104690 645677750
356675025 193781135 785380625 815151347
846451455 606027091 685885579 491229185
724277191 323543076 698501226 418353790
306207522 285488739 389298839 32845247
782641412 628142455 443624171 123539880
500106717 407652075 746838329 990122058
98758818 217894 279339435 596986301
429306132 175587379 327793665 790698726
939059156 793552218 719966503 132650394
141225355 42776206 244326154 553134588
535609204 439235266 828441132 449168445
53997818 6476103 961311048 524066533
452477237 66427607 773166504 817086158
651417748 458362787 936554288 280049365
630460973 374306268 990594319 8227350
976865262 817510996 464960246 111991302
388877965 37381307 477442482 218068688
570995508 290745610 851325801 84958601
758250685 722182739 430339414 995175901
809938678 554235657 344437439 826371770
649125989 626519714 34901729 16950352
399864922 290484999 550663795 681406542
921463276 174244970 503933970 133324740
126297335 28316670 992149206 104887624
33391643 29121347 930770752 739165185
562382567 497134385 509151947 556222540
205910835 105174764 573917912 103179753
109232229 80646066 740548571 563881030
685431247 296640217 501193630 310469517
460367719 383695548 964597518 387789516
107187523 23295296 518528182 643667377
314589812 256374644 257411458 179546385
495477900 174158959 649061083 579984339
784420876 430755349 60209601 110705505
293646563 70655094 698266981 14927421
353637761 278076889 918324881 818856156
663719016 427661339 584342219 883906262
36967680 26793102 967913919 476156340
80535179 75054124 208556536 727798148
722207801 698077392 292916568 43993770
397493447 160476569 763288660 344319730
551288829 452510475 520061993 908277566
47294904 31876563 337367655 56749750
812747151 179221656 636165477 54227644
844996226 726987350 525149186 709748223
590964700 370074387 782969290 788568950
417638241 218332835 797884126 257740677
422269232 151872907 819565981 455556665
732055850 393757588 450258922 921905634
896325739 13236264 244224639 20068812
689237271 344774407 513204121 463133332
2863072 2844629 976655624 861246860
42446868 30956250 420340336 731728743
157413945 76957908 663706814 432270459
871816938 654964035 938894014 825269029
787717995 114955272 797216637 973726786
558057930 78283552 565403800 980919228
138081580 78907990 699250203 758711269
312855828 58449616 405086209 83305648
230103515 114434353 804398321 326106537
491202593 376843674 490903569 397629553
702503618 591182591 156848652 202787482
601186970 442859011 326005471 833995513
206289690 131277412 544747698 749264846
300467803 117300974 577688985 582613303
561197450 441253200 309889909 119718174
608379989 607160286 393756828 40126766
611348451 71794535 790801274 13410494
791358497 398232239 630245073 853065643
330493447 136036365 548034847 42887368
854008822 661110047 996722639 115886459
146862113 108478966 347465368 380047424
98915674 27306110 617563733 342552419
433694799 345950849 414004624 823050840
432491533 16481951 888810401 565961634
71373222 66825227 309762592 941810832
530476273 82765679 980316057 428114817
569320033 285257022 700567711 501476074
517510455 272831477 567164789 176842574
199191303 100583979 731086224 374346767
269242057 228683811 664355146 537617770
401703038 195236305 892000145 114438122
404490148 96138804 334219981 561043316
126388121 76437966 490721039 839430478
981767758 638778673 806577952 355217309
311322377 221559492 631412271 490913973
13778615 5250819 806868959 575338438
73818560 1450575 193461210 27499470
453289712 326862076 758856674 774944730
272661854 3619634 909988645 839500059
937336991 477820042 831482198 487587447
643021713 563117610 999229586 256663517
886943455 366916063 572606804 875515073
869352933 300857036 573576414 390541325
204234785 48286115 602061242 442131904
153678713 91235818 768374743 467681270
207783570 175024751 315131284 529553198
75651175 42186374 81356692 213769560
692393134 27779891 172315916 364955337
21011936 5959564 277939733 451944186
428870742 89491841 392737656 888088601
429864537 399415020 325642382 888302406
558327182 547778795 675008948 113950447
909200214 869104597 592014967 931039841
736794786 725247341 449648439 365369866
80408534 30966021 86231396 11354056
542419288 452578430 486889367 146548521
411121664 401652345 390330109 166451466
625056180 355361214 456715695 385716631
416006588 283644541 920495548 776821475
409236863 66319221 477998639 53772478
294986536 55976022 913492829 887661334
64929184 4127419 727904253 473401470
746410380 403855250 826216935 793785801
548650833 338307788 430604262 148228919
411556438 177650227 454680233 99721877
705048022 398758607 989216852 480656159
108054932 69447120 864567557 686900124
922268843 578134598 372115385 885322491
565470587 45073468 695488505 842816065
571816637 119066868 515501377 664202681
25231672 18208893 289646839 776264028
349844942 139029235 599996892 434301689
316599765 180874078 321412487 223566681
896758277 205099131 825899685 189001861
150889253 68437755 169122030 969428882
111043353 42659045 783758163 517704517
717782582 458456630 576063945 597048780
631094334 389714279 904125522 461916083
927999559 890800138 763050570 457588970
77635554 11233315 638179063 31658993
432203186 426629849 184170762 976840027
571620694 169784081 894092442 930011627
483258698 141430253 836193171 273716296
447412605 415589588 157540082 125847329
216781530 126797332 281274754 86713754
741765235 717330095 807083731 152533753
490539922 461185474 455420876 72852080
329554209 313499330 349680129 689912810
946454935 539760425 920055372 330796718
107006574 77359351 182065810 878236934
35361302 1218627 115864320 112147232
429002083 250415550 939190019 624009396
347355995 226722147 437741123 810836248
414443104 53091528 395914111 922649070
176403049 42729906 221649999 101756569
962069823 312083735 676203406 952891275
357981975 92607766 725060751 78238766
600670337 353460030 799354512 255471269
333752301 111112124 507597798 755149031
207839734 47763562 517488041 985939280
621621818 46494015 23679005 164681570
134855373 129208703 956780270 543278037
672304404 36927261 856175702 531955440
215574951 214101619 213969017 419389853
819928038 269584284 583083208 998279127
986451677 977980831 267590997 709176977
7056896 6670036 996154553 77767681
84732032 21071453 502384929 584073143
883098076 651768898 589508676 223245669
772979559 414206360 957242476 770887811
543117268 277133110 493973473 243569879
885150950 270213376 913911891 953905376
146986416 94185254 839426637 422927359
387754606 267217096 336850463 316056170
876096495 703245218 652981353 261249962
574355318 225654016 484380587 365422247
333217956 19230768 674633920 983826364
970091552 571120732 58757196 3894097
306705564 50920158 334654071 970810358
675596119 350676865 827589453 233071573
679511365 365977825 650396141 476641723
243690434 55085572 438578092 198076650
864737964 707129601 673249867 86904241
4458099 3056086 848398464 914550918
466811109 344561750 688006923 786129644
306068750 128150344 786881669 501790396
552133712 530819315 489895154 20206624
583352412 425144976 162704979 323274607
330118399 206741612 969884060 174954172
465406141 163992106 137569330 91729526
441089417 107387463 603027182 402520918
211552076 29128130 787819607 707558611
542745859 343123825 274714941 843203280
708401525 344717165 943495248 740634459
831333948 330086754 897151629 456221107
696845473 693969617 676458484 2730840
199304287 37516645 610373769 350577925
