1000 1000000000
238712085 181951614 202074959 801285446
729091482 672916142 312937313 188595781
841874875 690354723 161922567 501002850
222053841 76021453 992987291 539456064
444217943 324271101 749197610 434761907
32898690 26089929 500906866 561869298
198698299 135100125 697624493 69343532
619664456 139982130 928815848 564185073
827365866 80893737 948396502 309353088
244004724 182927566 227830806 985744520
175975574 16560184 448393210 955391432
21548303 8014718 486259765 826789548
789200193 531205223 647890483 775022201
616093710 497762660 562019770 41094042
861704910 795598239 241079622 67165586
395021976 184469881 921246308 295225512
214840722 190931328 195486309 513356019
34548990 10250738 599170150 854967342
854871515 655253028 684868124 794638076
575270240 538134631 241451193 982721093
52009677 51541027 51852865 846310198
301850875 176295380 638483104 30673422
619982375 9948276 816480803 8216998
621841300 259499581 843371235 204667107
220613004 152556098 71572069 834762765
312437838 152019768 184561765 676966953
838382206 767973629 992605288 404779258
817935335 625817072 395445202 938325316
597304180 157703596 636832738 298832854
71973646 8068399 883100064 215293571
915619271 843014595 72847465 694763157
295082363 82798645 439523906 768533984
297180116 111622033 384245279 810744954
102381397 38943927 280482727 737815077
584429716 33388248 632409868 405205401
502227588 121868211 838668283 206085436
218591152 83803277 69817220 29254411
195314215 175261478 239569932 262897516
687235054 410735532 883561378 488903817
417861242 6259090 934825097 735775005
684184388 449987102 773385595 27799116
425641451 369048635 561314834 177526925
707482679 308870135 907591715 59688612
408986656 199250097 596214891 66693181
921928984 684057828 799742063 52818270
282567058 73326314 626519295 933278824
748076340 597469858 931241056 563547191
66754316 27579388 737890709 472804077
385925078 80154289 689981368 797586323
934915524 723373176 669994419 625098294
506555740 247397335 790982241 747420671
544019242 232990954 718161499 675508185
942419372 778746852 375444240 637513136
1296156 677683 337720868 62477177
876011708 598713742 583411084 117413454
972339386 365035150 686637611 269393997
364403072 180209205 487066786 696439294
307402436 97139678 626806719 750774070
842714752 53662483 816837569 518103582
245692665 188231478 334471245 704438897
120560562 103845794 707773055 955607783
414004478 27649635 485489576 113062974
335503330 274642092 818683280 774194506
583266599 566693723 163178277 82617957
795486621 584363408 345734242 366430992
433769508 365584445 496534352 678217552
353069594 162020958 536695117 223324058
183909291 131211528 855008506 560539825
443579359 86502056 729798658 258119696
579825683 427991497 164895307 822881900
84410836 19486388 515325625 59284665
863713383 344865933 991192955 920423030
520743290 402690436 341578797 719450887
581294705 542428769 404232384 965632850
41944992 17801040 530467323 376142183
825817299 524309078 367338893 396199823
6547595 2161820 316969055 283664504
44040708 17086480 765884584 329081085
666557285 590617207 532713470 412388111
285715882 282048116 513006555 338431243
722500009 169696056 718657250 781538726
62327527 30100814 325036205 235899035
162206389 119604061 828339571 459762559
62279544 27549638 727018295 27750494
172386386 108492175 908356814 157426718
966110921 649717804 584641634 962872536
619142125 540011138 913557451 138114379
568954104 512182572 978446378 256751158
607986387 580788304 789080617 963021948
425679175 111722209 549713973 329327190
429013587 75853141 870545507 266584068
546986829 429823914 928508899 483678783
926807838 98781489 429339669 254169236
949055800 692587621 347109778 653707679
833078273 581057094 338419375 558774848
207414783 19274418 575109726 468602770
972677838 406821910 106386690 125753248
852551826 679307620 894159141 127770115
682541564 32608106 951372389 7702611
844771063 762924949 578163826 475540489
792021768 345866177 873131293 44309146
978013492 835026323 756405268 356746622
64945007 1302749 703759464 174574284
591085226 298211584 296286582 596097103
72239620 41217542 848009513 868997459
928472229 771250574 78864511 7496998
129098768 91489135 330846243 90956325
428254818 407162168 608531605 594467683
548287758 34306752 818264986 442480668
910615753 538461578 431787312 918199615
884144417 93108034 792563249 434214998
184805276 62842594 140765262 469681872
856133203 608389711 542779488 827275543
122334790 35343114 98738255 47361085
247144429 156347178 895303035 722595987
267410105 217130860 127801480 155040523
448121951 116011894 619203047 153750086
215294573 148745056 909235770 470831383
494241732 474609844 311290890 576704432
729465387 308574155 827393257 242670583
117685263 73069281 354495811 793506800
119706852 51938392 554846274 338823659
852994625 798998138 319669863 385407103
71452043 42893471 380842153 633477403
504260770 2885294 254036392 162368203
237167864 217912839 851187973 318091677
991002770 435299201 830906878 664624484
739642355 262380252 834571254 314020278
28956485 24696882 405090122 917339515
912005482 806536383 156014471 646528469
596939541 10452695 307469839 65857343
986976925 896676625 443327323 872161942
567087501 485051530 895853402 511791708
39604220 16432335 100853562 811220807
399597873 74266164 822011265 62140845
993683906 501109960 617177244 525922520
224142836 154114091 955404292 724988008
61898640 7635194 142111482 470789617
649058402 512269340 869343919 146399324
299468633 249709113 756534940 869475474
803953142 359407558 526009026 745136049
387691018 118965893 373153068 621614744
47431857 37801903 240079310 956483795
47723727 23974863 733024084 836946526
537032451 523295670 88356378 234447633
389393291 351178130 138027860 959099605
402790593 62164542 559441796 914562939
348639936 90317813 455431019 879105658
382411691 312277468 332458078 971996613
831144290 510176754 490431735 268455569
859813970 428895347 20592030 65469204
763642440 46932652 884622032 272242277
367147827 170477250 529702954 410489446
8943770 8878822 101328592 146887280
612696166 403569859 952591957 996409400
146015251 40283254 117319739 711187373
475123660 265695071 507121928 674329112
238282175 117957261 390313074 517025168
818827630 181451754 696058690 540021301
21023373 9443303 936760623 717420223
559768671 337969653 567646729 463659742
811800950 628274087 203192389 688838787
121806043 47085210 126181550 586404636
790862287 603398603 730444007 85631918
154519409 63044960 717914931 899964740
923679964 431968646 320249876 72615874
701920425 441261273 846605193 640995102
830239117 680200002 380239080 977561818
911763047 252057337 681400165 733763689
192586968 185338892 986183501 31927700
916633657 164924568 957898647 264826379
252624688 9737811 716296342 330601994
149840135 29594288 221270055 665931058
987536009 693404813 632653114 408125170
265300028 157721370 485117977 925963075
893863929 182847780 730251415 369510148
496437841 36066428 552433365 181481046
638105891 426986524 255975402 481904091
223629711 133823719 940057885 716430018
769183119 756367068 185290580 75924840
254751898 164435816 378709876 935196524
481537942 331780269 544623547 751090979
416017662 117643376 636281025 881618092
835988966 645400179 961162526 956470019
995267050 750166206 109467194 33971872
513474336 123648060 989921023 439981281
278444044 208085666 251607782 317619635
239769988 55493982 511121004 144118597
570618278 185164013 473289029 48214757
910005459 430652212 680729899 889681258
321968329 284410193 897438303 793873035
201538127 9626221 505333727 856851883
137221317 25235703 682650788 799701406
430512508 162032777 450796986 976965481
104742162 62392437 411195339 361667987
323220638 200978607 721155362 86860885
273077372 231517914 967629438 593070048
305542922 78014802 547764061 587937066
853447451 769546414 465887237 737327184
435703750 102916494 784141614 204333879
456802329 370131261 556720534 981699692
579252990 529977116 440001269 381532026
742911459 311510726 854961518 509387770
36505329 6764685 729732486 489988905
558971535 85507230 612782622 357857157
650981455 614010215 840798032 937090569
117868204 41523476 745128433 792387168
414382725 251823673 291459942 906867658
681225935 636030225 90003110 432747231
161904460 142786371 310875781 823703781
767957686 729840170 373683748 333939896
369172547 121682320 761110619 47284102
132866395 27488797 937482791 779693156
973382044 592622217 730296501 934868964
220821132 151021522 395916283 769959740
647081360 67156902 81483967 173912119
386920788 92538578 301174338 540500646
482465115 353364811 211531157 164544170
722849623 574134082 292412442 584188984
617862322 391280349 942417116 383582523
877569772 616912076 307842421 922870320
851617425 362895515 844116841 366795164
309308620 219810282 141252731 738047511
349726070 58360282 822397452 327330624
147546087 128806538 675422789 599652151
721211283 441388217 966286619 569887636
591278733 276503074 363433619 763103253
12900841 7525771 454536306 535797890
672161427 645573488 256059033 149814827
675942049 498893472 391004084 225093535
290793875 99736409 690330690 914403747
983580372 505460706 498287082 643019862
340889113 9857146 762306043 602820837
800193994 358026012 448522258 929641703
27720707 14730542 223299814 63901518
872143548 193795697 957962164 406383027
763133649 369254153 689302291 29400180
492696833 10859062 916795501 999237753
498051417 293714546 882038541 97446418
808418618 519388029 588589500 603821695
797022169 731642316 761054035 461972950
595880844 177986777 754377092 242130402
680598739 450786976 822894554 906369864
203724045 191012683 142881023 63443536
1814945 1456242 55384539 726319468
21975978 20131855 28187606 723538801
348284116 261261440 933731288 568695952
196398944 185843412 516291553 246979868
850170599 33522483 543166255 238527481
250474574 99800902 288647439 598000970
233104502 96967192 829894539 520523436
903792358 224423268 771663018 602868138
999992161 881785047 433071597 954572796
724406537 217287 70495654 105073742
402500323 162570464 845872919 119321105
577469668 441149325 355130369 663208993
301057325 101507650 743759301 756097997
787614337 735860290 314468475 709596559
767272782 434317915 716890614 794054377
4453788 12466 14663202 444155365
883106066 728338590 235891649 616423622
344429271 194815559 384992478 249515460
745880302 380625753 480426488 424969088
299694224 125538863 212585229 329600046
839537820 403811008 671813214 603522010
427537051 279328803 794146702 357230299
332935141 230047220 649182601 624499447
413063559 80980036 370366132 326288128
183813995 91621629 513335603 920758889
916977857 60297988 959391320 870531232
922168686 350124670 709190347 853847132
284786565 102923921 316095554 451994784
729362607 437079975 611816893 275902055
453944116 72223817 862546115 950972393
835635601 724284844 597363561 615572288
66871253 57350426 441986535 181119680
364489640 219668627 961765049 175191240
190212856 109415074 96177630 313239044
151793203 71123404 877277490 380609519
61987146 48811598 654481482 704399423
619704938 377658244 915245508 568105027
226517877 190691798 470266466 747187644
535094795 396969084 977245534 369647529
408071011 100150226 684752108 948163412
841773483 689005399 886760928 129533113
934434374 772838733 292034130 590479620
375418812 118807661 420070020 853914129
606008702 176995689 624260332 77040413
289007795 67209452 969616238 99065417
134317745 75331045 625005567 524983126
633254355 502840052 343685947 67355925
851288146 799038453 180092314 386981032
320180384 30609586 313867647 842755542
341158502 85213873 709866952 350531619
454142506 327872458 967581533 140814669
350572867 90275723 432336013 253572338
299079614 167969110 575495230 996641026
153757820 107989219 53544203 977562636
86005240 74729079 830157574 606602287
306227531 90627999 798634344 565738247
32975656 9811862 227739790 830874583
621780064 533816151 753148348 526295472
931172658 380375339 977437229 345438773
267802280 122840009 560749519 158308880
774953926 322714637 267243381 83091151
433176425 261192824 951909926 438959954
422915506 419305955 162093858 490153603
180022415 89186741 321011377 94066775
395035807 163464312 340702402 751750492
916699803 305627402 943561528 623902869
716460036 171386464 724154982 386968196
7731031 2648031 908960245 413789380
339941020 15516069 905709128 615808887
44342253 30775678 984012271 320231211
527594319 525202919 468389483 91440267
509913308 154968053 447077150 581813881
761572917 532779288 672320142 534974666
258755111 67309206 276594860 689396231
82873939 61417699 99472866 182307260
565494950 160237470 772276192 247636988
925417823 812126734 193551682 841518930
773207543 407700888 418069355 862377818
381200856 180470013 438862241 21778084
181169429 176980130 842399716 716433418
628505359 92205732 615860461 753702243
767342503 555795595 694361264 850002772
919069461 742801189 323941584 123267674
489051726 312358884 490145993 827193957
566440332 129876045 890708347 425324992
218847504 64016386 927942805 867902213
602717744 493278804 904618191 30356905
759095884 619049915 786970998 207106188
923013185 907465695 147979441 512912943
358276265 178276554 947497212 622237034
882782703 282585774 908886380 475847330
404075392 14764215 941353735 330785069
42770042 33856436 221605764 335203222
391317505 77612456 938971849 392130169
607665504 241674934 687189140 82220169
787354740 181434685 905655399 806800157
320087930 109254422 571339198 281127036
485220684 7647526 889035946 851520527
419765067 34940742 40920391 337188091
43758019 38750915 735738936 459137197
834763443 791999644 600339870 393092056
854083477 317777642 729444629 419061302
643282790 402372535 846224180 872421988
51405269 5192935 157979823 843576406
971455035 113931704 188863258 534994959
77655865 10016630 941325718 234737061
337866771 167081096 753815092 539528361
61857497 9641516 230775079 520958556
248505668 29139685 336104815 159801729
208987382 73627331 27781674 96841780
804178448 678097735 851890896 731738906
733931033 649400714 272663775 115525588
731218636 540741247 665747257 145107228
96181565 36182098 415936833 478072658
975052863 866701842 485715172 148624655
217555906 136936678 327967170 236161551
153414153 1267978 811142616 725106248
230928609 182817843 462929253 603234647
559680347 182954697 389460656 284008051
361032094 154962246 535980291 708362903
946394483 699639638 388244524 918615968
808856285 616279392 517845256 31863916
281255092 166861852 717010203 281007228
900316971 867593945 238225588 302767669
674376348 288093036 568661968 254303290
17547314 9920915 586759410 428752622
53078361 8475090 893382953 226510914
952680915 764211244 324063698 81690867
875548251 652952975 855234677 146887854
462182783 35822432 67084469 314578624
815153637 730454529 511505098 370482326
300118862 187963031 283328302 147006790
613460552 63817019 750594452 199569208
780146293 501756797 948918322 125712120
433331673 189372852 933582193 899183259
667063855 206664017 843320264 576692727
841394255 202855136 739435421 492148879
685843752 176934243 992874191 49514799
163827671 85495152 312009020 12062215
512456656 370821351 890145663 657906623
100298583 60866374 744988655 796889728
593475456 333715109 626135463 567224143
150393909 101128113 311605614 102544832
110107534 32725030 814309436 217225412
356522011 69065803 413167858 53552192
746828174 504907376 817140881 105056519
660334889 427034296 268567740 446944346
126100682 50031789 532363782 843912398
898444083 373984731 253206642 25099183
434685189 193347478 724361686 835471039
674227928 597592326 589071679 701604924
481429520 325204918 813448928 182295259
169779597 21658924 981390096 604450269
642390726 515299101 287519625 929630746
677925806 482436002 930092888 943810092
747691131 533862908 843582253 476592903
154240746 30657802 618449908 52239163
834283028 396953067 963434397 662535355
489142260 421097951 107366506 53078693
788416682 554590887 656324347 71672221
434792002 148384319 702277216 704089948
528146941 365223114 786735080 647197525
609433505 134272583 781632797 942997883
33355000 4254291 158159664 76513668
641202056 179776123 623475618 753085005
490943072 487579485 422333497 509790242
775635030 547401857 117661864 58418072
525104498 375264968 247149320 416574710
912156185 133174100 787447508 99910838
279306934 220197440 462926343 251558280
518018338 85200718 703015271 674447102
833145749 74289118 930002516 721707033
61675076 58145545 457529321 941772812
90935690 36976031 530974140 916668298
723640966 644122357 360163167 896249128
641414275 632103515 425008243 968709602
122535456 7223294 513746503 761415996
576120655 474712363 175706891 270766367
89052771 74025839 526676045 810720989
681587821 641084953 406894971 410726498
156910128 5858939 657495403 936529548
280649920 165166654 659420045 987277576
400415076 196850631 798269090 944923944
830658143 596955021 642879566 216363100
91764111 47485535 462766211 91006075
330967962 159787394 714343952 669178339
289259640 144435033 947649159 740095955
137031405 115066256 41728043 518688477
693041957 105368022 807226720 342368143
622582377 78906249 643148362 273269673
703374830 513454167 704189542 16433378
406302054 84337862 528253690 201947039
800871908 106605834 501899369 47984375
775863649 685210820 149488932 397874092
963124706 862402265 153022433 192871298
534688765 64804821 918274441 148333867
912187509 291555959 639730791 292116946
257644581 3776270 731644903 921095060
26495490 10037534 978245182 45588460
646065310 285781030 842835725 422877049
73768242 12566520 369381883 953749400
566455328 33931469 143037498 375756475
53115626 6770011 754659962 198653705
665515302 396599704 993429017 166798616
146335068 87817637 923305468 10591666
150981132 43085589 352702735 249416301
357548624 164575334 646496346 988064263
464609830 50331514 626202002 787860869
624017336 303529373 848813815 303360528
86121050 23049137 297673884 299190981
985580634 910578193 977441779 361810400
651578314 554854719 779850567 209139272
372124162 55436781 548262418 653279004
819668181 40103176 970775011 401100728
619858056 618827609 18883285 258874588
59827741 15383565 74428378 930171050
670551846 202394030 731600944 124804087
428665717 59055367 552476878 444809225
530966236 484668140 882914490 716983445
998224777 757176018 837082509 281113789
689289901 410193554 872552568 850626918
380302025 203081839 751109806 990139902
333160668 9884889 989322748 120308146
439529835 8025096 642710158 272930240
710279591 531945159 770088882 734747822
175376402 93795322 844773520 149693770
176398147 65756285 700873155 369394343
139031760 94648945 70248028 733259748
356354510 348660923 317881210 990314719
434835045 268116844 180286777 642180121
471689037 33584395 466402992 382886149
88649246 49628431 421698363 929858758
198597456 110896602 681880539 242209584
297030276 200061342 339151478 916570832
124645141 16896763 357072996 960214571
660577800 319778945 899013082 722890556
581987464 419093970 896729887 306961714
672903453 127856606 622453783 291957295
289862320 13905851 826376339 603092224
444108941 38150281 597169606 246297958
24018822 13242810 486698171 391537372
121732460 23140791 741409999 514520715
903674726 413847496 702544470 397132753
707031119 444937621 457325323 880614893
200108012 56462629 958243345 758921151
970529460 538212666 388022839 6759029
682282630 373560011 408506334 368094992
258769872 168525564 326621921 239635694
742306986 407865257 858909904 92375903
63058908 56617147 540973998 116299958
57050324 30574789 665507595 2948319
467561417 432306568 544932337 27062826
815225705 178755837 831334865 104050391
361747990 224088454 867161210 148258603
923697477 615038331 414297067 555300298
936451466 343187287 184147211 369195874
907479623 294206175 250738211 113811013
919943772 857704667 800028205 938400394
575851693 345827636 529855542 296956028
913914594 822386570 308754592 950546588
178822612 83080465 842149135 436227045
295755094 216960487 254796456 827544115
536233708 189406990 921502517 338448698
155691226 28281238 235050503 750515649
187837883 120435373 976915185 340116774
645490070 428289889 950078708 482290131
512106448 477166765 853292966 820722720
621175659 532380982 586924937 732089023
611028018 454712786 555640207 660565608
432431044 191918786 622944432 391406830
30939886 26320180 335039888 501440911
590400277 94020819 611149609 306483000
301886169 282759582 807778583 758673746
679107278 354197302 790877832 496242951
722058655 717502844 51373905 639957416
770369050 704869130 653119743 758610497
699082779 595640252 975637244 28911243
517003785 452819098 499397012 381370514
558564778 174918981 492480586 827881445
345669979 173231002 496400740 146171445
953793804 917392274 314280699 961880809
539220380 284653600 570253431 528185382
462861215 228924322 390757757 532532086
970869329 744451329 917269202 824096196
143016156 83713330 271632714 165296098
282915344 65298463 689060085 353557671
527826646 259253860 630635501 406362638
395231294 106997622 573605496 528557355
75621442 25080485 757407365 850439223
281143047 143073046 335384902 692472499
115612539 66136806 268791501 530019796
657559527 31911784 830212660 915185149
954861117 262757004 165253781 25175995
929710605 532591900 487851544 878886688
398438473 290199657 969567445 866190435
254771126 54818519 993616529 774959957
634850275 266163430 653902652 44883667
594559650 351679921 998138279 746155231
844227802 484205695 642107149 69328768
616732517 576694099 673344509 656932479
759201154 113836741 648924688 97919799
184795773 131587487 436426248 179023735
240473718 27699521 564505955 156488549
725381323 548204339 782063056 992483845
797029150 216605121 988505138 880260209
609952902 169554376 491392123 520220252
778732385 666464304 448646039 116784294
832595960 83203900 887310306 628791179
697080868 29630129 929920959 120761480
358588007 327690406 135857976 500084523
196310942 27420215 266775710 618521037
886031185 853261034 355232238 94808120
705153293 402119424 318441076 512498396
957262589 911195956 743663813 995078921
920766020 507456973 950629707 914428441
184063708 2384670 398883305 507184668
399587180 33892565 482640176 184960856
699744556 421479364 693066386 886661406
177553141 102144042 169185803 834629004
941583969 687823552 790395178 76811808
720268461 94368361 795115796 759954292
896709565 344991546 566537394 393855057
491868483 177762857 453919350 684033032
655022320 344626062 452451914 642712531
99614197 30977283 336502359 729937474
369841929 70767433 977207467 636620782
206360296 79254549 330589194 394795964
884920445 470654236 675294308 244968271
984306575 980279731 96897897 764953170
409401735 118151275 551937070 455823200
709024271 683527417 544336679 632347519
36577609 11959755 763209288 866806600
758064314 735442122 609568506 379781804
480424001 290157653 886110816 371211718
606922474 54262476 778135884 650858544
724415297 642054361 701521760 110100836
506511339 412134571 987084343 46646118
971988577 569856811 516525418 334157252
713658128 24584616 798890159 769969942
349248610 220476975 468038360 875139844
541108050 540352899 485196823 90268921
932790741 624372847 514738855 412359738
377192447 210353143 646367226 698916850
558013235 286287932 799718159 77764845
9381400 7651504 858376937 139250843
828976097 734009410 400871064 121165286
226052435 53974534 236137499 721623677
875149647 445767440 894761347 451628076
699638011 659849285 431283538 839295159
851181773 741962049 291525700 338778542
883005745 861710508 237145068 247161808
458461693 222028523 748966859 863478018
585882232 81475361 978404965 219438338
360934927 83828498 573681907 828510832
696084309 533489755 808783024 309006343
667874486 261788764 688374370 960792736
637839501 41451328 755408961 65893370
981187002 851395950 971558128 114788190
491918694 143044992 531471769 641873329
740069248 532770086 294882935 283758708
866053060 428250664 751589423 673420014
768135832 678372932 464585658 802269025
837920527 830831107 81915964 574905461
108074082 38476360 613161970 607679786
824585512 474672870 210437250 48426351
548742883 283603390 279954518 74826773
639397017 328356722 454163314 568479825
626240670 582268028 580491893 37299491
735526240 423338314 964290754 96309131
130678761 75471419 508667317 981910462
371066787 22550503 742134599 858474009
999431126 214922959 298951111 332337422
180723922 107485893 327281229 442141976
179301743 72185472 862422655 63856005
571674742 83975652 105415127 338868363
214230236 42613127 715371262 985816700
935956656 917769022 786838930 337991397
936503185 683296875 392613003 589364591
191470006 21550443 605996564 730605893
305098765 145330527 562332805 7944361
861737411 156969635 375096998 66758861
77893776 40545719 252884699 906336200
219794059 62386681 430088184 992659975
608234902 276219470 363670853 390279848
739485884 9049217 830554254 520491306
768082377 11493491 580299945 24716698
721908674 627221026 736822980 685901578
149998542 6343692 692642916 385115201
428253989 87190757 783999058 897807913
232220536 139232906 733485386 874135813
311645958 203455732 553415450 261107738
448671515 334327883 942992422 891775225
91270746 90885103 97848093 341084604
252894483 53329193 272231677 859929335
484761764 51730629 777044753 924701260
195322677 65507111 808824816 970972730
494524094 132119671 726446946 414993271
692870242 379795735 749854485 540396419
278139317 54704316 692576132 484815178
660649651 476358580 750076019 701678680
112658033 31702249 283768346 293482488
657687958 363276151 399022880 905566276
971620382 946346240 213430778 972401917
928979527 181385186 856605030 945177562
925594363 633985199 804782573 484052113
563147176 375533142 990570964 580395228
568596636 140902265 977031233 723835113
467174072 262519321 737584586 474015815
541777904 435904223 748254474 909112072
237255276 216101900 339311893 431483414
676247811 321119167 642229726 409596060
195885756 167805805 353507736 855564933
189223818 103184936 592595533 436950414
108835538 95201331 587451265 825772759
413872311 192404563 422782809 559196804
389330032 14410280 669791110 213640816
746016343 244600717 520201216 836620829
558995713 260584421 757246790 472007092
363769794 341591730 245753808 255700667
91910287 36815437 116230656 588480956
805536684 68837204 857787151 342437653
365246678 68940712 677671763 957656171
537313219 297063905 479549522 994564724
453644258 172354634 686239439 957496307
444289923 396010784 571322532 848276649
156815115 110049817 489938240 574186001
792246706 327842965 917541424 558816016
384502156 338419852 505712861 140800194
231504823 165418162 216465657 758714138
438126304 412079555 932322342 265752935
111656896 43116391 816500489 699631371
549202651 137378522 559001228 417243751
210095833 57111808 404544812 964408089
277057377 234465115 137622282 272612394
357571783 352095937 749012100 576851911
390889717 47714568 489447369 57692876
110616211 15472698 287232050 575225386
852301423 149503491 207448651 385423486
455933374 378243933 963028873 855955653
340207744 229373333 657224893 867793450
50086483 3760610 722923154 221549457
729274922 579710629 282773444 891871766
702553542 562252023 502302725 690572604
770887605 375742269 961400528 613484760
388873918 342669070 115086499 490423310
169180119 32115481 631673966 204105011
319531295 124138463 429327631 772298967
479392013 129181339 526447692 300092465
426758605 236544214 877419322 109939656
305646611 278105474 422127909 498986490
669273641 650698166 807129078 525846786
575159981 172498450 579702907 309777486
539969068 148800533 190051475 67687069
373821904 64800601 590953889 794700069
304285722 268183756 210853178 764521549
819204994 544470273 98495406 152955088
279620894 237496486 84972409 631397640
570017254 500591747 573683374 174754670
628889909 623831860 198531344 625106106
48980424 28723329 224058447 809336992
321661369 32545927 696382151 307808734
523346547 239674732 323433893 272477031
519053604 197330796 534410436 978253793
125282378 114332678 462166171 884553814
155517410 77076658 184219609 178903950
262808755 61650086 294724319 249210879
835450589 330901570 888016285 225590381
921269896 820921327 951754063 448574736
330747223 11018359 503030678 166965921
774415575 226397854 795567975 906059527
755474243 172773683 981386998 466014080
252118437 234307457 73914425 278932931
534322640 184585442 654466337 498513599
132645412 95365140 199296544 932208369
647495257 8304656 879261606 445018122
456512706 35198739 751985893 668453388
870277921 753962275 454211164 885978011
195426747 137790666 639415432 95958348
947134799 410406458 866015916 41543495
861679490 734197240 305184751 487278561
475025221 173024163 501707469 114110282
910793553 437027733 725678351 531957081
126732543 29276254 898704197 142659355
867983301 758337486 628448958 783750954
587847563 167618678 700703180 868686375
504214220 232702462 953744473 894840610
9622606 3818541 788872013 953461125
748631444 652003520 953761227 372496923
912093502 643170792 819201211 894281402
982412684 466924356 873883925 451875409
640422333 247994443 427085625 620550972
246395368 153814518 119951086 318961169
315478960 249011715 733752569 530920296
411572849 290497398 449821286 514769292
771326969 30703011 467043189 108683073
163480161 29528799 497902052 82356491
987598020 933351818 820525307 825352977
11266861 4504979 523450061 738109862
787649655 501205632 546337857 929040345
430292570 345263935 273150233 914906408
214540476 14710162 384937314 363782552
100332270 12183560 697905033 167861871
507748011 199280164 471710030 9082073
120112874 113518026 932103131 916343675
140686354 44078204 848448129 966742488
780867254 761016995 845517479 986866249
431039955 380443135 939691371 159655796
796566230 519926220 315831177 742022414
24985538 12017107 204578865 928588549
867623863 444292547 780335982 821177058
43683897 12356379 364832383 930501307
217815323 34745239 779004953 143815168
815460916 509175786 715608325 202530630
86626123 35969738 334206152 139049943
898302930 538905824 434493507 23702586
142686603 84032543 399851878 116195742
630122787 379809989 612579755 488663452
853022521 810733063 870684993 549218774
775615281 560778251 869875760 999447392
618854183 438635441 406524527 659927599
394496072 385344103 15727997 419363776
630140722 570504246 335095182 208462779
11046813 3960853 921490138 75072165
60258161 7246595 999765111 197035627
21718198 11291565 886631687 64703120
255351834 214460622 302863833 23326182
529929010 5838809 594773857 98368196
438275305 325688079 142585843 528440718
241879617 198939975 245945267 391017662
638597656 357283701 765358692 462560422
527748718 29224738 722298341 432355261
808277479 588460588 380247193 975905933
611088351 167233125 677305997 467391312
493321150 467073372 50965752 751190280
394062780 352113868 123450485 258830353
324305254 46916251 805323178 202820916
263715344 122044022 874625670 32430228
22483592 8336640 308541847 716559032
263440690 145826366 928026658 550576979
967321668 871635109 205939703 661002680
321699552 59300190 542822074 808673352
591840000 565542632 964498346 324133525
115455007 37365914 850264342 989893139
957558826 908155770 907512832 488698347
696999586 224912370 759636850 187113596
145097523 136390234 392476852 79084134
627710401 258513020 819767050 129009465
915853170 315634851 705349174 383286531
634552446 321181074 706338491 895848735
668701470 270088272 874928627 924769919
792442510 650482154 455885034 771606677
994819994 321881266 885492662 272664155
905273918 746194157 221124210 957569698
740446327 95437052 744133633 698681648
170283326 84900756 521639079 202442264
534835349 437439121 224338036 937487470
355814741 350529836 857084269 853731762
216621079 197355906 286227424 255177765
737932513 712884374 855611312 871458318
26451568 10520339 906146442 457715404
507916024 163414111 574413966 127931432
52279783 31223428 258686118 973380719
212054584 121336819 729240738 542661279
203201189 121519120 636425734 334257856
706410212 484662455 603946129 567995392
552135087 288524843 692636022 623134412
940037882 398944895 878913284 132617967
588906794 563480197 884935401 225512616
871306249 638654267 718329008 78370516
203242296 45579124 492969099 37178866
748318912 585608083 746291175 689383074
993541879 408945796 734153980 82385030
693831525 157991656 694700730 792291803
491928216 290386115 979149526 150774299
646384765 188533371 522440833 961507323
455999564 258044681 224243131 905764194
418595690 156786146 515325084 208437730
964043130 818310727 870671692 450242466
519532770 87175557 963612121 329212897
282501596 212156375 179653613 549059745
328830484 248316774 890903679 486064071
982622731 949895998 178301256 940773235
962316982 230200849 885139970 483474470
241381363 18122782 888314400 624914925
42098066 18943577 692735711 104394718
890753134 1601421 946562937 1372168
82896326 25138914 690599152 402662094
576424885 223322335 880309360 487964038
567507692 428407107 501932309 773759238
52203930 27937039 442188078 634364314
20378864 10708147 895649587 19234485
736450646 3525303 956134378 469308999
108473110 12038029 120258163 489898553
524330238 344653911 445540564 928663064
412595209 143810775 453753670 686646035
57977904 6214447 395574693 53906861
926364826 103366468 552937250 145659723
419113697 401827372 499303733 788165842
514789916 313205989 711878652 838852681
140698622 34357087 329746867 281195768
706307144 173728569 671659473 221358525
829769447 457912259 646468026 463033877
304862421 53753299 431678950 589301776
118190658 37177867 932465514 98321673
309466203 216397958 159255296 212160588
760125759 236336937 552877964 986817435
115721729 65273060 159714982 787124761
418755495 328178977 416128261 23072689
350721772 335971575 297752921 443207067
590955440 528687812 803984895 133293185
613371249 416449421 495270133 860933849
73962478 66309610 970091667 24781753
986247800 862550972 321607124 390847172
582190668 518408727 889907538 644238223
706041153 146031864 631131026 916917489
83955805 78513264 380770739 233005333
296945337 222818448 821061459 963831299
904738899 119203402 510168761 3205465
270772441 63901753 854050009 578294912
857976349 633193186 281632729 767379345
967452801 422304526 800344631 796753455
522779299 220397395 405204069 512312109
341739764 269870216 573800226 433582640
888066177 510871308 684867093 224568405
875934414 727779116 987292098 883896189
630792644 615005392 862123862 732753881
879052555 303405281 790414196 502339053
997968776 112114258 505237700 229165793
844608995 715646692 235329920 520141907
410733157 351016696 168737443 351760688
440499016 233177903 313480908 437651176
191091659 56039717 219307362 638887750
38489232 18938692 153703671 669878849
475389935 155676512 390745976 376468344
318793685 63099870 752775934 141686618
265535101 194414464 490744117 247590250
518589947 221111243 358349087 131153124
442934802 87667338 522700086 648169039
865906567 420988411 748628595 26127829
143479263 95655175 157948717 298403494
474542280 55701029 968335966 461247661
233415102 209131948 484759417 208267287
105967446 3831539 904369892 229515158
440839463 72162453 254811491 99980400
964331500 681817911 914638698 411455144
859462028 431376955 940110987 656355360
776087286 612472436 255155423 170093660
927889075 789621512 313462909 508168828
440452675 248980864 299375923 650739930
983653341 943710265 456484211 549552376
603698814 236466487 518085438 19187936
280039715 274695835 611975534 709127508
229490341 52331244 307419927 186171686
45588599 1404802 536628286 454955267
497050665 48605604 503654384 724619393
910730682 694098374 666120970 783104848
922286930 639916658 301650677 436161855
777076937 619101311 366703068 67578085
947070577 695219805 819411152 918222495
327916131 41708408 781550580 313021913
354462766 25118772 596248734 59658956
797823193 591446751 844878692 13971248
11660017 9551783 906641622 525283365
154384248 33448587 958575880 122997182
419862713 342930100 863865306 793262143
108487027 57240753 995659227 92997519
577205547 369664535 833571994 939052814
675562611 542664336 948643541 249373579
575169159 8779386 572166448 266624435
683312380 28635303 168713969 93344580
939615568 918092971 747098896 950447649
279938639 74036283 310948702 563166634
41231671 22983879 384035133 769191691
934325351 620288317 431353750 729840494
360669112 286616020 340887376 716621962
517462316 187243173 781394284 312883248
780486556 626447967 585176958 86134954
562455825 552022215 717091093 245603427
206811244 134500106 480998233 919609410
924212873 526762845 653176924 549147354
437324505 362480940 257016475 783480755
148689572 128304505 656000524 809930890
475095498 429852826 673345207 730957686
237564983 138605093 972897010 600681200
272815019 171752318 845172989 866921478
368110970 345502386 547266982 708617093
647586014 641345739 508936892 115671617
13097828 6407738 945251433 767298083
665153401 17036333 798605815 635668568
480300922 155902216 664485610 454836699
488447660 122713530 854292819 2669826
446422614 62796303 522113004 727484092
776802387 631615690 176522970 705453437
296706304 293053386 845350523 283671537
146697343 134894832 291070784 275092857
614526931 141132190 943508447 825337270
592205189 188857184 757126816 334144117
198257301 30546720 823336154 646840675
701859096 319267884 832802245 336450626
603967832 514577432 266507720 398259733
946558124 87214569 294269064 547158781
767009193 174378128 687410304 567226750
724133008 474214759 815442055 255347217
351346210 233179687 769329085 556089230
63262240 27665892 377452646 894538282
418685088 222284570 692757560 578603994
806843993 269779233 791791899 398276665
986484840 579830523 885688059 599563209
974162200 613137709 699436235 20613442
594185028 239382330 607335678 780068241
550235684 480248152 231585829 423819979
161272192 69854822 856742395 625507186
271014325 39501990 787424199 569218116
420187922 305814540 975036750 93028643
202793519 202316236 852045670 414551102
622899560 607201843 729265856 380977578
672653581 336326248 534118069 363073266
914867174 811856985 335651698 196728347
379092793 321056460 729925479 789456111
807343877 80754972 836098968 623991044
559021499 56151690 751090997 498271375
786220241 41555840 769401949 325264574
933691705 381503633 684159865 725348926
736065701 449368349 989679129 866049533
519399784 123376200 752669353 446681329
57843805 27532011 734052134 180959003
400527792 262718974 790202624 202932175
15775565 10568550 850481584 217678118
143097201 49071509 413971203 53424820
901957616 185525361 827592999 814140006
536133387 278363124 469353508 823236287
858356669 410789797 290185841 56099248
101087538 30486448 801080268 343940629
284170680 181380367 111304470 231551098
357196772 6380359 646755515 482012180
120192199 56411282 287096649 195746201
21608215 12546658 611010248 170824368
424268007 211860440 575981919 993877480
925033083 789544992 715732920 237833049
381158541 7649305 785628529 370472147
226132218 113875530 411509704 543932174
831178559 375704153 770954799 810702088
579182535 273444264 359429981 913778568
461530225 143056858 818622900 842005214
612050746 410743465 765241904 628153338
184300530 174123519 308753627 962394125
217405032 1324332 450286880 79766511
388294197 203937560 895729053 346178736
156681813 12375153 649058025 532864493
536801665 262610580 843626742 529463103
2283203 432370 81246837 375574932
309928503 216859983 598849742 554773034
649947991 420721417 445959330 622527264
665929029 532231298 257690470 729324135
233148309 224869636 815846270 553982498
14088099 11691890 628841667 719458826
