1000 1000000000
712589052 454438592 557887744 250679965
738869280 324129413 572709086 329372432
398962182 375457070 866061715 178234353
255795527 176192640 960757898 206051255
382092037 343725622 102622063 48548575
221238505 148759883 771375555 909627153
815977489 632604051 602530139 697739626
377680152 230185851 730649808 360146364
126029092 92162742 570413696 347282006
859710342 229297885 734505119 761591318
722952127 694302109 501767087 775468969
766686238 549105593 739456769 348477122
366964435 220934138 826663464 484005516
183767169 149803954 266297290 977051633
761884491 720729159 477934073 488105040
261351867 172513867 731246571 637416982
598780995 455016153 194897722 960691790
214051980 12704590 316073660 383597538
28930344 15313165 714258534 25482512
662296247 246841872 724187057 434485426
927114442 475389334 944577331 880491827
989013062 940922920 207394908 680626057
826378691 733359899 105846695 750840771
75746967 41325249 34839470 802751327
840968402 698496523 824899424 133261485
464993392 160507628 403746995 861671581
261229081 27135496 774452474 383389143
592482088 486159680 966259086 507941407
533585089 84006150 564926820 557225120
840394987 416839310 653098257 996654659
254344595 63988829 771536868 168105263
500166719 84111130 987305738 481128787
414568422 365322237 749074927 534476164
304969991 238017918 818963523 152021278
622998015 350938977 488941312 678360960
435091858 44697655 839857878 805294401
685220066 322765207 863759992 113850722
564460447 416417082 268783180 49673210
603640486 260226044 506247224 242807045
579534279 550660822 145652354 416867515
193631872 17358478 200442661 510101506
108616430 103690594 301367418 586312773
739932980 459685963 403575441 13348236
15890759 1412418 797875709 10151856
353085788 57816956 777879995 560894823
917503937 543893406 979804730 247186477
348292643 98532011 934490785 151481452
448138595 144767633 992804088 493071377
134914011 81837870 905861396 3100084
974827740 772429507 862239476 772035813
314006984 200140281 164145336 386979689
845376899 686409476 578368945 737985900
268724130 267202177 871109382 493092219
522188732 296002606 505654310 650541975
650060683 204867164 601076568 133564329
269524866 2678056 625406813 482064417
40247919 35091859 326390118 218659211
717178568 551153125 956499118 63102921
418734848 20147447 961837518 579850816
368307959 276458413 998090705 294714378
493625800 231042243 27363853 218754992
173482066 131435677 340287126 714073025
747070767 223297007 703101642 660773699
564784051 26871322 380061825 91651862
54345292 46202304 333384814 597034046
578613388 56741706 722119831 6016206
705086452 347316749 244525050 42355611
603063307 372857683 807828992 347002199
109080 73124 983388291 843709042
215366881 89586391 320422957 663853891
562105938 506420581 614887010 515470560
783736649 329525345 564002759 614111864
460750364 373175196 442807256 525765519
852511484 739374737 670067710 812765807
983321000 367981462 733998558 561254787
736419635 532485595 416854155 909014220
791368838 644615646 173778660 13401911
444451821 236710899 664626768 134894075
945808454 635148696 715379972 342813218
174567475 152045327 776054802 690117620
108827289 101680579 921214409 802756193
493442662 318317661 367655590 571572760
957725013 879749928 254570080 361230612
834485619 708599549 989383283 646517336
888981558 170156018 923823181 581718485
631734231 215016515 663327936 522857822
727252842 511196658 656730789 349803375
249294596 120329821 748618553 246948952
334460375 311671698 470800814 832175570
395888424 140712680 782546427 772702785
25803101 24439737 290679849 57346762
935606640 770177606 721833713 119766293
790270749 206624704 780847478 254355763
81791940 79221973 363600869 637692821
865768715 302741134 714079619 827509151
12427601 7707206 150037183 600855508
125803303 62084880 485612098 883112708
341953693 283510291 641645816 682832990
489184353 425108100 365791801 692410578
115928962 60198040 486621415 418415943
708224729 456521293 975078391 901718772
635691016 472793299 883509543 701494633
220616740 44787631 484095899 776575296
953424681 258557318 324679956 147890020
767430845 412842276 965877187 530612010
871528013 824286063 694483485 413949353
844519 364467 841866428 639298080
600703438 536670948 568459914 435525143
5342220 2786388 803392883 955658613
219307490 82048295 797724790 181275786
410235614 238128169 652037424 744020465
3969596 1690123 375693058 500012438
167933251 6123705 576395560 755180488
948387433 771684519 588539329 126948640
950002117 356059378 245271547 346494276
676704254 434688187 633345331 568038930
882769037 727965144 246421878 212343021
60162010 30415646 711612117 859644475
257598320 106473380 938610079 672163153
33936177 3506367 448296006 955893933
442912719 46707367 723692232 7860361
566016929 142552700 554415634 664828634
426567817 2411445 805265148 988243709
447102872 387657305 172521946 372440202
363314525 324074291 115327064 900339605
261750344 188788986 706525679 297849066
930372772 885514930 320660208 532902144
780949713 435147105 779989897 992495910
716655547 438789394 735710603 614811750
403753195 222932531 786766542 776021884
281425638 153298586 549084371 577780976
68111610 56958562 878869034 993948807
912675224 674556984 653623944 316870672
739227567 395997390 360122879 137761908
163156712 72718685 803405005 760628197
942110914 350039934 988757878 111448142
910760995 300831672 726747201 494629195
477503959 460617189 59978306 23081194
783947368 342139346 861691128 947942214
222160105 181806169 529975167 74374724
170130308 36725601 861936580 824967485
851744145 473586896 587716222 411023269
649573499 476332867 646188139 748516910
171706454 48307507 604953288 630282391
332758442 299462220 716259363 360253938
559583081 6862505 997879653 362984385
61429563 43276487 866350956 299033142
12147690 1026474 508273916 648136700
50969401 41361713 422725958 913543673
781267073 283733764 676731958 34013542
864397479 822426383 810198567 470578300
8110738 5938651 958764212 435918982
640486953 523185205 294563151 268661157
717220643 648445896 119708636 561445539
797952665 662193018 313786067 768294903
985783690 684354067 385509847 781484090
651458706 510372379 621677011 728559866
21109460 18460851 421226431 530402927
568390345 299082711 653053156 426936242
589129372 251401954 889788836 296621565
779412375 186784367 752203463 319858964
911294724 905278232 106440621 336825597
986940704 144564602 995304176 138850360
237017373 102972366 521522065 710648941
265424699 124450265 762560298 178798041
954244254 518032997 880034568 493953712
303059799 249760132 905462630 419131566
681317951 669638326 485981159 169031583
81201175 50520113 805087848 847057702
520773846 48605556 874060044 463820041
119664123 52181243 520031117 718705666
360371014 230447207 423892989 684062155
682392589 245385588 608738352 579618737
508001992 124295304 847521054 359357004
558152487 232094041 866912694 321234921
75033606 30425370 842760667 933958668
386066217 182231197 848720151 22027673
187486120 49688273 154040529 747890300
280661041 142682553 942912665 254115088
998226769 671544458 335118092 323521294
382672496 306569137 615958511 230925036
480542690 286435966 250375855 964210777
276389897 258331536 946961460 3823283
195982116 191624586 686155196 912901305
483500770 113669400 888932872 255699387
722372292 87837170 738148922 353004183
941421912 427942773 645319891 873130831
67031231 23074735 975091613 37703636
192734839 187739529 934972970 835565197
801238615 755451124 414127610 113304543
507473029 278321429 929257458 74182336
224447928 67843155 433380483 402121571
363017779 311491165 850665100 126884844
24742056 6657950 229360861 771650940
426709220 383249714 572271795 212167433
52187656 7125435 48342375 2361482
38243708 31269773 24854443 457575000
991724850 249965103 383762630 42927331
692076322 208566858 184692978 35565223
317617877 254371167 962789772 309352969
386357132 100003924 487498041 737694570
587824714 279478925 552632992 890009901
95342506 44442455 158734757 713520795
964810816 591441571 508191214 407114945
546983964 276425393 736295596 940369996
332812347 315372424 544445444 278098658
481822287 177298300 576806493 802693923
336916992 146064177 462859715 466223838
694715130 563466624 937959582 292443205
406127026 182992035 740824382 865287346
291252610 165205265 664618540 155914763
380809007 198717797 556374898 388736602
136609828 114096026 477724103 994393291
776041205 150647967 794616254 998190073
405321818 370978490 622607097 914182253
376037548 266102472 834062075 223267791
637229693 20230234 776539169 294615516
865831654 615143736 743570701 383928035
999927677 797358014 211342719 407918945
111396833 13670756 237662103 531363746
59666492 31141826 844084885 145434184
835481387 316555098 526027448 542326126
443530380 143597386 626072666 236892117
304798152 290665731 849512678 18220314
595538268 66613331 819433869 38391122
935891427 643199466 705313471 538031748
122396866 114429990 9778899 665106012
902258190 788320720 551407598 663630691
646564904 285542505 79416955 23781547
859894700 607893133 351895733 260461613
208555944 33259074 963735143 373301344
914494960 422080740 23491185 35679279
243672660 174209047 253371103 246495990
528264412 85054385 701823535 576877740
641323567 267446439 866960564 761100495
380762510 155423258 712448896 823466925
808156852 697014456 368408703 258946863
235039013 92665470 464792228 589038140
711759979 203005493 741428501 575437592
324456444 293366144 810332607 779061461
802963308 412323957 649810014 176690440
823065850 772772205 968690456 977160189
251904820 157131130 538532909 791491142
407545751 47096637 624958538 88269395
713361310 233905983 654765976 663625498
727349602 637997998 287209004 376476179
534528535 267082874 739734793 533712641
873284389 362988944 888103438 897272277
888344616 478188748 639727847 548086302
933882355 197338694 149611952 501417566
51428522 46413407 765584665 535344926
92093809 6475527 825634350 708975392
194986799 68480960 346894568 369116646
822755638 603700611 986376178 503980963
605545845 379654924 682014493 316432963
867915637 681647284 454672173 457097103
981309359 569971011 956677124 926640844
781118537 189049834 918068371 188809579
693796998 387290329 980337950 911749517
257965686 21857856 571086848 25702854
22089216 10925524 330595271 862096854
545925521 542527275 231715887 420603992
985008372 824008669 613398508 238581503
376073994 213521766 531694501 42726464
772219084 682860189 899185890 645761586
417070947 194520962 707795869 654963460
52549210 8016946 77879014 29061553
349408645 335331255 792685227 577528839
441319871 334624050 984601934 294632201
220518788 135216357 177063137 128794169
583231576 363950886 930467678 144655240
164816021 91209449 285139857 630590609
833325712 548083295 974946512 319383435
306285389 265639363 632801991 526844206
206090542 142435692 726485929 61095050
100034588 26039047 155603978 304618641
56069715 45540650 261222815 242987170
611875687 261906490 985885403 188044840
503209567 131168042 373954811 76683579
101021326 46294110 521598048 425719978
60674208 29561780 773714867 119782146
972347944 858838044 798933598 428996662
776248701 484412522 862338964 895558158
170755637 108165426 917388363 96755420
181159076 31835820 190257144 101953344
139633980 70902376 126382427 944686118
827872225 616401359 518709611 537116211
849056294 451340969 641552919 134970592
419835700 225013118 229544239 296951949
182852550 33553278 373205405 213686127
789027357 406807960 483268746 6316489
733727567 566280679 532028396 829650693
793788236 566939843 491883670 821051461
93425674 3976544 343103963 623196534
762562430 488496503 517795205 233623570
698458986 629103393 988604724 835820898
649288683 533868623 727867040 250196114
172346384 123890359 106931367 854254541
607583870 553917589 266522399 942753743
198563298 138324800 924735203 77240321
656504082 494892051 787548553 179778803
754999687 499811253 380773264 600396686
372777081 101875899 640432686 882545349
114040186 66707277 420806847 261319092
86566880 85519425 104772880 831656154
197439082 173418595 393018393 671063627
243802640 115785114 656826703 933434436
814096478 591891439 924208961 654930700
968924060 542558745 67023083 117023118
446461404 438334879 673269298 999637162
94945358 29597154 93297570 316342079
492445679 454937206 83366252 579917369
704958627 218445975 750332581 308975005
261191589 107252091 478848647 891921492
684169982 272884943 708073456 384502222
674405262 536510014 623046447 152987054
771146668 705334397 184742009 134026080
821548861 141953585 869965352 618106784
850342172 477851670 66545611 289758543
641867896 478436743 973420756 693167219
845790837 488279338 365900306 290652714
481802880 362310684 762721823 708763648
87089434 16324617 400717122 38235259
308861611 244528441 377439634 600166966
907591712 285694108 135887448 59369964
264079832 229541010 73810380 473696962
118592431 41956119 621803658 621292105
513657970 125062568 643335263 309436034
471922309 438231993 701530330 787580372
889942355 746632465 397629961 651302590
953356805 214900100 460708048 191509018
14242087 9634714 943125897 740593097
599316732 575499723 821698800 141202432
970947621 719687015 970495019 526712730
34792633 23037696 437388199 205262285
349476323 213765818 197891324 654704776
656936618 613267120 349246365 418630800
14319688 1765872 190517848 722959373
584250615 404607562 830277481 365960540
596774393 101494097 605885567 163780089
837153854 469426510 123393699 9566345
340965866 197044191 421698347 137306501
318707438 253978826 547072400 61055038
367653792 148627820 684560293 221924780
708708885 557585231 495148322 971818208
482936550 471427971 33883599 851011538
130593557 122047683 563001255 371836243
15244851 3017891 393450190 983397808
840243780 369772979 727060149 18856213
293348150 4909698 315108505 128234645
559497119 540373527 981219225 693038370
370183866 193690512 250793311 32626644
857917075 692266413 775795805 770023420
97825002 80637076 115509931 112601759
880964529 99828514 357697577 267798642
722889578 100751196 264392956 191241076
601506236 108120464 638604798 799646212
754549847 444227383 847098705 834579463
795162741 196955859 769487542 767396967
177937610 85783527 337453172 107216609
776486889 132932138 725991022 951528609
756920259 443926508 625369524 966036634
713248027 420980358 748198081 132622937
406145643 177295260 577096768 844153079
141881756 35104999 663405020 206593814
687631320 248592440 74421813 25915490
972681727 966096986 856544084 390683088
271378798 205831228 899702136 17384237
370768676 283271934 504773812 731184752
583518319 204603028 613449376 971349040
515802467 85727431 698783457 158476554
980315010 712890860 506983490 872255152
837102760 482277229 804459594 986841308
266959983 8423620 484959671 757678254
446870456 164931184 62835778 165778547
333396456 139703942 624665370 16735947
781778878 542404254 269876212 161775956
276264742 35176997 332963727 97290692
862911648 72206311 346929351 267881229
752461316 318673964 848944775 735220775
417696327 153248877 658627680 839672457
789125485 104721281 690980715 582406127
889568110 337697910 696657522 957526225
45517802 5816384 410924161 650500448
569156311 110674651 755948012 27107387
454542178 191294987 891732681 332845699
750696590 643278442 733400619 256770163
234558104 198074288 762873980 60458776
363908648 271983324 600540018 517507580
298441690 270018209 549336223 29796180
440881921 186735854 981698827 127391323
316487009 172563688 822453844 617619051
785955955 257861273 576836721 373555236
826504033 58682934 196755761 418989936
735600018 407189558 703259811 206400087
45656405 7730964 118038311 70860205
510632022 300880712 657647415 38455124
273373720 35659078 253559506 972321491
703977889 610122102 364365698 456663584
260822239 189726843 664708904 119715003
72239899 63286792 381751830 611938602
903331844 774154474 983465275 406913803
669486280 129683212 635277360 17811334
68512540 65017990 993820016 24218647
534436365 431102152 127453996 369307714
381047626 189853653 354226211 340508510
898794686 656779268 944408243 623971470
484437854 248232607 480289404 245718330
823390788 353971462 701646534 973313974
757487229 297554323 681305084 947461029
320700984 211907650 915372633 688678299
247310647 54009442 553719276 501790873
745240474 327784138 804487238 720663927
294608936 268864623 586810764 594525913
788802564 644776702 598239135 780210405
675873175 488230532 872470280 390731064
408730718 178206791 357936221 666104679
34308232 30040746 770383743 720916293
443261920 51290291 451136375 347585196
548994201 53878837 754656619 845660465
257467392 220050042 722033813 664279706
171485231 90774409 873213738 293347242
872135160 832010547 828749229 316042309
127852768 29341929 407916287 92628834
772340429 81760781 203488879 137448128
629884678 7495575 722123391 816317853
169951787 31857316 252658826 91983699
225438384 77245380 489235269 634782527
812544405 196126449 643315437 342337669
678274638 379646669 785335736 673560350
581907885 377062240 117681837 47354351
698976053 497089441 668466222 390863225
325084323 159177324 509896828 37629566
322605898 258756663 896121556 72705003
94095315 38630975 216593153 362389869
421476034 124400203 991743012 222640802
252952567 44461588 740773458 170747896
173363788 81448862 603233873 884908481
346050177 227208700 526348697 512836836
306707351 277713307 251912906 317058712
447098375 128631799 491507957 113389792
660569024 150359394 954289342 319932663
487997449 418062684 154669618 511133579
187122182 145773974 192989677 990910622
870098239 409881142 491911026 174787904
635812806 440002384 954995842 92987834
22232123 21953521 863806391 968910880
779467898 4345603 317350112 426020708
992338709 445374789 759288436 51534189
439059854 330263836 719390679 135644487
253125721 140912511 689298808 701993795
320515449 132929690 210130174 454397052
925321905 672394891 769828261 826141531
618730355 568682741 886600041 217301768
435134901 237895351 631571321 182172228
989865525 958778935 587514057 121700490
248543788 111232979 278206509 680829543
354550059 225891987 387635748 1590441
99601475 91034129 178294002 401913074
399874970 288347653 958228955 42821796
302454635 74646162 25314747 83493732
86331095 45587396 117772849 679402596
473152156 34774242 754407742 232438032
310809282 307628140 22863253 795420987
685714583 684905783 529463184 785093177
107935984 93840942 849234410 990513834
312131146 151759613 250134567 665083367
74761093 50374297 746430201 700317694
689674454 584816968 693853694 516961715
942205089 924756780 850793174 246660247
643885244 517632223 465003370 681246824
162689988 40308090 147737086 120459544
193323024 168610587 397459518 846415335
695615497 345610695 978972095 650465172
399373260 380624572 597869416 25118147
96724980 90988407 765077607 450546468
673254159 182807568 544911074 44650063
655130861 446440399 712563239 980298974
910244223 557371031 905231375 562568896
764198827 702167112 215973931 639378546
405760503 179096578 350237220 829465356
543492355 313442263 833299586 755573045
854225825 578980909 918732916 169367367
949504296 191755215 317302713 129402480
114938303 98050660 35167551 854489623
407612733 370747046 632412663 62610697
822578635 40293413 271994992 273784454
425469095 395264029 948988414 227225311
471905451 24332509 181533351 105107609
486351294 102405921 855128736 973219163
524509461 325809412 317204212 799357613
158242460 55090263 298509432 664038091
757983018 515205078 733154408 997295339
802800014 344418615 977027882 911851296
214702600 187085733 326703025 467177240
538049809 45803530 716192600 706366106
454524005 144731032 552714457 620576292
887215915 449710941 614693862 993618218
73926948 55262372 736671782 781872648
20760154 13377884 548293478 5574643
54203504 31246433 467527967 58870446
574399148 316802144 412940498 229653531
597844697 517280515 510154057 508677729
105494686 72825918 912687175 425596145
724840502 540218168 638063195 297947795
899028246 498520900 791840451 196882481
630032203 369121272 551949810 260038024
218682133 72558068 768255753 454758115
154845835 106428679 241055835 38635060
499922461 174200479 817629207 257264217
155662443 35896157 962754593 491554751
862367471 686519086 227549771 613183243
423856743 133360286 581784443 384020609
134910836 126219162 262180398 248721326
691464980 492168072 346598198 218558214
289399941 264803983 976725765 684953139
802895230 12725414 791720800 911854437
708853949 177385085 973448982 274417901
73520115 19594215 549856373 20663201
854006974 218080201 654821470 528456550
57057084 52424567 146452817 843091062
578506155 411226044 205273175 590683629
456059712 13525070 792520115 744412687
175952265 115980208 171750670 833456837
251947656 232014087 890141340 387846352
604662870 395865737 387562518 916580544
417656833 144982021 748725972 746627325
479512182 428876605 501278674 709293716
111992094 11584559 169184490 715628258
683919694 82331533 416256412 109881167
396705517 218650899 585167405 191779575
193324964 65033850 665503401 671179086
65317994 49968553 314957723 546666582
898148610 747370477 411508791 820661471
800205363 793155992 341100240 995120729
162608397 9588505 943479174 497582519
655266112 41077929 785054135 726047920
293647184 98865946 909706843 467142242
591755742 394019999 495817360 6651878
842406922 659389067 928437096 451440620
65012956 873024 753179795 331982289
436426368 27114583 783893451 111043221
308483249 155221020 604031611 425897170
475635263 181724916 66685842 162676272
625240601 202819265 75663435 314151609
165686274 71488226 248404716 733959393
819382947 380085985 994838775 866300414
3245362 247043 184394569 281834991
190067685 36253771 466483167 698925626
39527544 16000593 782519072 279261588
281617423 28548620 368764179 737648453
388118023 358693532 199779605 266024945
398877120 124685412 997220622 91450055
519811304 364496399 308649039 77297928
639504819 540467347 262931715 601049833
48313843 43436869 271060390 733951505
475156826 407965076 297093371 80384593
695200503 479918660 344910378 739470754
598846817 508885465 101570949 632236690
519632871 493963559 960688669 259355042
694430459 597478559 895746573 780438092
797797202 699434305 799813796 909456221
96896750 89740878 617496469 218537546
380354751 313492535 272521914 204151236
359279001 257641593 671346592 92347349
471790911 59321631 468320605 838415860
77314517 19413736 792572639 414360413
291076904 225987532 713796571 79176625
54691852 13243636 539208764 845898037
714481907 424158176 978066487 505872555
938162024 845613893 691892617 298147470
939017833 711459042 308679383 900425965
2730270 2639268 312592009 35947944
150984637 43848768 763580123 71929948
452478402 89749797 575419270 965596382
107308251 72179398 580297155 619294325
986832573 208688959 249326108 445331232
192105013 34132192 170043647 866047728
269336299 145159093 177725157 983304765
25299898 1601116 114011265 832653430
585280932 29085503 997804018 797756188
781779732 482560617 83505854 173941713
316922003 230359321 503525483 654549029
994349371 296421017 431269110 119325417
53344517 41744338 300185133 955928962
56564381 30671638 245787145 528333980
531822901 401407876 464374247 22150091
363563387 274055223 639240229 180438517
934070696 227845409 199486609 490476117
397311052 239633237 733352257 563857065
743501175 445205898 830329244 659846808
13222048 6729275 391842764 155307101
412398521 105232062 622413766 540239868
963487909 543358423 644347494 368661413
525837974 372378404 221065982 49754416
330205167 25382061 589897133 789913057
493117193 400812033 627844069 218169779
429841921 281902515 950690098 280679129
41993846 25486339 814301657 395499619
732718462 571742390 800405217 143773129
768825835 368070070 476832835 140104632
680686868 93789868 812571300 595957968
558996310 276599014 475575852 767279264
519014564 258827840 590486756 829253612
504607989 416986336 434713991 922316676
455546701 347164468 552771648 833144070
866686025 700626700 910127955 550174258
848404980 63265627 343176419 318807610
19665054 16486402 951368496 366153818
780679542 447601654 917076508 846889945
387319514 323950443 727654934 40915424
108391227 42798760 836528761 482286470
485330552 243127274 886536333 242675706
640123204 615722646 638029860 801719218
439093763 66979415 523826930 410342498
32774039 21436177 833538471 260270153
286527115 240406662 818666153 193944389
928793016 840286630 997753503 954711911
906623528 866009889 512594780 126134028
866103289 27968717 568030828 107841805
944117174 200268905 748761328 422100444
782855601 573789049 779890981 990200280
992299183 765199226 622310387 457652354
67853534 64924101 833107043 870004300
816318363 331095840 811275104 726761316
760523093 197539760 640122908 389313781
501221084 82061188 875270814 450577928
887784283 175166912 919917670 388674425
10085537 4801468 279786830 351364279
745853206 419377591 587651632 550466402
313122698 208876164 589527602 762031769
667648916 593142710 410744827 763654775
453301315 321417654 431562284 367551020
364950696 140920030 896870182 385193062
462667494 293258866 782764053 549853314
473016744 431852810 738003105 248043433
137036383 108510440 628604007 397337556
281288204 41005404 499563536 736902216
228786112 20647607 769886181 993533972
86433360 70111084 576842619 980359336
563371462 555882789 298869325 3155952
688241934 118372405 690916243 418481753
88487684 10709646 388953929 179765714
424938526 128837311 455665968 333260678
571293447 95836645 703918430 54445391
544208730 541344848 487881378 243788672
947730617 115348142 610109691 113543887
577407921 357725098 645150702 561334296
337896279 20759105 991276586 676037085
151044992 93981882 795592750 115307641
658823798 72217227 658103156 772433695
84956191 53846340 87502633 210107222
525697948 195692534 342048226 243449801
788679261 436167966 573278645 807670907
883051288 94516540 858000660 348256897
393302684 224552714 521269741 349925003
316677457 236037193 379472152 128816951
576252574 28818067 345854333 142337156
18480383 7678330 941450722 790587733
490961809 432741158 87256497 446557301
551355811 226577458 598985654 447470558
979175343 556129545 230480649 34970445
829929 829483 909459432 578680859
3873230 1279307 393153572 642901069
585211049 30301234 296414736 84414431
753750296 656082966 129561194 338158654
425983238 185328518 615946867 150079469
821030223 458420960 918351592 803833432
747970268 715447347 340769918 492878739
553048552 24638130 644117340 646990884
339556347 120238762 726449982 857607023
904920298 1930290 428530522 95680407
496742319 195257232 501963027 942181781
366467607 263509686 424105028 439776499
639552242 509730621 659929392 160747275
970646503 458846456 613251794 200863573
404496994 19781166 407926624 183753165
671741079 163796288 575310109 745534795
894863935 545929698 928002479 921312631
331383570 129520826 382339428 696496963
418771922 270418392 717458998 659897286
3257278 2605760 835060500 886256923
186046439 58511387 755434485 226199799
991906083 953690841 751417612 566121640
78224537 57277591 552066766 86035155
976238026 430212713 898984209 652216979
261260918 226171136 763828372 189007612
854479133 821201382 662356657 878677495
410906249 330148042 384604633 283354897
81357040 17936993 629780406 848666843
753587187 549492818 412732839 52380078
561173773 477234265 381833071 185720632
264324605 14132758 774815264 353716509
58835655 23594200 425728976 841412440
780717179 750546731 889015508 930403761
735104309 700619818 506322945 486161388
505806714 491888810 405832961 656074501
703278412 422661396 852428969 130881973
340587253 254810618 290074405 231330015
329677971 32195348 312159162 244032618
198596205 140678384 204209145 136912713
844343823 496525610 907456329 913194112
167510898 130699505 917469255 235552930
505611664 440814730 387338749 201644764
961710237 931847537 967437305 583648071
194102109 125575991 78962105 345887535
943565537 462226092 998686167 956636813
139514052 130132236 744888573 604798040
332044444 111529501 232329052 444496300
896479248 746650373 693258154 173960579
479712035 355687483 762853804 458426609
266646976 135970992 749696645 929600081
734505199 226948237 527841023 467896021
138365366 107265770 540342573 932243601
518525055 414314804 795341943 742665033
199821830 114234842 208244160 28580554
829847693 638503443 517261340 20180978
185421099 35361956 505470877 873941410
690738457 24429430 214007420 57077969
259601940 206153645 255787022 929899773
841401472 494055914 873586930 109192721
242362780 49386773 753349247 982094537
908122901 97673889 202124005 14906212
999092740 496462393 688109000 803527952
179015262 65688811 826494951 15321726
966493427 4386296 338824540 60719202
363867625 212170385 455482413 505979745
971486471 352464054 971327387 600295012
542988345 188715189 954165231 729424478
671045196 453349689 532590767 512802462
929906542 744700289 232470317 620193012
869876083 328737855 715019602 651903433
962217632 604576852 865038791 235527868
471064772 349741564 745390259 910446310
285077310 241361603 911018117 432004405
499592196 306853278 758649439 674106237
215018602 168951050 736139484 285163908
441138278 374759733 576121409 553645484
213906842 124454314 573145445 456423147
93019039 77331187 964705486 249344465
785356425 87983207 640117000 30301603
29778175 15741780 702704698 819852021
246947872 209770790 711053323 212087971
446867742 136744298 722425470 730415370
166189096 160230488 254674571 105320442
746353138 239693353 635761585 553599561
334075454 159981847 944863983 488883568
525765290 277953743 479325843 261361363
836722623 35647920 208879817 106134620
318490242 296617195 686341943 34531072
978410155 594761314 451495673 800498026
288688500 224441619 841277151 322691476
522450076 420251797 143622546 342920099
706368401 442699551 843813742 129331142
916255310 327870762 936030981 858030296
128955857 124683175 552210258 899801741
117234882 109669124 877879862 66409576
447156167 317601001 732905504 976367405
134989346 29643008 261683753 256471464
9135339 1526715 485773742 330446160
960672791 210321087 936836191 653730688
361001374 164609261 806724280 30242710
889704981 207399140 493292902 171732319
823933612 514143673 852750226 347860535
14658784 14076134 705781140 862412398
96901750 88715175 802175086 767943148
238464462 221436858 316596308 534812388
86651512 44331854 58953637 660078577
237959466 117375800 303742334 637369913
379256553 253714312 951310486 84247311
638870455 426005630 737400879 344323396
701553752 195343540 924860856 588519559
288156693 232110933 295878122 968101872
97110159 3597213 876123548 362795372
474764159 155298737 484095853 475955649
325760581 7079657 620625617 317623788
91839439 29727123 875597937 457714715
963517875 946838333 505025364 355455247
651920981 146949767 877000197 225113586
2757271 1240758 998758714 16213359
109211223 76524464 204577037 965472524
715819923 285448501 946219216 514216521
224454703 88656088 608873832 993500953
845649789 545585521 456253951 610736518
353697228 186549646 683086126 801384372
609377871 300391560 52575751 240819355
452795739 448887891 858344500 880184592
243823058 174983761 268375626 889390381
214336233 121987628 892379595 411116462
841742144 839160601 236875392 589211935
43425211 30365409 339840437 899572991
967681024 46812763 604758743 236065322
725053117 142329071 601711224 886663475
715597882 625622681 712581928 805779934
400848869 274573425 576995819 724750957
358392345 352512261 668771181 218049627
307115985 231632826 91926794 657292844
802730212 422708546 950238093 577629356
953577600 276848819 732061411 457530391
142222325 10460637 335160280 413731080
731700189 618957771 176466930 726252779
565281926 430393261 791140507 299138441
675848180 212641400 703633451 81546348
252215606 191485841 234018284 323240828
748325256 467464904 487296567 455377476
723264525 689899154 656971641 367709068
822597714 297254115 547620617 497953033
901174030 530138702 680516675 482221360
307759424 8375728 592693697 828303413
849962547 241519611 711480810 610417076
947578848 91817666 898256100 76759738
768114814 435760712 623044866 712885280
759052627 683379783 351160708 319840810
891950681 501680433 780665039 423260526
555541187 406315557 455405919 851212635
169089491 145440723 466691767 293751362
310054337 116012737 666045886 876362098
483749715 37135782 805503207 466221235
115862858 48934644 760687478 469716329
777660295 224431678 925875807 932567433
193099523 111072724 956052918 90704506
376795507 325779790 889942274 100963936
581604190 382031962 532440492 588793461
294185927 152174246 473277703 311155826
578298884 144400406 25798224 58931601
530647161 513490472 663580795 102402797
667288146 83519896 638234516 714043801
427749609 137770377 986017730 396017494
400350867 326763249 412063395 975384800
210510762 116727431 284310998 289966993
407541965 165142645 562236206 878955574
674828637 592128514 125607137 776078729
485889396 431945889 136147981 527824111
626395083 594744014 636012047 289545688
119294452 68676883 786898643 248351335
641571259 227783370 58850847 7556505
888587275 534267329 479036363 830468816
564425764 516477860 640354605 630325573
914246883 541487718 478284718 591197290
301690878 239522981 839607781 572933264
384117852 336047331 103575244 571253786
161040229 112714131 333351146 546489252
434179057 200873969 793008755 171157843
44955286 28962704 400758972 761600895
622169088 259743885 733744726 577937866
170085320 127628056 487598292 152291012
394226134 294984320 365449558 564165679
882743554 485694189 415474210 415507454
33361244 33187723 807949080 420197234
561431692 267037359 187760900 41478463
482825823 153519817 928318212 462189802
898483743 770393882 829753378 835252377
893884698 644757786 792729104 965632499
552474197 336731654 512013148 164590770
474414895 233524928 676815878 848394105
257029951 96973623 998618040 947681200
910679927 910663844 240753089 131244973
278449336 103383412 218845117 916931810
621328911 9634882 799360440 813340441
528822930 503012789 135804498 391301048
783686969 111213624 494096973 15500218
323217459 79919148 440982461 445890999
557340310 258695502 794465548 116116047
418122327 312098981 316059808 359559473
187426036 80739262 294149057 238263157
809996799 711628815 489860246 611383693
594843142 361734884 370636312 970470651
283381660 236286063 580258479 859615433
410630344 202748198 855301471 300783366
123503710 52355857 655836159 543541805
35183883 34576132 289713056 122679832
277620786 151245776 190435015 299291232
492982698 420338070 286534927 945239220
40814843 10617734 962864931 226684337
984843762 923049468 401796698 53222522
549008782 507088410 110178889 551663585
481543360 480026971 260182314 790077248
94615120 74542698 605009054 737352198
734240080 90007715 161518365 127207541
587804206 424774145 166567278 359591028
245821397 204884100 418899645 412351503
633524011 293070205 994704428 737595063
504689158 399541662 136235102 137698289
845129113 576612646 425476702 952204445
850168886 755926702 320166127 700734060
738168104 579743956 608286366 198464094
779443357 323768214 577014913 93712287
298518959 242527513 735438125 984022593
103219428 22738043 675787567 958712180
71456170 44812761 843108611 795749802
329631418 293876591 520940906 524543317
578438995 181971933 893339058 626377780
279745748 148943459 873272736 275898992
565603645 452350838 296174251 795396681
802907480 795040910 765534601 610566542
806806464 362809647 575226105 501842709
850328077 413530046 440040997 568339140
779854820 423103292 450904928 214524912
902174861 227588214 860813337 970644847
825790660 232761212 594472501 144906366
313136295 264980870 315957240 419875332
769705273 196422087 198380257 207078119
251771463 45016179 427450350 171327342
307777850 91551502 343501225 675483481
448866922 422931136 314001192 944347333
431326154 7570021 539903921 509746989
114052549 48911558 221046643 333485679
643303037 555378933 306534126 909453853
221876458 185661519 112765010 423532311
846355578 802490181 66105240 280997213
540165814 310978711 820560472 135948252
330113286 49913508 635446391 9666407
643319722 430867496 578051310 756159104
424973477 306424693 998777829 22063201
910838556 768920334 162818094 220171099
728824916 459770053 326480483 835564837
50701255 9835750 192231334 49956502
788242168 194967114 336782663 130103849
962099488 625595616 370974934 420226300
328835668 186629072 817328993 643972326
935916931 164133629 482301472 2856031
492085615 80641937 142515573 154929772
631270470 227057018 571852239 262334783
553439211 501247384 683986596 537575881
731571973 707595838 549150831 524131551
550968763 146822066 548969606 986934750
106572863 69928959 940174541 799398665
436688682 254507021 624566480 174351407
135549316 52981777 223222053 585558602
255051855 222597605 669194846 938218858
861116437 780575270 570017828 766565744
243905622 91354229 551505834 284251749
463522865 203893340 483767624 31164173
423583427 32146832 429878761 273999362
216984978 66098749 207462295 784402904
576245464 6659390 765000328 75133412
873665944 558362786 923494216 678200369
32457956 17137970 615517507 350006254
182351332 95645777 288579917 133469940
884386435 606398997 770851976 549282231
258348745 218773342 640521762 110714203
468515043 383032648 532410567 497510111
404230494 287985582 541161906 908808644
70699778 44179695 148476305 623491656
243347700 64224312 468966496 265888800
50759690 36978881 325648417 778403649
922705557 875169712 132933989 306232157
859026044 629015766 753790515 258984928
89791943 47129980 83509720 140822195
936764854 652163199 593101256 704818610
284133778 204460744 628015264 716164109
321482047 163097559 229741321 370124540
624498381 129670384 32190191 132671125
369828201 145116128 425409345 252478068
454649839 416286868 518641107 869083104
975188388 352625640 680314849 131910509
754470390 324263217 502567374 885031041
290857641 221754813 964160176 656311275
660336661 656703700 635505122 498306799
376030399 264462711 560751511 734312318
39604126 2969173 965088027 572587240
85916650 24856567 825972107 780034237
550345853 220541158 603768074 82351946
698098637 356817252 936814705 813531156
688220326 403218278 834978577 322566955
527020925 402485978 435491934 120982334
356841160 112532895 675850513 379490911
947170664 225468188 924036350 339736661
425463045 107211398 927469383 310627161
813663413 785997567 881982105 631049239
89438708 77011684 25120014 7040195
148453052 138068011 422704193 551579789
103149444 101819158 299599692 150249325
633913118 124915188 923921121 51019375
970296377 877166806 860379293 186938479
491579068 124701166 934877239 784569976
109387771 81374758 724435538 108998678
397277565 149251518 804044151 669940880
140038226 130069086 908051208 322943725
202133742 181042179 836799155 280748790
994977023 174820294 399277598 120257562
463682595 329958966 322844822 334186530
801354893 235794019 998707495 479416095
709690562 571396682 139875484 545817311
696787254 616705082 585608812 469569966
170734309 153081189 578804386 775651439
448874273 240452989 273083126 861587245
161282040 51138172 780630446 370346968
996180597 322517660 673863917 173440717
816467347 782152895 827768144 487074027
851457651 792609149 398990460 647238292
663289441 523690408 536004813 517182502
64776930 34621588 346722508 850626880
337546613 155793288 923812566 874442207
714866474 368833939 550900805 814862147
450226301 358963259 714462437 288939989
669642312 120556659 871915913 349977181
500524109 133863260 547425045 476028702
986270590 927897776 898849149 287813801
45691356 33909601 476729492 902415394
