1000 1000000000
512249953 798473894 780620361 271665505
258763406 547091405 382952899 842253547
615610975 821912885 246795595 903019310
70413972 207789019 210499172 534498530
49360117 292973047 154377399 718529137
90748893 796615603 543620506 897602041
762527343 797862222 435826152 230083276
75534038 864828276 269515458 208711283
122620180 910059195 236124814 925544038
510659191 351138244 382106730 406153398
678562279 251880272 523126094 628229319
877579500 780135588 613844211 189520087
565134164 880422990 316436253 222043317
997575764 745902692 284350523 185643223
206812884 589520341 458262716 179987618
327846716 525945133 247760642 579345079
331697691 181962371 707886414 915819614
226337228 900465561 126283263 860831151
980530404 381121938 354046476 914458543
299869181 198159174 510797970 991113545
402282274 370222201 122263130 424435190
80911311 936687094 451073539 576297580
502262309 4202695 606041394 226702048
916215684 547123821 96490268 263034755
597484612 78739223 681543288 63742580
59674208 716268376 523972247 128930385
452773897 747976521 642485520 178463698
573917149 26330439 709884197 851051621
787214625 201332849 51164223 602885613
86659954 652734908 616281457 794968949
681865687 202966607 948481353 938165160
407323673 572001243 501869745 763062955
386359453 884123937 916654818 573826738
353581292 175503407 487186272 587559640
428919339 537999572 999044622 899463934
161918183 10659327 979099212 485961330
142130070 82759726 682384271 480115755
2844098 870141077 502856608 537445485
326685076 203273485 500304520 666167884
550316931 681154081 57829016 79167332
839022933 535872858 244968596 320121122
18013521 659523498 144520003 897511239
88059152 476702479 92531328 895273177
761076496 220345049 913695975 535101779
640528621 67167034 263298702 649047373
526015660 528435787 536971998 317549124
636254579 598386568 847924929 969706592
978580992 258817391 264659221 452726715
617023990 142837939 948147337 225717235
923861098 410448203 774757369 92496825
260723902 589864147 21141473 836068935
196639930 195926828 703180284 861334928
712851113 282754714 446873266 225702290
387042395 317447597 343590897 842691364
674251254 718398263 359457439 565317752
286293214 179150920 975815717 177264629
935066113 917853935 865653115 369009909
611468247 815209144 579044590 521695784
859846540 548071605 743739897 984642598
329166398 424075843 231056842 178954519
937870225 768763413 723826999 897145913
633556516 719951869 204858363 417107178
845906761 942951958 306048568 943862648
718378460 494281742 542816606 490589594
52598339 877276547 970337899 322355953
421673992 555593816 267940344 130798154
61212369 140192108 21270431 178484344
721906087 901496287 942825806 620088647
65141623 372349445 295408666 935113627
574764383 939888209 230863102 791730342
337337763 376323520 418176299 295447173
410079355 403759439 281052893 666538091
205522446 581477729 709162900 828541118
30315402 175026821 550414635 24132116
517806689 13266379 149044747 89197199
268121637 212702873 253684539 494028629
252321732 368111530 912652687 534786286
312874923 841866674 629558472 547689585
538037525 681435542 612264219 43266130
649803134 401242143 66362365 885246591
331712546 42084551 235296413 473765150
846583200 547291205 314153592 510078776
640782935 705173810 722164089 21636318
261254483 842391725 478441840 120619385
791571910 684511249 674793562 166982603
509968795 595522451 16793766 636384509
863771899 851892935 931137502 196428229
822084900 761759053 580601061 263256067
534867265 268145892 240051141 196187145
744204950 185488930 51707733 20093241
647864736 910454332 593356538 969647017
302905277 293279639 242647628 868801811
850594273 543376305 863801807 753833609
286269294 213395457 522468829 515205995
567714617 856380290 453331167 483551365
27336376 563858684 575850637 405780072
853524200 448048156 191612645 665715799
71130965 612353780 609411278 202692066
777928584 489624691 482292965 940266491
320844277 915672416 767623432 600571768
998207340 828318744 158418397 235467033
361479105 689471046 542922485 870660484
329732309 373531111 152481470 87526919
51242945 700591720 235566969 919580725
397464411 288304360 265414485 153912603
84451495 592676947 627009209 887442824
667069390 719357161 34995734 925268238
447386423 143954600 453765021 36240241
693252082 112676795 755113279 47644707
792013677 169966071 335885783 237745713
685371635 836682963 29085551 276479286
664913288 511928447 550068556 316116557
608441298 603441969 610661380 153633077
993857898 535443728 99976187 814626746
811197449 297598851 189311463 588969787
752741449 179380378 975155746 732518311
305414487 413538436 540096067 127539566
467869773 914018172 536941062 443502292
620998843 650239173 284779518 758609217
336135206 741498099 756244870 509988704
880775437 752261689 193864265 823737001
123226810 782139556 592370829 695499890
479442995 782358077 609725640 735705978
649107174 24985998 80451025 241966984
532830902 74836708 801915815 596482170
12416936 669599863 840705189 170115380
968239621 570704146 224739850 860557925
812830309 546816141 621879246 931439741
57720910 752243068 817514337 661948920
595467655 930345142 639242808 633692021
705146485 602512727 96515189 59023500
203676776 302381614 434655831 48448777
520858613 957398715 735923100 635961241
789701456 466572007 620911969 246249272
964852170 866160847 593817525 954764704
806503057 405208877 784400100 37779687
200718762 584694073 623290502 88024117
554789777 721321843 945958741 364366799
30199076 514896025 92011756 509274370
62905528 555858592 822190469 631292040
259797590 483871876 320904256 982424655
911905622 316912983 664830648 389998130
386803090 619948764 384985454 189176408
378109847 694131139 660099081 852590564
281272166 813667721 596401084 113552926
999893730 15797229 334799990 568288802
975296479 611109129 947811884 788834678
472475051 149310851 513047456 710014762
312653778 145622043 116042302 284195525
84592580 574907611 30088677 757596476
188216971 517083993 887455681 138805829
977899399 506252577 874547107 160723481
674974472 934590664 286741088 198064193
800562287 639816269 357377208 577726418
419889452 787754566 464282909 625729636
58291494 717331483 508356285 494521800
374867935 166836922 112311959 108223020
929154053 428991040 184865697 633166126
899670936 203728142 106037012 142605139
707326664 549103227 175642233 740730868
613627845 530015246 602531917 365845208
650081733 231266962 443666744 82360895
836916728 853570384 849446833 476867910
934131348 721123491 148620481 268345522
979985273 43005468 233838529 359469925
66683172 1149912 859728615 236273115
129445325 289532085 739063522 85881798
677849941 997190943 956603419 588115945
553606849 295677556 279824498 426651433
16306754 386984396 238904072 679774513
14122733 282228963 31633242 808961835
774895666 514322281 220976257 603419080
192769048 219515157 806425063 508761054
242602502 158422538 655312470 70801438
775182730 580470330 471382152 203303996
311202987 458155508 726907666 851203251
481003768 693106932 229346873 890339612
527948869 986768046 172389369 227605361
919862932 278338755 937505503 608721318
990545895 956899641 81645131 243982368
770390402 395223919 315410973 960397618
899398060 368407901 44517647 216173424
651547024 980660932 230885895 218280710
752874302 607762972 880945210 51425600
663048532 445236839 442156281 2296903
879670062 441374163 846627636 284130500
213174692 368681389 283900621 410598973
394935733 647774884 266139173 522163249
568347847 408727869 706536634 566388958
426677231 234252855 136165152 177399149
794456242 942961982 982695031 873317376
144377956 207518477 375720557 97473416
515513890 907204302 751616345 924723282
977172418 720400175 327056799 524978357
462337434 524393835 331272849 122729470
219753836 138641870 317106971 859589370
402052676 807308642 37109768 281859844
597677774 694016605 570737875 468759853
1382343 173179595 900409448 551149698
375247092 121032136 644129661 596938751
553813817 634794549 895457956 321867216
2886206 812050736 792964266 403507532
505135636 902001717 481002482 609866483
320762209 752135541 296666032 550972144
104519832 507546720 800410864 226280173
419356894 409083145 721440282 333500042
522282999 297786673 480001211 174585717
929442921 915452541 37537303 831290721
690646679 150329171 911588390 547390507
708679899 530669086 926394034 723462756
534732300 561826812 748452641 725801296
615754932 623501531 637191910 534524259
372222843 125002201 237953383 425996218
770310559 459137867 690051167 157318114
558198676 595808900 292086892 558688167
627428571 716371023 873561279 752342764
379982745 246404537 972697968 94276098
263503009 425938584 956682954 594501501
122738178 287305489 115107173 161066215
860942002 601836311 88189059 580784210
367802636 820008416 834263724 232122652
642220160 473799896 991312298 669530681
717644108 723863244 479334822 473466732
833374010 767715810 136741537 440272088
318249186 892947106 138634282 414035714
731430686 855056185 19118545 871170503
758674243 86124254 406351177 571037800
118982008 937522205 288345202 890197518
509119987 140540558 411153678 386023337
625776889 426044921 893616999 784864606
257616685 938252751 178980918 951687515
79563283 840677688 98638305 871668029
130048863 790256428 809718374 240419342
730805559 261503415 110986930 701120780
224732962 186325585 960119112 320172665
727457630 61382799 128690108 254058475
285403309 288639025 754343749 323544957
14632300 203768080 926001374 193374531
372909040 823091968 667013141 545142324
944414850 304166046 616779408 443952531
405198174 545843750 443349502 646567496
163397013 696760233 268160382 797352973
11293600 269860965 923095991 436829416
41312557 904540814 994210465 538375046
161872524 83248188 366696936 455295203
184762883 90964353 657850794 189246566
254120814 862774681 336287788 352613911
386486287 887562865 540406425 519354911
303216027 346031773 667324522 69968496
243171678 762027149 890428994 698428442
72165256 156208740 629292998 627982302
862042695 148167066 62476935 308557415
143420187 794970108 787988766 366601978
549611877 606761307 192705346 275937571
217071941 73956850 874052901 219237047
638442708 658969624 769417799 91342055
666953014 756600548 269215817 539216571
215541843 873921931 980265037 272068073
119914443 458410795 649039904 422337340
141677830 113245799 963444043 186108398
614731031 657488749 539997341 805544859
710002236 199967676 28160284 402297396
311677995 3166975 226610803 412577016
690831512 153331445 251984915 866955346
916674462 481202384 540325620 140875609
908250705 471515773 172871714 361705289
993365947 698971496 287418683 612240217
702924178 467617205 342450803 578263977
773533591 883096831 8475810 339704679
517342989 301124239 666181575 661977236
598689584 254118650 979183112 500412997
258852258 753816400 475362468 934824620
45716938 71945622 938799204 802437842
561428574 536138214 335853421 994512429
350678187 406600449 696947069 421103960
140190486 640120355 92765753 50917625
393412356 160438800 210960754 795638823
18891806 738595194 148513261 202988861
593718744 528278633 876976379 345623034
871112062 968217418 385419819 625014700
712151783 235776556 373931138 538477291
924090594 77942050 432106603 418589132
975535748 119947038 518973159 683855781
18018608 653699562 101964390 423792727
382226685 754367092 794584632 478367845
359090328 766725318 72181742 383560011
239199754 342829528 233557633 239858558
660462225 526486304 419485151 662732897
348177049 416913173 892634465 839003352
152038037 475012924 501002578 838113316
786366825 72883592 142107947 902153391
793192176 637636909 512491254 725084678
862354941 858940272 845973725 226357217
380432174 7555473 724288870 833360099
359743550 577535873 175906250 952790721
424689659 794602353 515791311 870540242
544109562 941148253 346479536 440123601
831633139 480157151 609157775 621567356
12844835 454969825 116969232 645892677
191759571 729348476 439363181 527514170
548417462 358677292 782462083 870410144
380950364 648975188 897921788 221891552
560076577 193621149 608695802 152554676
393992373 400214133 119668422 589955782
282754303 767777283 429309541 317112872
942411326 14043046 947018212 647320755
155888873 235423407 342393079 388730437
756972530 605297238 530669909 127429016
570614372 775562411 348368565 386457827
752563249 212709594 236503572 709798232
866464504 337926988 843276760 605817321
520845240 786876604 804810617 213529307
116709667 657099630 673275745 260177512
775475786 218189747 358766753 473603376
453628081 151978771 393442526 88216954
905695243 534832555 155557615 807602389
124479600 144437223 650384356 386319739
379584348 169441935 400280645 967765653
644721874 726117432 50600401 656010572
106843527 665145880 264161165 112207744
646469349 377562518 775994759 949461680
279740414 329274158 400530745 15122702
213093762 236196319 90047953 567059059
94378119 557520260 340712216 864490402
158818214 818619524 190762695 786670449
879302838 178538062 334552511 309855935
243665053 249234595 450543325 722779706
362861695 508363445 84405385 857500751
284970352 525823418 644189981 932511569
732251051 780368863 654410638 68001303
850783439 98277092 449584603 843794193
693305710 83298673 405659347 171787733
373003836 124229471 180959031 165809741
419332166 896317654 774353684 586194033
355858726 548155431 357451519 645181009
952206492 698320816 661502620 723620293
28832286 40088058 140181379 920913966
294933205 915508968 184007630 780265395
713521995 203528139 258767899 444205674
822373645 384640957 463840807 713569088
71639625 671193536 44282598 655669703
32685326 985993939 177350564 110221987
638200452 160056420 522230399 343272241
901270398 238536006 58257126 47437008
197952735 592045526 230680504 375916847
359751039 383159122 982231311 926659809
529253729 267868673 216859246 225416012
383679739 198392535 164640038 204905572
575101851 638741792 982794387 78313673
540860335 133758757 94436580 894761482
403230824 49508013 882559704 572286483
632491398 389370798 487209632 56101623
912412315 689188964 984508305 19160246
70139785 921323465 571859038 629753311
296572068 945624494 235641192 909413096
56116099 884842358 942579567 658996790
417614806 33720851 582366969 994878227
933657647 4707599 786183734 173415936
816531822 689821587 221428927 121489571
207406192 385738808 249957354 716881776
596889741 757444653 703629698 430394662
198466157 664687999 893735426 483016173
327045670 332666961 248727989 611239841
170448374 139026535 66224302 723774886
285368945 825503010 163889942 505321502
626782670 870092229 429538439 492863054
85142422 115753661 785419853 66666636
999836536 282908573 924557754 396556099
640899418 112942092 243941177 285168282
344682377 860922972 139441754 849002129
393871387 527180863 650962588 760656322
836711618 288126328 888407091 998863464
759316504 10409209 56852997 479743573
824100023 777875665 119292362 100715857
325534567 988949119 909714202 934306753
239092835 8569549 994079941 39131777
551556703 740813541 363359616 674142816
119449924 166734821 635249762 149261981
506616689 526830018 991933825 903561864
182376856 736265104 897427868 589628492
383005199 305668295 635902836 335227470
274498211 521050978 92656152 705886795
180174026 200698729 567714150 108579130
433415149 539427409 963407101 870098319
985711138 82697155 192815801 46431856
754781245 616177776 570574068 504548690
261656243 597315213 251032837 990027585
696727515 907027291 14820735 848509331
243114368 361542116 862861724 747191854
786970296 287064255 410474710 832102725
845638863 987542758 3896077 374974175
71604435 878916169 502549618 841112979
20362502 662056331 765306849 88922977
146346853 89013249 108076330 833894413
445293207 171074127 312449698 236260905
390075564 326218355 110632233 954415144
110072804 857866692 557643949 943413464
845595459 612024404 623228228 285482201
893756047 71946615 115936617 644124179
368771529 832697872 847341134 385942283
83564793 637862775 495191224 386943997
946815742 886357148 881067269 756266209
539116106 943914807 845774854 767788602
878225067 974072718 83783977 858151557
703086240 219958996 424916190 364687137
891549125 856159314 776029081 109916536
199962396 484594100 964336799 902318500
673339211 918003780 166355018 23141426
998641147 221599602 663972887 159204334
445753250 405195127 931210111 394978408
746732327 470929188 102625922 365043966
834525223 816368776 866560735 903938506
617067136 230094065 807685665 157479755
602175546 494922731 415937746 290381319
276727745 724915934 291295863 108091829
316929031 780531578 799766473 767912452
17101670 762311137 30109553 715274355
578759498 64781500 17895825 461960895
262566757 838122297 919254479 504404980
913860885 433178668 625145047 539092533
379331991 57067545 679907950 856497562
309925407 538216309 714525952 984250044
880457953 313709931 366113436 309773167
544314924 207845843 959536540 841266407
903680207 577979439 836653040 69622711
453972060 481163162 717900732 606961637
46923334 234292358 943240165 966924544
629534131 120171524 665470334 604981701
479282765 100673543 271894744 738510735
118367917 689286226 460948469 810099972
157898902 89224709 375783786 514333155
805613284 537810532 55963632 514515434
351150745 79426445 942001406 74561131
31464938 447277853 423283667 386120765
35046277 686753115 880120990 599053132
823402511 682018772 800325573 976834103
534509636 922398218 750708723 499863643
377974223 971839066 637903216 369276875
221163042 677794599 460419532 237723766
122710877 981514273 372377636 577388750
268499890 166153057 645351690 420570900
940672144 160936335 422534624 142020061
568402104 341414567 197064584 965606176
237108463 204208031 663819244 753826623
22210222 95453158 254088698 896707697
582528491 864339158 345330636 540548867
531898034 205644183 476562950 454328141
347412986 868145590 123313903 686296994
100388491 418736838 503867219 288106951
403830511 971619592 300120214 346922854
383969074 319617996 157296920 42590261
56236652 423737347 791053017 423610625
969634360 713667047 758884740 727029718
279162297 394848507 26462496 537199004
420964820 272689422 438490229 342051880
610922800 380650742 258117965 572524884
220275245 309030938 825568093 328140155
587572874 256987830 535072558 853077313
756728048 575368370 951087216 589159671
584182026 280499001 523283683 108163007
487108369 658748113 62846306 776248414
728072570 272290301 17985853 798737187
239443498 139115933 375209573 134163499
626709988 412168753 9388902 150398762
650400507 255111071 437620304 950234828
769536370 971220276 118329793 789117843
481222279 281018596 683584174 798373729
360666571 625764308 623024685 237814708
236954759 600509224 295177844 289757645
132880351 167308419 34342271 18530976
710928202 94380028 584449232 479872747
571416270 826850688 396197910 401402166
944573186 642138831 977697296 475378856
841905117 686636589 457342664 264259339
6696052 587856275 269789847 701722852
99279857 402967396 586086461 538813058
720945559 743567801 597878300 710698962
578754192 484587038 409408514 394855832
863242097 296354967 162696350 961743570
658128397 57368242 413091907 863813731
661174979 601141031 486001529 586558283
703357199 98482826 31191196 246450377
948074740 688313003 986047613 79470178
762511756 312573028 815544507 738926054
889944935 625863641 566693102 571102507
932275572 623302641 646998205 944032130
33760472 195543096 311271978 990656128
514070895 454555698 110313953 891701928
600423808 560292829 460770338 928877231
896749313 248352666 912971576 677261743
569742708 81823332 500759831 510943333
671802517 203749358 828577793 822999181
244019461 212791921 843402817 946168705
274758741 899378810 429035056 635632458
292954929 272118000 446271675 246518378
101486763 976251445 420834914 338151742
534903155 439510908 444386426 348203703
253228689 664452025 200656980 613134875
622663530 490226111 137051970 800816324
479606044 437405293 885692181 922660339
868678535 475867466 649743205 265138088
404554997 641609963 927851889 366130440
56954731 491561836 539134229 460110036
997371673 541605034 630663216 895926607
426817686 449096885 593104601 225198500
471605429 47004108 327950067 143355949
974881194 348063461 105338864 344228072
162544297 794097237 933047628 332661610
857610274 144530777 482669942 544582943
896178905 934718472 875727799 701026447
397510966 881015390 321347572 653958737
9371428 620954833 500246371 438325168
737630694 131259674 749524153 609841075
804425068 112369938 886457666 580474435
611290631 681535505 314802740 320193260
242150309 279664538 68031252 381985248
448571054 47299825 721826036 100881556
995103584 451202260 41819320 87117178
267394615 867676602 706750713 813566673
87630702 259424205 948006240 452662685
235301536 965617777 175408409 590252141
769639045 293381419 376997491 681894461
818361584 420987954 578150761 113911327
138253917 890645398 409522887 18076962
453644347 125888401 541627558 494085394
731164910 387396922 610422427 466117633
36153059 132575066 525718825 475761702
56887796 727063708 793779850 153750074
283915382 639106459 193939369 392098249
743544592 627396272 20137257 988285281
887150838 197363851 928623196 975378079
637752168 151061960 650427063 795485752
723564811 600778039 91415981 90716748
642371403 843259197 781913427 703156418
740240560 704977099 345349772 631161924
743210729 868144910 737638587 296430308
521323767 613792650 897475090 982170317
803882535 98325189 639165651 610032360
81443381 753700161 510872912 159449394
244619535 747413315 39851931 214204690
876381119 840199047 105669747 927088457
216060564 398706213 842600747 942687538
94731250 833019707 632993508 347235941
464904033 694109339 627939984 926027500
726227556 406682786 383586374 256069257
993213439 514258696 155869746 331054159
503356603 865722764 747371044 648937306
564726378 776701761 429447968 602187651
580241855 438736887 780629657 896544603
727610717 533310341 966513639 962264156
663531386 47459803 641674808 907852942
625843432 384362717 207066035 208868838
940422490 933740951 581309734 41143896
151939370 897420062 456988052 824335963
716624339 835623786 300526796 875243278
334618222 691518069 340272304 161318838
634230885 493858612 24834153 722631636
549850942 106763604 211969569 455599834
366387231 649443762 789743345 619089962
451078141 677228021 597099070 884577397
751805088 208104697 575043016 509788138
363230393 280941591 310033007 962708721
94829520 624726871 967040769 768949331
907952250 160522712 651633206 565927179
9570646 838997003 32135068 489265815
562263725 767851859 885592641 717351132
785469226 388022833 164142662 711102122
913123527 343429336 521729202 812283615
261089464 430831738 781162172 744030081
887295964 400321364 612834982 183005464
958093573 305543350 478267719 786099947
597428186 631178318 638104325 40741723
756562122 783400610 782106821 509692554
507426546 282429252 408286584 431490272
267383406 845886753 890531368 37925459
747497413 213789179 483972818 671292084
857909254 302480249 604436175 808131642
17983145 820259985 811598850 313789658
904616027 394818133 207564187 372393463
141591568 918196062 304366111 10744640
730749777 483999169 215676844 378080047
488338512 955616381 631647403 929624934
489753446 443400571 314479248 604175791
716638819 460948241 168177024 147345709
625250748 993436514 276596414 481228330
458024232 664775751 221497464 253056853
532178513 670842401 102886313 929433392
580114370 366970971 926497864 211099664
152606536 307126499 502652134 628690559
529258409 537205976 390174159 87917251
43554310 244859418 703571018 706774042
272418157 800945529 354814514 267968114
949384449 308526729 617256004 545601893
643978772 738069462 694746264 49828129
704025225 848150730 877021510 309544092
120325612 910332129 338841866 229998049
98776843 902288032 635974409 241910289
382656071 23928916 190735279 967953321
538533711 275791299 232352203 82284534
218565182 60820436 359852840 416995735
36709610 656297195 242973475 239475345
620679586 546829581 654665731 231449017
849251083 192438148 922854391 387233186
456160919 436197031 992074866 114564222
231016828 513755153 623686164 226992077
236593355 912622755 497413201 410136769
125079785 162092602 533480969 161310448
701524398 942569982 888236419 808434938
507025641 140340022 245435053 947091032
522661075 379780447 495231996 147496592
552422805 408366699 266534686 869458674
737367109 405027055 252526821 230040792
933867725 932747218 227601511 154439846
775299353 841382734 356793498 667441652
563833463 36422027 68601623 888809315
951797190 985314499 997349030 404234141
963762395 956114396 586967945 979216100
887339884 612428950 763551800 178917529
163891389 413003266 740397636 85284386
924777554 53989520 661571745 173894057
831158862 143829177 926338820 874849202
25672804 835338213 487301824 165353388
389902513 430384832 757488967 825083293
791560526 700304810 889132188 470271112
534986644 916559578 988540712 871677811
374137420 37548205 427376150 227688154
714169293 442705250 957045968 403442852
372550685 609553942 683276946 416841443
744491317 991151657 212680490 338123008
729160597 852968114 898887974 184215858
66222506 640787242 900763132 171343725
48325014 939313084 146526548 122828467
954612528 135690634 8800438 587508962
355721953 404848637 424330339 227650285
916263666 539910027 588039125 333992426
226553860 257237187 651657676 952165727
798843236 271774535 472868012 171466966
41427984 702371012 324984929 585244870
382391293 218521354 721076959 845634716
654339167 805657953 695340125 315802670
864372747 914878601 1806725 975042766
582733142 773391412 967800869 665344050
862691662 990045879 280341132 319896732
812096453 245624988 786835069 153379458
317601979 434035243 185214603 902035518
478638247 253684251 211216103 99437446
389952628 847582705 304974741 630168608
306645081 565588805 445977149 948165232
947295720 83513643 229454186 394384832
532667981 497236131 217950753 334776451
99134235 925505189 58297620 424554004
447043615 67569242 84136658 565469169
322364472 511064236 647640517 397528423
909650039 307127358 571328137 444368780
317555985 262786861 748154815 974630834
313243936 390968512 753434096 280190634
827888046 828623151 914348458 332410582
443590556 464156407 282904672 836665018
879501442 380166164 400546554 540823994
353268234 746842597 960017652 795602628
1063401 177412638 539594886 279208728
492347878 638711931 790558607 777112609
771537371 674402058 783388651 884573551
973644777 516805384 406238629 124290890
986938625 982511721 169817847 930120171
828992126 888634478 776242506 323497401
306816364 617948713 12938820 544889229
695359883 762089478 296545390 801839348
140613306 543462756 983430790 61923614
306168381 27362935 119587119 184819444
132829976 946151487 946709544 254875937
772484303 746201797 266254018 228663625
238511598 130455475 159402897 346624180
434222558 527516122 200311934 372557898
987613107 323054561 96301719 135392750
614065043 532647362 17646414 143070574
498722981 704430081 793752522 440898932
414956431 159961232 247562358 37338409
718229088 934022387 589880941 703849571
954822540 332248281 577941947 508393702
735071661 354552376 570698485 393874989
579377731 411597206 636838961 857921473
750721231 790426757 825272413 777554617
285503556 979973545 150084473 322559954
283474612 92507825 795071651 594585833
729018598 535215980 601446334 665543185
745357236 102861848 814154542 968058139
654127719 466836406 254733029 916720335
373851767 638429145 830866036 603824670
871658946 176245745 602611897 566259406
146952464 677019971 530845898 988026271
274473185 998935609 887109039 113441773
461082590 221582153 380876335 285886333
833969605 346873633 739666676 127846741
395502823 874468264 541083471 863066881
375842048 778410848 10150398 419621034
656132925 911278584 416463268 397096698
797599386 691852052 824705552 774724546
809721892 872749269 180173459 186756748
641088548 218623712 692574903 330141856
315482205 48297505 762065920 403748868
470419830 493445516 174336438 868181216
756324437 340424139 72979713 144096019
146273034 601798974 357346744 804535104
522789890 8250821 836740134 678007378
788558681 321615084 716137379 598206052
719082767 251429690 669888845 76011803
782828341 116303622 539045052 843606496
953800457 657645704 928703595 799263973
182140394 465415750 56928739 955452984
111909423 733992898 607074713 76168410
757184554 905294442 811020229 569612883
127038031 861172838 301120262 268271282
262375944 67981811 82473424 809923484
884919298 655476632 231416230 963119540
862210425 874585363 469498003 458603093
720153902 374852524 725175243 327677508
338680964 794952268 862598976 757718114
841360187 715012248 823540176 139096839
159847281 999629918 233012012 752532589
887236189 990819286 192838057 542510179
901044298 479380793 306238991 485202540
186701669 796922345 815075430 576562504
313011154 278114309 369517100 790607944
271262375 150235916 262918187 666921687
963504840 109484557 76365322 79864994
299486160 922449209 943975640 537905560
112820914 768500363 292184541 926856467
485433077 53499549 682374828 291645260
436215125 78895709 123500787 235660372
57699235 857002889 224489866 355004966
744067939 889106791 87524915 99205854
420387188 428614866 607853502 433217518
624097980 13198697 952904006 714983567
835544482 367144916 5300243 718337796
222958845 823771967 801172929 608973333
329846730 711834330 136117857 584986065
556572566 883862077 958669549 938794061
458902924 47348513 627601650 668334791
143049999 994119129 690295290 895565251
682335123 991674990 870733503 997788348
983615587 591641812 947144156 69003360
496330726 108527127 158969332 569733538
385559496 643698965 143071420 108202800
757713211 719333144 998463899 364184610
551723157 696228681 708807142 730386352
521095224 420619799 20201540 834897719
853911510 773920129 648060466 256004284
416600838 725853929 861120244 175723442
569363430 104654084 169595885 490984778
41378947 863878339 388013473 597575639
678007065 607115341 145197 855427324
159437523 397833514 427754655 877401984
45773833 384142990 314080771 810631919
640274336 665825045 590110855 338025809
214469058 712092026 235732682 947871465
360168197 737529452 865521345 466419759
423965849 860407680 481650528 486332472
674188951 760289612 623721968 621060155
222102117 799349999 47406067 256236614
27486277 733245814 143034342 130255486
506819926 212424623 905919785 990013799
202237170 596593066 391176664 672535316
313248310 339245646 679614876 984149822
589269254 342496329 404151719 646261381
261495512 348959845 143161823 850450782
553340526 908115142 906194985 578906273
797678408 284201970 866813908 186738099
913445656 663982699 267552500 110793832
874225025 708621828 389463586 696737164
840776345 14507039 496624131 548883768
176308807 997210600 416817318 111428724
328293660 42332276 302591245 206558656
47387734 494740846 495446824 163312853
33189360 516699384 197070699 221162130
568755012 401372223 550375688 68130735
907718316 258215167 9265575 367136240
964312725 666510268 812383156 131094617
903084792 807068904 866299175 906035701
403492287 25217023 675921534 810116407
585311965 429633325 214487750 880840468
57734921 62251585 979632198 24294245
558619468 274360645 79091598 543799621
435485568 999734458 553797550 931457251
315107856 431626624 525705852 388852115
434997530 876731326 639941075 750909143
5962011 43789655 454631251 264726447
370343863 750591316 526865567 818616981
389546603 10785307 195776766 273760090
378879931 413888365 830838658 888255413
410459185 490838416 373152731 71890678
893185310 502068609 209651720 534257663
673151235 452172579 597897367 383857132
695142685 97977659 363396774 309994363
932468908 482890628 833545956 522857623
505268788 485528053 98020006 180312312
238818504 899781021 65139269 834610356
939520478 91369669 410264823 937021941
103213745 456336902 985585727 613749248
931537766 674116450 157659224 39809743
11595131 473444242 868596528 642502346
302391794 197687623 752004807 476295311
89465353 790354 371854815 818372109
596169841 561424003 563894058 277752795
537545554 977825326 631183129 271230264
500631150 344755083 886994252 706637312
864746647 109261131 482283239 884006846
671384554 345319806 552008534 239897324
35400756 69131539 426728206 377195830
224040624 488335810 324292674 285225556
161909615 86347321 712134668 687759481
542669519 906442572 364530322 426844610
884208520 61286049 548238995 166286766
63751605 137755974 549983670 117823553
647395860 526980775 731165135 423100252
150439710 767520259 467382568 941201110
657261683 83384035 644373218 974619359
820315824 651905036 974640056 818704417
859829805 533571127 274041186 477776909
717670559 66431390 838072393 806574974
310217230 667182715 307002969 933420370
74280596 454916338 567438185 791153666
499685538 494608722 946690081 176528055
944471657 752118095 467864332 964554512
907640046 211521570 725722895 735597691
754312582 378960820 139690779 269194573
683013117 252610366 677310173 303734317
842087427 999775365 764532153 959716439
584896972 547893970 247998700 758639743
347354408 391390138 793054328 359892206
141405122 115280999 355738707 249199064
79645595 640550668 864270015 568487706
904041893 508729772 184534534 437981144
389019771 646357254 420429021 601027141
776638587 15186965 959000801 738833194
666165801 488092185 894009422 172178229
290994631 260019871 619180080 331186874
100796757 186038240 406359538 116287487
526164633 879634135 616473972 794084861
15008636 86594541 674163163 162565338
563805180 856691776 332921384 440539831
107445537 671131983 822139790 964468018
150461000 870440889 877024452 64195977
93842417 779622369 745327396 442298419
434744351 526079627 587146036 503735444
620077385 350549655 728022028 802111272
37197017 73338621 527961225 948925215
158876116 821692677 117065513 570802858
175451520 955422101 54089593 353380509
461275720 618349611 706355232 155165419
712916620 229611005 846894693 119260921
98568020 360389644 290401881 321754025
418023237 238122210 106632765 59442156
657105657 840606683 775473560 195968994
497437961 362786254 24434288 702516447
334045004 147514422 380535048 601227973
157276409 49439175 843012106 404784516
77203301 45639205 991516489 313930304
435264362 783848324 579609681 955074204
591297322 83539286 257298726 202102737
363420018 66701304 30835877 363518367
544713815 355918170 653969942 955509286
7138596 787498110 89253569 659364539
790384921 264974553 307984278 143034375
707825955 689375911 387419194 655539901
646030828 715177891 75574068 141828539
313811987 483554685 849688846 937979472
598061139 876038757 284610358 920386953
781122345 767823783 638793693 572426246
600299924 273336246 162851571 181218757
92052900 988830266 626751466 545822740
378136332 860589348 754615752 221417317
545585800 253389045 148955857 280133017
156269017 681109973 897003262 77557870
172782866 72130718 644093321 308668480
678901684 251165576 930964344 314956520
489115833 963331880 855828535 695452381
653979970 960609039 751356022 705553034
265741855 931457184 409241436 645513165
960938826 434805051 311857662 271208498
728683150 847224958 668047253 555650375
239112792 551642742 734705577 352285672
637329889 442271272 284843817 906018332
597028982 85540216 190816417 500174018
683777079 172919008 113412842 655241071
304328095 249334033 920249271 787421592
69624841 866980810 191569765 580601622
280373771 701116490 216341203 549197718
832454781 292249237 808841175 975414948
237850967 241970327 122585660 225432680
114736996 527099788 709627577 215044640
550146345 179685937 90834723 581820302
228945312 724273139 426415538 679795481
640540085 914786328 45862201 555013633
910287360 424005916 77893596 760678710
688959211 902567622 944133784 826772060
782515879 775457083 44987600 390000439
738228853 823392653 62936609 26012160
309149751 445220031 370773825 833606171
727916340 300404107 323924864 826943002
631764457 838825372 578658423 417534137
77370419 842947824 351099713 249248383
401132278 933540282 53330470 884510220
568507121 255951679 437031332 664683030
686568635 670317319 836449934 430475979
90360830 762166464 417001856 121541226
505835843 142463008 22205415 583558285
393671394 802238385 325209720 32750406
217372970 464193713 469064615 953615420
796611407 931764599 777837982 413735295
12804305 691444669 272079919 202473036
53377367 775059265 738016219 408976886
604288912 952662799 861040747 539576361
896434463 906886437 800702655 710855033
175734857 164737746 54201153 210005821
689621411 60558283 138598797 728206541
889417341 58693848 698189258 617767122
748041415 120552971 893728293 617581625
242161854 42727635 889853307 2920737
262530073 195893260 739017498 876250755
575491617 866001635 523141875 520513400
894706548 498401343 518068261 993750087
868767838 251080423 175097527 533431129
668921822 449396932 90897496 61038118
416861936 72563377 353496846 932359234
297355561 192337598 72811730 779180759
537437070 865303627 817820152 753667664
998463633 242997131 778925670 579999258
735559278 966066496 619277412 54564101
963013628 554532236 263993600 244209824
482862648 982539 776100200 900906550
925490018 682586045 457593873 147258115
453389714 604862197 933935169 991555510
277806146 785970569 914038300 293885447
93818060 683206146 945778369 561680541
881364764 685961445 217165134 791509919
583658093 200187657 855105921 135244178
523386751 590356692 844900786 46587756
750242394 815518844 598722032 851942897
701273536 198054516 900335181 922841502
257684252 597369143 682949276 296038728
512207666 961162821 928742500 419877822
681947744 522453833 454586069 54544175
247862572 841202005 134249558 557971397
354639714 542307921 860466819 763424369
826060771 246860905 140649743 756307079
445171471 704107146 434032836 918611067
454327972 392626185 10415049 253621950
703023690 265471855 259389159 401723624
347139283 321561034 892468136 515613554
653136637 143204893 695149630 619497270
73889820 610907565 335708337 439555065
349242974 813380943 315628276 349500791
457522116 844255132 832525683 952164072
742868407 288909482 867350151 404342831
89775958 663545666 202248027 367105764
573352796 187162687 200448690 288145994
364519712 677349720 625581942 724890945
657925415 756472847 59226051 667156999
487466887 804271358 366666475 845037158
935928371 331260233 660277969 964512835
283670131 864544053 831597010 703039223
245584756 186434791 912369768 397843024
6797027 287574688 311403502 772231414
994325978 244707875 577222051 931672653
719860266 552912428 887047071 835149661
174574487 967688662 501501870 762022728
387846256 8631173 526805330 455050458
632452222 370407692 479833775 337848788
39175730 681535202 482891370 138679940
724433553 137075197 91209645 769044131
523469865 829557246 31000327 891274709
520501610 597504205 677187359 503467946
37095921 247014685 16948494 199618868
380993482 185206883 993652238 482575897
500386596 53483244 2672611 122508210
105244033 795895430 775960382 238454291
250384680 5708617 778265412 81621799
153517463 954539998 771000297 827748619
490376633 160044876 364482187 780536387
438532921 906293411 18606969 186326410
559741386 500878189 182964205 413085961
281441181 292652849 542943878 822748561
697071788 683403667 928780389 166179117
900563092 989029173 410812270 359986532
617965953 132839042 556440042 848141160
369859807 785379209 560821796 930965776
129462288 442076613 468766953 393576841
647310609 829044093 502239 20423923
29782366 60193262 898249838 516475188
739434224 813589051 132717450 318278395
123464333 423839590 230121094 250042050
624681622 384892993 670700069 67756342
62603815 335973919 712040838 783681988
558559196 925814989 535001443 735229718
395533974 948393818 347761461 530771546
540376114 631151564 629616153 620702366
813189546 790434007 988275292 482327038
444803953 718679282 804153847 174025691
31662801 800273226 293048897 174870975
