1000 1000000000
723806344 272404091 566756877 367534294
261941246 446560006 993629817 266482869
965521971 798551924 460101752 101205697
784581261 580291189 143379208 187904613
613862994 270052646 493530621 807658092
924355945 175525950 567050045 87490413
806642532 790902626 479313510 470943565
68784595 956091023 920535843 691834302
649859842 962488880 758137759 218596078
841794992 97091377 287710311 411151925
514794058 175615340 391540927 584013823
11913532 725333784 695742522 905661523
776413852 210065358 807768728 108627479
512177535 281517485 535227494 981610909
674713600 168132689 952237361 318218536
491951041 70015841 90191241 981978526
468485327 424887012 493824526 310225000
646392105 742102921 982372953 839640257
734098414 873774875 972231756 136587888
878267703 962085651 869764721 786973659
736689084 21383677 928556970 869334217
888991359 627106394 614769717 229295393
444360373 745586609 89109900 851843676
841338242 719476263 405916536 884309791
601141441 480234394 709020348 44985477
301459314 925667390 312518563 521783448
354695988 189706923 106756218 201981889
735335549 282322001 2867661 634994036
387706327 410432240 657392073 150283537
783770163 701331458 228134935 193131587
439411964 634441817 174867114 35851697
791850634 940926419 28830716 333004121
73508844 295240450 861891679 411092408
393928246 333638707 850294853 176022410
935385930 988095055 345656874 217554285
941205176 897637508 105513746 706554775
695935642 933395946 912031326 795535256
882591883 87987296 125528638 48349016
259689707 370397702 93205379 673935822
710355375 737470377 617404107 623492390
465113666 72621232 563668494 662267655
196346457 161407022 187274140 805111269
116135418 204123838 653489153 708337959
132863047 80913407 760597783 127567477
156903937 564015204 905624600 222624643
889188024 125388236 950149674 931622150
377972356 340953336 330645390 717371660
44975554 147751176 746002017 230094658
604725138 675934890 744985977 498186250
280839875 135175116 194420810 572959905
326256457 411659716 558924360 727238010
960096801 42148887 547200142 744545357
736320872 266326617 926411451 358163926
126532581 639136041 770500770 737693052
392722363 652710786 746107399 477126993
857983055 822955117 234939961 326412838
909538708 557306254 443051627 170407613
69458741 285256457 341393747 675253295
717386499 155213882 489659335 324064401
653542650 799645683 356842545 806894168
252739951 943978879 553833800 81122179
967401194 718453622 248243264 738162991
21890830 631225251 401996675 443808521
998218168 460181583 327302720 571185645
860708693 630831862 215002113 820753153
888003075 641153127 46979320 962069957
646169922 822446174 361808842 863425632
755803869 87244308 595732830 232347203
693730007 691786903 549259196 503467726
426806222 813993121 610035015 420436381
374990863 697118234 369410569 905249107
603640489 472953148 702131094 465511261
649706317 606322708 785327660 721196447
310196797 687917723 121313387 216244176
42889557 39987983 149054778 71489226
760030382 108145975 666891859 483237752
901258443 565935479 259223828 674145804
20372560 682972285 722661811 69563275
398860482 272585249 178844484 110263766
179195440 915773776 629824887 670299774
955971170 831568152 324194679 274973334
186459736 609500805 943747034 743758033
347120436 525004742 805303270 165277284
238784412 742378013 713456164 300147893
2431887 858523449 811554714 279951425
407842813 774772794 36918974 56618588
309502821 695014593 24660656 807762144
147279060 842730733 820306028 460423084
581609553 33556549 900674969 776505727
627415810 633690382 216763154 810459847
465641526 662086687 309852864 334179263
539781064 642059912 689536570 181610544
122878234 884625243 44599246 521105319
762472678 189505370 798830984 899300173
863318759 50454828 103319992 216848797
976865313 63869487 311087433 790320839
865945601 459238342 377936954 104141732
516179587 922715381 305944286 306042323
131372025 834782755 237254114 340633112
816914624 995279385 734571439 440666569
61606624 504494506 678154516 155637964
455957692 207189695 781035079 130442165
792218982 694735450 312352410 435635642
4553210 870132378 773354205 895353291
564362840 875409011 893870756 524629479
176933835 697775562 896774131 588660264
575665505 615978485 646458808 265895406
362721825 993359062 906261569 244308201
857158104 227195367 36355375 75749128
422142447 639951035 402992399 688297919
926452260 579281523 438377267 107931132
131304766 595822174 487247310 580511102
571757421 618821899 741856754 906842367
777152173 588751915 344857178 253455537
45115429 253170699 920957868 825696803
495114661 342741811 712116368 885217117
371052194 563358178 624300573 225378793
398238282 715368140 619585077 259488390
51030286 98960894 845046001 500922954
948132467 844687718 751326340 234654068
66418226 443327115 816684651 451482335
866241810 279156056 859984062 346177594
710628587 478361493 259232002 862644631
196000456 108053339 388777807 306025550
399450231 742120661 993575909 403522383
318081074 897085114 513823206 860598293
23007373 956140559 577742599 941102859
183218504 712427880 976281917 963182122
465447779 328518421 658327360 766566318
599505407 182261477 467018295 357842673
931644607 951390615 919041081 975335449
799789722 567416043 984253794 883187848
578164585 7586134 548560250 547717692
521572775 592471812 803606023 534246462
274873062 74750266 359860175 289875011
780225917 433508886 823222672 545278254
836960375 639910420 356895654 616392739
407293112 990535431 285711255 626838978
892882320 593396621 930037704 98329501
312760091 224476525 141746095 343893862
164998513 39464794 595793335 780576001
587018957 137180140 713681142 38738344
771166335 952202857 534932526 881418484
430527037 292923902 863558708 480797457
585622774 782305714 716083449 863309182
833092851 868260436 681848595 614857118
994155409 197126118 756255466 189345672
349102695 759067289 756097282 885803986
684277596 915691219 519117454 493465979
45623003 543204138 841865044 666985571
134413831 30848617 407942176 302616187
432855537 99640233 342190680 881156352
279451565 994216025 595116096 668564969
892058349 297961086 280931049 248104748
48316940 104689441 311814711 651571084
224320728 358339391 15238801 183466043
14124645 164191408 81277727 135051215
859623559 741530973 818542962 721077494
686261249 300349132 416682000 476878451
596485902 26246048 428677843 67295504
639361008 857422038 483502515 736143650
833558648 490889794 729586865 21432187
722677772 398629422 951737635 538782226
847469754 900994 5323033 331409875
897920966 784978847 768388842 291940801
359095216 476392194 163831479 614708396
177764335 664678314 637996416 789271981
798855773 875347516 906009147 567642583
956388051 68933884 726829795 231593023
731831361 954441539 736371675 176519375
631493720 71208695 699301843 904436783
942681749 326007965 244403923 652876009
23956269 664108461 125256832 391884561
762461438 391074791 660224987 1710501
335418852 804031635 886067004 237606505
821169579 841860891 364994676 965224140
220983495 274179102 440670478 994103653
346407651 824469231 328051088 999951728
724844366 988336312 187286940 4678101
459331029 518097301 407178697 949318517
463780923 388876340 843934388 286648217
737890705 365594642 266315005 719230243
342051705 559392453 308329057 621512983
53277849 332600627 434704910 10242360
583390649 643340070 364888347 342004644
498241009 251724409 619189409 891477182
278279216 759280128 924990720 967045111
191598183 504168848 658200385 797418889
854797058 348865970 752491646 522217745
623882055 825795562 53262536 13654427
55334988 114458513 917692338 77396575
433462398 628200294 502600775 130929797
998860391 68537732 643976530 421298564
115158614 941785903 41737153 954176747
875957321 691586083 137488554 592141686
249086502 410716006 427835568 48445572
853281697 760281712 782056876 834913366
254264280 164958905 273236529 937170806
171731429 900702353 474766553 999791624
345509844 389274751 185973539 970267543
903623446 744880271 948822804 420745205
488341526 516213631 624434496 373010041
610127931 304467817 228799260 446476171
366383499 196211909 88164159 511936257
925522571 594080547 275179864 109776726
435994289 621687822 674405827 12110890
572360524 289094475 43927877 408444821
308124879 471904614 758058951 370489328
948995250 717595934 696082140 489805950
250788001 954742068 17354470 814327099
835315587 633074834 685578078 790172366
702073705 470084048 729470197 474164549
425109458 740256053 913384513 789240812
874445202 32326152 40205364 904194569
108033973 150589865 586244493 703762133
826320092 615829158 561787575 355233494
328333203 164726129 316371982 662582101
848032390 124244753 944642314 459937385
933122656 23187331 517468223 996031122
707640021 501793568 290076279 610576411
330464193 455668907 740662883 394323324
72057664 353833736 347669199 735362986
178407934 174039724 905162476 121456878
868253753 457907499 340977542 672292811
610123390 55134225 188165821 297043549
229277249 639666944 578199864 954974097
378507487 259421094 921739182 178039552
956121743 443892095 960581109 169931571
167990376 801717683 634367559 82156466
780798621 639439098 881973322 757212716
394647458 158794529 168325998 148469945
313111958 552103275 388921301 455777551
831762492 837411838 483566508 994260013
155309615 735907670 395157388 729844527
804750650 872790703 808883885 817735770
680478401 817944612 783577197 900305118
165999115 295490691 454454911 554200320
241486189 345955033 251560523 565283786
268363747 438794829 995815998 401211374
168408817 991297181 667919089 804579531
645295134 596155467 864465542 619648731
948491065 734352539 693662106 461059809
302590947 671723728 952600248 921695350
759111652 565457642 560103743 103448059
115022497 672995977 674453089 152010277
526995399 212496405 623639114 455801535
529569942 465339345 576166703 182398249
811061576 712942410 771535454 131800969
627244895 450928949 707820454 938710814
363203998 911801276 400356658 688418179
299623056 814603476 765464154 322411048
320458057 254792826 684285055 693393372
80991612 855060975 887042443 887646322
727279876 13360496 378790871 407150201
961673163 15316083 716945090 380566331
263261388 421041670 866836149 197425339
784265707 663258542 624043940 700314619
588289110 228552341 687505754 921404716
894646757 532891243 872974542 73667470
115368390 575495249 143086479 110192978
251327473 117894434 780865360 876832624
517561722 926709694 134476103 873867286
46662741 998362783 992531961 918443030
766364798 490479328 709041791 417543588
424340696 673314770 367115703 390670741
426711447 40111541 131238790 22566145
65157798 534917305 887512344 178163435
734715278 648255275 447097322 77721818
28525219 344319158 338001087 739642072
751446177 408070386 437239423 419506994
973735735 354688882 854886058 323080105
269660085 757057362 595217089 834710752
313811520 948763703 416267312 661366108
494389143 487802130 749789897 104740273
684286890 254226914 736753748 562292194
259638271 238322579 536009024 535850682
814638557 42173148 203844 506431863
312124891 472318595 557177169 968666811
264626023 549777341 661628087 736273509
745609980 375926547 834075392 461026294
463251113 322837105 843125719 157669243
336810379 659993052 390969079 566301806
73766173 224108755 124287444 224875292
455259162 586853110 286772059 797117526
209808189 93376621 466613416 701730720
169703786 752743035 266745649 221210498
919308203 994676632 393471506 68216984
806042165 300005668 422715863 626487785
536213177 977647894 215789678 298247611
442963395 547069003 721190313 803828986
624040500 903688078 538183312 356300744
729017161 860115342 173498006 626102147
182361924 174751043 482826066 614916072
199198018 939372808 772293748 457606261
925229154 43765329 150700938 594549724
883735600 191587055 469515602 137578365
317063570 840018124 121285743 282108243
665233354 787918492 115592420 502252907
27988304 599153826 631020423 47542769
97617477 69099497 429074756 419299241
22963699 11886826 610854636 282183800
1450481 549742613 142449736 862645175
488379180 252335886 815890210 738548507
985282264 998538205 366320539 573564718
71538450 540394880 685230259 16623813
62764950 721694466 922662940 689794449
495011773 558451762 968868826 84069799
983774870 315678816 807566380 76182708
934529389 617238197 725491874 116014128
273944065 318306337 411849916 979382449
371842952 920472765 417481832 876691321
324385124 812939232 392977289 617653629
222034815 479722989 209036726 300899465
746424234 78209152 359824182 840804112
61882358 762195473 217592122 843303058
39096126 609406630 719907684 783055102
695863167 772616403 210632293 886534835
315147085 48219754 19574408 509806654
539510003 607442288 807168869 636945390
937452603 196575120 742578195 408200518
651727136 102071728 211851412 724889016
484728404 899181621 628582624 378146173
595876354 978292000 430990772 628705758
691545037 484293814 775825398 539968986
615593004 879499860 34920308 50761741
270312821 46249865 763002783 345656542
409595186 71581089 423522701 502626363
803391172 45094332 726588115 224503256
361060710 996433351 978389222 561342731
395326020 537459683 949171427 602784847
158075925 660950734 835598745 614751131
902670865 783626973 978197741 707797403
492916658 831283256 10262602 914213980
300969855 991779263 996301035 859845347
827179220 450076670 709570104 921890600
986535152 464222590 556416015 459281989
54963276 438360112 944441736 436027932
122906947 987187912 625156878 401203887
802419313 988002581 737165461 742293063
661750064 906482100 589573018 130395666
682541639 560517256 487806123 169460650
962654572 174100730 444775767 431001474
209728364 499806800 721380808 592919478
199798271 772261448 725589960 57811425
519845305 373067943 264525952 833407799
794295526 649403763 456170837 561715664
335893894 323831307 196818268 657500358
492191560 863476907 562327902 333359543
914440399 450402913 373925532 160418818
755346736 710758192 639248045 858472358
510386657 258266573 236066843 398263250
678322455 187811123 44906897 771699575
391936744 224075997 543720035 99018027
484629707 288161896 680110144 853782670
362170684 973227477 479539800 918852807
49895963 581179673 829404117 955005058
592871483 182370637 680371523 513505318
443972807 800616878 262286263 672987755
689720755 947029718 834715998 70432412
330429971 794655954 450612218 180992800
345068564 161952911 754480281 960916061
282191760 693776978 790375054 975458927
307834532 594395014 726961879 375029380
654667258 299195281 833444147 252975777
433655934 980214156 222348649 711834467
170415496 671384504 141827100 441479815
872496314 58769532 774038154 321178858
521964552 842975008 980806220 643114118
42337903 224734548 676756413 478609980
772975097 772485542 393537624 419133593
442376383 335731956 434314247 936143059
119281225 376923004 547137196 296690810
473432213 847628662 353662197 120378600
265290148 228380678 901557195 930917418
310708058 457451914 374132714 747501201
320765052 496384505 233278503 375624826
513938057 86486471 967500727 491654544
687623591 615940165 132813936 172604776
994609755 375337266 609961896 259956539
108375418 125996289 127210177 941427312
692508904 542359904 841505694 837413390
613006479 337763203 836948766 967776338
465714418 760357263 650844515 132288099
109714719 55670932 923412052 529452665
466578484 915456180 740389381 105022274
433433157 123312020 280223682 511163177
349204238 251516429 43096250 977449889
649225566 872474320 642308917 158711477
36406780 851202843 55498488 848515983
298654488 227655777 451976670 835442941
481303781 545757901 962952454 859523218
935024903 996397162 268500831 368014187
69660828 686921677 450580916 395700061
949770208 118295794 989096568 288696108
635112508 32914031 140375817 392713921
331124218 782981361 547610944 905912504
923330444 506321261 430391225 578971451
785906161 438870887 379818266 161919830
265440867 701293696 77894262 514598645
689874611 363849138 171449372 255003474
486836827 993510353 902531900 51951831
247936564 350675996 590692704 131135343
789196350 868874589 196225376 74580834
624562722 131090487 864561462 985509046
19499464 18003021 877576909 506815759
786664441 861815861 790107324 52269365
622309871 171160690 216523909 198849016
22343934 544043692 579227407 106914485
187709787 526052746 395568307 698274307
801402131 18891607 980107013 218834988
880893315 821338366 793174912 352615998
971017460 373079212 392101493 70546222
137870300 451540716 142653647 381505314
264141147 172926190 187286407 464024074
619478169 746629051 301410894 849406537
634570531 988293688 957233313 32611626
694588422 41988561 584064742 40999705
850215006 518465528 766708890 708376321
509864029 975629495 15222325 124424819
976536461 972935946 594370915 818598228
918617482 809351487 4622604 283430125
310537728 770479048 265232760 802293910
910852838 189478165 878549211 461241103
287111231 480753261 589291818 485362227
718617310 201532245 902100910 756312131
616162811 490289556 13896446 657211815
406325181 212772920 564373062 576348082
320211046 943384885 959874103 803996949
389452945 295747501 251021724 666301931
538737214 158197742 869950395 719639445
396960806 133983714 765847073 784598020
555628968 110912138 832335116 975371542
658707546 399547430 130046301 646263435
59124539 993761214 575604433 176821867
953732265 695059573 308530386 299518394
54580310 244106963 704398531 45410576
599938875 36811394 22797026 402361650
869617446 52363885 76359124 830725772
366575866 474825033 152872283 793660016
141869587 775268180 214752478 112552986
524662788 364021206 156902411 397520283
788416464 685522630 359825538 356913821
694717705 182462806 199923999 66488711
502196515 92481217 760863831 241701220
245289430 274735146 606823704 746830185
84386885 919326006 201639876 712146064
519324789 181694607 926047858 730189492
270849918 957806310 399961849 217449960
239044974 744738676 808470373 603322686
445013283 551430632 426853929 318505216
557624215 51349665 87693697 536487342
249362386 813877932 82567119 281286855
126078237 202837570 106536821 428028674
173313518 886586884 917520633 447603650
578809617 947217505 69650919 14703379
508186736 723787627 69244824 161032603
118072720 810502611 911735691 933588321
102173728 979945095 659760762 423949152
572929825 737500077 41034302 44652333
927658670 76577332 634269299 125842556
233643469 182441704 208523625 359510350
669104335 399221615 228545339 32411811
983603443 291927246 111251967 753425410
200710282 74222918 454840493 60697808
567475086 693395736 579611807 114700269
222478146 57927040 801956784 967400660
478356273 744380045 578117214 451698077
579286305 369109231 303274613 291617055
87927328 878009773 423618019 331082217
360676810 487710998 404759465 281315955
171845974 944748694 322880006 90385689
726749755 520553921 871877284 701168844
831299450 865505400 3761183 714239811
174856438 462434967 48400040 635859705
959388482 335079503 930992243 885320844
384962277 254065163 721772145 633488485
735222093 886791313 975567546 620883550
323223590 303930395 340481151 568374166
349303499 573235845 529260874 534990562
586809460 395993173 576036115 292540836
110632861 184337741 383881938 640729834
573690192 192739102 655223311 214460917
15685893 832623647 970357449 839556810
340731499 937036074 575942099 845898855
783827415 327634892 115648131 601821992
712887399 179471298 156481522 210134399
242850296 576083506 996777325 200648135
549490434 106924645 308305396 557373139
975761125 915379526 709464146 31246856
676597773 116242408 241040041 320780569
384355782 384062449 294272098 541322933
286532580 997728021 666735776 811520952
538202264 617956672 496713726 459728857
719923184 899690046 444863990 363744196
414396011 871736047 913969930 682825964
547008494 541338690 810555475 835459561
431285318 765165196 226711487 946417041
562029244 520499608 909827661 365798764
466204938 998019525 980525466 539399438
229192625 817684830 805365999 5335019
755469178 876405646 380757650 683272744
102210098 646929752 628675794 54395240
983390933 801020430 237369705 503006526
294247561 100718821 529882919 485760959
975128000 680306604 280606780 249936902
539070467 855808754 387945472 873368807
374452814 514493273 537213679 933350931
365022301 109902638 28558186 140005189
971990215 201131128 229822235 734493963
684860067 392905747 905301594 42862013
251332285 967872447 294681188 314973087
108904462 117088973 541815943 622360449
641207916 43814738 736632429 811248673
736867753 447168817 174726718 127135499
196681336 1314689 75671793 696366100
113857880 676636928 368833959 846572175
390781176 119672765 43405033 366395250
643327503 576624273 704382458 301739670
78594073 119164819 3902292 384628521
846418044 231984298 415776360 835167052
866155104 66321891 987651633 97043313
889491206 636686576 990379089 98383087
156964205 72320802 662078366 559438259
971253481 214905393 288066488 889352802
164660414 19886470 380927712 359469901
938134082 968117760 730093953 279493972
270874240 682823729 633040822 546357646
394892381 626910218 601048484 47499915
130306791 253099444 578946159 468660459
664382163 703398464 498783483 694827061
432595593 846306581 359735087 447244173
667833443 390227291 549628641 193388142
930652399 266615815 440130950 1114054
594608621 611144912 630732630 816602204
610196412 358497632 943130584 704480801
733582548 621976376 419900707 890587259
719317187 128856803 282257368 282410084
747332399 682498696 87040051 642341669
703807925 631271414 450331095 323453158
432101362 693121717 832079378 934586965
16608180 204087936 325903985 132773576
928931634 898953680 604007117 288594267
423012146 140700870 258712433 461517709
496647597 825165590 55530830 730984563
88063828 699896661 839757280 99027405
55180557 765838286 665640241 497064903
764947981 797484710 616110060 220506398
265569621 793777825 654980499 497558932
137448621 532389107 200037200 729606197
734265449 109945059 364657734 413278154
196963794 677155225 278612193 744876238
826952963 793809696 414657574 201955442
618417019 499192837 973058324 400511039
923510595 670487491 267580547 153054982
861184090 144545069 33709218 820218774
665892897 277871942 379114034 123033509
965292492 985828835 505720310 768500637
541297542 461930204 700430718 595553590
32169070 732152538 280013563 258944976
403111613 19055352 659065939 965043210
229212648 348482067 300990150 793679241
629620804 868341449 594379044 134616397
759301937 450785956 73614929 313612490
349732624 345452571 193075200 587071312
998035019 925714775 997886382 193833850
215256227 942276806 570556376 649558984
329092413 397989005 471261398 752448350
31796971 723139841 925511064 926850125
397044834 955640788 446129117 665788126
540305574 131177748 404985566 862277268
734184585 105757209 449327864 527119931
719748955 830724503 949726558 111319691
143249234 369226165 472632165 603455558
786765224 861967288 154907146 823594980
661246952 186656091 720758041 439149171
184311800 162766650 623534580 818170435
138622493 404249312 206208540 824181971
436332314 698906106 649749404 407471181
497086136 763991027 433044209 699120123
174658143 250006674 243456518 760986645
636720894 321386616 276482122 281551574
374211052 946851891 881792890 343774803
368405978 816669651 275501229 405845613
96012017 168785952 312353663 973708368
275027013 840593213 782310241 463587976
513412382 576007548 861150065 976171844
429004070 834648997 691660844 898318639
479604853 777418252 269654549 900102776
361794603 217637078 579090983 231578689
217340797 916293988 579246079 741986247
705658597 245238325 642688532 149753583
567458688 5450337 942359729 761353548
680345839 586428628 503131831 189966272
615538614 682302720 475783999 942032473
493020008 334889686 590424044 676764717
562331796 481557248 645074391 834686587
565668669 660704170 659349463 338016576
130513079 681275696 674704305 369383673
371428980 416054624 725798623 370883571
698810784 238283979 261863881 67478871
232292074 561736293 296284040 217124487
981052579 813897750 460163091 544419670
395116338 506020053 785803131 547780815
482349640 967738358 21867520 985216590
990045187 529815498 238558651 524099049
420962296 283645840 596489506 448515882
188159751 489826333 873540283 541912360
391006831 644906705 870185468 459656549
873658047 539504421 460945337 813501476
540566399 786489653 686197724 697927891
43288806 841431176 751516150 169977532
423491534 994488732 314269954 337542564
641379772 281624261 519001156 491517898
148848894 878426034 540418333 269489721
237364748 474359489 524953328 600812182
316306514 830076253 828067853 330308672
886817406 347442926 878693967 954441322
619680050 41371501 896255681 796400475
151925861 664795136 754285998 438950448
650949142 342212704 871098513 995263891
154507981 78532977 440618870 921567775
526308228 947210846 541660829 797727007
585100867 614898474 748905856 145969797
985203364 60167093 35635976 205122738
9373446 360185586 349965009 978134625
701372614 865577139 106773402 524058731
561221072 471809825 863930610 161375236
844026947 241211123 650253457 661008359
40338661 357536049 330605565 756121471
743484714 611879212 504765851 181982749
534000280 858055884 368605056 292465354
481169910 941383682 855222931 249264762
823137552 986685880 946541302 9698703
187162185 40444449 500939678 266658425
820409423 39485675 426330875 251912672
284685950 858271012 682204088 177640467
111188192 950562879 619427213 933740954
760188171 145165282 423442141 126729725
949725606 475714904 33666903 760371556
443277745 811533341 821930881 882822520
798646447 300418898 499089080 712288142
694584605 366906425 178268046 704037115
118686789 371467859 37941631 326170650
428728123 743090925 997426420 385834749
677803551 115577273 128692615 835464530
991909294 711741481 598945982 720383963
10269811 870254106 11112977 892299478
689179095 714741304 475107100 989414931
771091417 768406574 982270998 873205058
995882509 720068990 838651817 465373150
912984629 251721503 152289815 111270790
172489676 442696266 445813202 721213472
256064822 68309401 13525459 461484829
931790272 631267146 293387647 540368333
655798196 739259626 816536388 514232611
722262408 71529105 467388710 241050879
335358996 991966358 262116240 320058089
348839693 252851394 980461239 586879268
899847528 339828095 804137526 43618677
751702298 219812830 905265351 703926182
626326874 69549573 812279029 501470702
544309306 384030860 338816613 641608266
478480187 571216898 386641375 456931976
391288044 241972370 464278467 725584677
520402570 837518479 357693394 218056890
668043150 767044786 779501769 13703524
132668716 522047675 603830270 951819717
335351959 512980645 660779052 943033930
753021068 220533716 982510743 48271296
949114693 132030416 123614811 734056063
753813060 895362401 793741991 695185612
414026747 380847155 602507974 272443484
201512767 298660359 703976094 107554161
903952218 138208505 61226372 934263307
908053262 916882325 104399598 908033777
531189942 56658717 918101679 346239756
484332340 15270593 968042026 186282634
719841278 613073342 2178743 288074747
409276214 621193048 385409034 588192654
368029138 737457088 52179397 91872124
971754307 510276305 845335861 961527161
597017410 1591065 420634002 30257386
282669425 272815517 483075991 730574983
230712563 46111915 705321843 954104943
133281868 787089079 568364300 101328669
700934831 835315051 92374163 879427544
362476014 658243888 476240969 9824668
753734151 124681073 758095585 528165776
743033663 540647383 849183934 904680337
404865342 757801447 50285761 263742932
997689311 918210080 637253072 113272003
959134087 234424484 868477208 733086306
548214592 286985615 332601801 828539272
664578199 373962946 944150348 40324861
813708505 978746726 62101430 614805206
602269185 565667335 370148444 897449119
398730597 533627488 64553135 572625262
147128991 361958656 798898551 801541713
901734970 438463624 522586915 623777591
369927428 881809859 550366853 331140952
590351790 727696457 144693116 655709380
597973350 120855912 925872164 953615271
548113710 55605751 48830460 255850811
454248896 10465451 662033096 337520908
287154864 790658016 232078148 655508671
581883223 837361541 357346166 293649175
849409033 240376828 314942184 278159303
643463513 299864108 503273898 321413063
961204709 729990329 980733201 514202734
383984588 728768328 67066187 415768337
940956126 480687539 359264429 541336472
555066147 652872262 85334968 34661231
367525045 541684773 257380171 939612957
588278984 356921560 798201494 107968148
511135485 250342465 272548891 288445332
915206206 470485877 33972148 419861341
932554052 325638228 776432005 972558828
16939586 257424725 74129915 299384209
454848697 481803592 818059293 694385222
799797657 771619565 850414085 522247417
656367163 883601112 670030465 95131096
309684496 289642427 173595588 349545112
781307360 841414361 221788470 437742429
826091815 270766009 160769839 800299432
267200033 931367809 606925847 747944515
53327888 641578582 687782956 963225408
209661567 741762809 727157534 894439463
914979743 179216918 544249836 435236858
888294439 514910743 45147701 570108011
585905384 384721793 763673343 951512522
736733742 102812901 608744375 59617500
296773565 72017741 108817674 512116374
903274858 938841053 155205651 192228327
221413867 194305664 901054866 107182490
958825550 304420954 248538104 274308528
192690023 144382664 25544364 150362492
17032278 861889489 528434386 937268885
30011180 345924242 887423047 116433889
305138229 396725829 536525013 38197257
784151522 271764595 930239673 429905309
42078208 68829897 970351647 813548671
658230744 69021055 529290691 424454760
693115926 956042205 453779324 995434053
170229958 436753727 389116085 980837388
815830106 101062901 825599129 505969565
364613532 142635450 411537384 165585306
731202024 1166264 6369157 198688986
217392935 437830594 773503695 983617059
863550940 541250519 100178252 267853598
878563570 815879163 196160362 478264612
578616440 610890437 722939098 790510628
106479502 493842170 609868930 977310565
141707902 578367009 722643472 856446559
35251934 931741199 554976023 882933922
250135144 749904477 510528898 440260268
253191285 139093385 821190439 835042320
954253283 880139687 715016968 627199408
720079301 648065599 61826644 236141882
504546498 33594966 183438575 668790834
717060250 28528403 395936415 825529605
199304760 544376248 220397394 660273679
801809564 518347158 315678211 735468318
797243364 608415325 191436984 139533556
94428382 473567360 476714099 888612512
865015113 901775124 12570817 369587664
729670581 869715491 170241027 487923395
224085514 720517398 439695462 344724208
192849193 347657531 345252929 404031325
263311233 564683149 392378801 899579924
122847771 551610475 673318236 414640364
617466221 783093420 532627445 922404762
677969180 336718280 935768737 944648107
405957365 307251192 426600857 104108046
216192090 209669590 218965675 625633165
407179361 628995916 292973163 562800856
614571356 343998236 757014078 256235066
464192069 159310818 342933440 534134101
844265903 974841288 375680109 142849306
415151044 158005006 533566879 499085060
139704090 782125738 718445704 847731894
581589663 870657556 389913173 556011155
915549102 304004301 972532694 17273203
641957996 899343922 298802232 909934661
127478954 890026352 78938732 261747734
76880955 547109942 913125605 308918783
242110189 245286599 869439428 973497878
665491164 367136504 742374600 509905910
390093053 467974205 82290090 251259019
131703968 997904435 288679482 309179375
523468646 776745964 311024773 992696930
102937454 458872155 514662486 604835637
602945292 352656274 172008612 705739344
424250071 269960002 44618467 777178731
668382091 988232100 927434233 50767757
521256141 103098521 733282347 862017327
376470460 623328885 558757956 473348703
494544055 316887068 506599019 415935479
867409103 312210065 868720442 472368303
597504952 351786870 89787523 377253017
832817287 273968553 126430216 913736046
433657617 590433975 535035277 648723584
705403040 298303508 401080853 490237839
288607396 255078877 825842555 537941957
157395507 639168168 55356306 629744647
4569729 816470365 18182571 736117633
907495616 141060960 931216469 601606869
687493246 185892818 563311950 773265882
909370722 604092433 677586386 672184422
293814039 160210397 705280588 303839090
369157315 960413174 110148920 173065208
245691483 619994499 12112251 695180004
843382843 267505746 752511527 457196290
631055075 61594010 243025950 28290907
550218319 501739956 944838996 690899873
501335193 338936403 222060515 237170987
497290781 212918510 924536078 444243457
20856733 882375730 724115259 440600000
287178487 536035411 286631861 31320637
318823604 995232505 612300762 575716448
833000353 135805367 729677277 292681136
564026331 158794117 772278037 18810072
127391358 23261033 130663865 861649897
973489046 433772357 52169149 237076387
414819348 959348555 946079870 895667066
499102600 457276797 967747792 511595797
100244679 424574987 670620880 117581578
199439869 176188186 704805433 492942249
679086760 728455651 897011561 90559383
662624665 963899473 287528534 422667669
358708832 960893198 782881958 232404190
126319524 667297838 939518786 911351477
105882516 74784253 430096865 129452536
166965546 537364453 449222818 813827108
415001736 36370538 261913982 659865862
790081449 354191041 130200729 422778814
980222027 927763069 509741869 518204801
451722374 737113252 952371277 807376030
327326065 679696017 992415512 444666174
223112956 933504232 78568182 582005811
64912168 815578837 626468759 963863310
351154242 238021857 62742316 587463067
224618977 2030234 452979347 781546418
583574680 969110346 902108877 226971385
302911689 72204373 301450452 819289386
508979919 701797959 672630574 274816344
772081352 115901374 636449283 478326873
415330214 11335545 676328203 77855468
161017825 673662316 930502077 33693514
431241294 946502498 618482006 627570019
998887438 438582143 122726830 712788326
895153740 555794579 651560041 713737310
358472700 612769101 289873704 215871220
983601479 204115450 166360542 236767399
194767890 739689153 548596387 678820901
709563575 712956775 730226132 748206464
816742551 336178117 766204011 780974727
257594968 790995276 888052596 889265029
42717022 736986164 349112225 462395905
793863789 705780695 659217166 637934190
750738615 432067136 942380367 517197252
672400885 420329200 881146510 550555147
278060654 850802518 374303764 765998343
826780533 613622822 859947108 631767406
72957237 913775279 581918280 208640596
831886097 617163294 965355757 851941374
342528673 138751790 121377659 70437277
256371222 965348422 130116159 837388029
213842435 983373813 141667715 834191443
717646552 791098951 283522010 987872368
275643295 107310469 715953798 492646669
908035492 127096027 782265248 590680588
104650110 280025640 497912353 371676341
812718493 231319285 670042082 136877653
274978201 858548140 38057116 523143228
138095065 150625327 21144498 894632512
360037168 305526114 766262820 103365055
838588102 420802384 662171119 265343110
442959492 4064084 514695789 923864764
109808123 564259409 235510057 952487013
886601952 181601844 987475721 552045461
676087265 422158893 128649561 478928761
566719001 716741535 311314207 136096164
390625494 471397336 987060112 821881451
187561341 797129644 155057050 637322041
689306160 725319026 870462325 512739617
348873971 8454456 218036651 878732803
653956900 974274785 970583083 624554034
933530849 920576698 129620225 477535470
144328543 134606826 927767788 36148076
775180789 405883232 502346005 675757736
106440797 931760220 551193882 250361711
560779237 458439702 516071361 343231091
994915969 69732724 608157702 321309759
567205735 698597995 597274215 843376878
453584521 865339883 664151273 340754252
287825294 633102072 58668176 288864517
975546864 174615992 566212687 230430998
969669073 650762827 188084928 909471911
319957142 689578603 179228732 255397595
858173471 273026003 250552437 903149804
618477020 319338880 166970217 848431306
256627919 365126465 141018989 460579648
929217910 123342007 605658394 297614432
471558243 277912351 624390166 127569863
436516883 584804184 660899866 773408535
951599090 474814236 653273425 150476413
215005531 983604254 119691835 862683110
473338793 516788765 526666146 922468191
434446347 696403769 97108919 681201224
297897346 80422675 504863135 977141162
214759633 496224004 673368142 725669644
210903981 344001065 968657117 736147640
532990377 456461501 674152324 624370590
106376482 107956134 560216350 668195609
669007793 93228197 286669280 926659602
4331121 505266448 46085964 216870256
626287238 433723327 537499966 754837089
621032743 494343109 907876526 975069875
601828111 957664122 601240971 308500927
483052872 672995690 751101216 52866507
77153470 142225851 170831695 363705324
834119022 539508797 636031681 766532401
307189424 759712765 196162383 39306383
474354512 815072136 689748678 156361474
500198828 7366278 536606640 781331880
668816283 175021194 358642654 777738439
413019485 682143754 828018122 859738527
947158954 969671268 741182290 17844289
978211350 487217343 825146946 384628865
199957600 175695773 70634365 209186331
597707673 251748555 360320562 294919514
722606967 727932721 995539342 509795145
620931383 24917362 923846231 728451897
922471291 910137643 655183469 680347786
733315877 709848355 142753689 458107682
402092056 826134461 315110829 383382436
791572035 317854299 895455421 586593983
988649399 876581574 26301255 411296479
61973305 780221257 549598168 405423660
101116005 119053925 192422945 653299521
302967339 936605490 328463736 900745935
726792164 28241229 695694688 172580977
883869501 30700001 96686610 947406569
601955956 311521264 858223404 401574170
527048696 875806409 895802620 21435045
142526911 412581290 946073002 184143345
704052194 839890077 93942163 510024712
524134570 141109384 571849816 444120889
66411543 968375335 210356389 921095444
970626483 721056323 299087793 2179383
677698443 870032748 739997464 90825323
311510811 399710963 212586099 423305877
810871909 515486042 925257610 265712741
526841446 324390307 196116575 836716187
577481440 48995760 635796684 664191163
473861761 130818224 17905750 732399259
450364571 283726169 59745913 487181269
386552043 564394458 852435440 607321785
19327191 145033447 584938580 976229215
624773162 851131683 462077342 597925907
454748482 821603594 225970626 889675381
40327041 651659504 463641480 104224375
971017183 245339274 973575489 119095735
822050192 171729246 926917099 226622684
302136077 800435179 835088572 585915130
983281409 770154409 924673474 437844916
736356400 423881652 9273148 686504895
931686774 188427962 883226422 725307805
828921017 662151268 582216962 296141619
394107590 285852902 684513838 445580912
17871482 334246847 520971888 874701516
615106488 755205045 22396136 118045653
151566963 224234402 761304716 818096291
830714905 282121739 715326867 510532671
17292903 587344772 333803642 349894800
162689707 60433690 364789772 305499715
994303030 662200053 12659900 402171093
785882698 351573296 339179519 787326972
766296000 833303843 500820117 444856669
90377351 36552211 298483190 405811103
315378633 394827860 831115938 44754510
547791480 550767494 321203265 841284771
163246083 524171669 1014286 87833900
927409155 94087932 952407167 670922356
2578828 723757400 166461129 966557465
364322076 309237220 795920292 426173438
274602480 646022728 932423960 366120090
2918460 366407277 469462087 75025573
468756929 138131559 291354013 335771170
556880043 444827666 988489815 854200076
776365217 311538609 190605938 811934736
413212784 516738010 67766393 510505103
304135880 374245216 391213511 276195718
548845140 628591115 631501279 768926972
354158691 688128984 602265764 418051838
577953910 580477879 228040408 792593889
271792142 912488080 770127463 235352221
791475937 668674530 953072942 186975528
988047394 746044494 952101519 509280245
67754035 751625266 272209859 382569615
