1000 1000000000
579876589 960202333 343767229 836103281
305755036 621403978 528140551 459799823
346514083 81802309 108775380 807044827
709406747 810256371 373389857 468817237
569418636 175714421 172292051 233243294
595362505 754891729 690896802 947997117
138411629 525791919 472483108 447412843
576746365 271249870 789422822 614837849
432373894 757945698 211033204 902077386
678497354 553335041 233366253 159069811
521395969 759648468 844557377 360552707
621070217 457124641 443874172 17502447
438904643 2830576 810020548 161575418
824543301 475775493 854717533 244834369
118489196 5982557 122044289 708982022
611032164 701820513 55671914 226555150
138192557 458751728 351427457 501923130
749184031 176488795 831162218 747573643
94404465 795269431 475373116 634136943
738156312 781986043 682094292 940063077
475623225 978567958 886133543 862673877
333241423 804170970 248740613 279522216
473684856 828895968 512150334 184789494
303068208 210464043 236046992 271314760
937604109 430342542 992328218 957011488
356455477 782139821 273160886 916507625
209393113 376085836 247619030 840113993
200354091 585724729 10242590 633015108
350501142 699447011 333709775 704480022
750554651 494910750 695002873 115290895
835780814 281473800 205778564 129822908
167804818 945536069 607803753 955258311
12064517 333402438 241421994 149657778
889906883 789773312 314670215 303468391
641181178 802079277 117344666 852955784
738059886 813545825 964520026 800187484
378853698 304322818 11358146 618154149
640655230 944677757 278646909 928021085
216413843 175797983 591495526 295241728
96080400 493867006 623418503 615327420
263752126 987464183 134053115 266524695
314955301 524186218 621463732 709141653
51374814 782783370 437978953 956368731
711781871 804725284 427464035 687218987
555666225 771700338 253446589 943749855
537328988 732185501 152702828 514921784
387017879 585097793 755608363 628066189
857397741 847289499 781156532 360639468
137032983 199777106 77426440 721719972
754810901 68315538 938616438 261853995
43202967 740120399 371616259 995270624
424702139 786175247 956586725 240922542
608165380 864136961 839992491 5505891
543665464 571610316 300820137 624461730
599960521 61090334 402072793 370027985
530510311 479334748 730094963 268521781
15941382 958704061 602674532 602949912
281642231 197643883 192961659 426338389
672132153 428826955 639325680 532013872
451661041 929711148 334739192 741371372
207613958 493438522 231842421 673296398
943155719 430918592 451648264 189391748
549194148 289486369 238479916 897542742
775104974 132495883 292421837 323079804
152997188 677567231 538351475 107302928
133230509 620569025 483457626 965425640
942345934 586209144 918799189 990490802
175481412 952218485 398725684 622790838
853266351 204845648 345625523 417627967
227721552 811789965 280435610 454970070
177447855 455397486 517691921 152678804
627417840 692129817 194574891 981488880
645095072 247907312 682011967 229339402
200628332 794458966 371485131 317364584
273196343 377410496 775050634 424766762
834809457 891551258 893626471 995472937
719511234 572420063 390709602 848137983
950540600 615614709 777581788 332249076
828486152 854143773 111747187 736778156
144125582 883563108 994109934 754387790
711827880 199043413 103109558 326046106
439648585 841574561 110267839 557283373
993474590 747445474 983310749 740807864
243405562 957645163 314616251 598220329
521652657 948547817 274096012 756829351
994451589 848292677 646247514 863712770
547169530 494883733 461603141 882154636
507631577 143255860 892264693 441598407
416081761 681193042 350364620 14784125
975659029 744909460 780668518 85391072
759907025 347479131 55218233 532609679
569144696 679605302 351829963 848641191
983039970 394670677 328289010 214426243
731877379 215763668 168750056 744429333
844115487 219576248 642718281 574283364
122481956 431741815 377968703 486023610
38098655 525856514 240014087 430500484
7945805 517261010 646482227 309278727
483889603 38930838 516651953 193082047
66047482 799978815 944110646 678192007
960633409 792266832 569945643 727107840
349007450 28472822 485950857 121807396
116468952 586262930 335615274 426148691
432561445 588860734 303604697 55478509
963678925 662471249 183460112 132097732
694912386 235371682 454512330 873316605
559591574 372995714 610892694 44399199
452358129 2467903 955874234 227252607
167320813 635717172 102913234 880155883
530182413 588005569 712885077 183374400
591345457 701556360 595315533 682946752
494752994 105018471 73994731 581820846
695776951 809807519 551352653 215993520
751477243 119091460 795689022 208978670
87557307 723084865 877220432 133919998
235805361 24060386 300104236 64638256
899670077 596663389 934064746 489752626
514848610 285392730 161158599 738298762
92851727 120153479 429750013 404080312
416153280 455344008 742044647 733404834
812156136 920055778 419295027 278908041
696954299 65708833 665163174 967466082
643623244 650741996 843783645 812501059
246545535 229548992 233213717 276567096
296568652 280114685 341265569 49943631
966401460 23510129 873382562 961917372
441986186 399522220 912222497 201230761
994786203 291562470 172808346 424785770
633592011 484562669 405553180 69569108
957276968 699615078 341004107 228689283
149511988 237169174 776620402 780019359
44024060 334876247 469356209 417174605
199759294 523820303 346571120 453144562
688932563 662962692 858717340 699583035
429203702 381281818 114035853 187777992
116155276 71684022 908057645 835359999
125270861 254231002 408101953 603301661
304171899 630179413 226233441 981267215
871321766 132503414 318154899 819803174
614185096 351853969 178087864 761511375
521399531 822382896 677125193 551875858
415642992 871416434 865676461 20861213
292198834 503357102 79665611 188339145
191542265 621080685 232430533 950053376
322956345 3834891 326432804 243304365
55863384 645321862 942214288 840471397
251600648 1429930 134429451 676639930
917103132 68648273 750843477 839000684
52969029 507431830 984232427 717508359
706864348 786264209 833101682 599752829
364015569 38030011 729645575 635641116
128677731 647108675 384766849 13853822
733467043 461396510 949161285 156801555
607514479 105439340 270523223 385572751
455676431 134077982 377049709 1114658
992932641 184602253 653529582 760386000
982081102 201065218 717072339 663651899
469153038 192754773 663316232 664135032
591760615 831178932 684323573 631076685
161333438 205757923 357221699 373242808
147204069 943710944 12966185 459642104
414931880 683275496 472403004 754254666
945591629 250428481 881447366 811518607
69305 55652409 800671964 221386714
295499653 105924699 266335030 662715485
699459362 789801040 599593446 101874772
91765949 591209439 485238146 487880814
577770297 859345066 325563566 838402189
316528678 741493563 60423900 95897438
543823338 790285416 577095835 86931262
406838967 364821174 45687988 742557538
995481923 711644713 355196850 532802334
268213339 149129277 296909578 790285978
337713813 281414763 64834569 769197195
619489085 155547507 556138160 275479598
808520533 433448618 162504812 778466745
232633093 235773875 626278767 603364921
176868139 778625708 340828532 615152904
100600415 573383280 196680705 324715622
936230058 924043339 753974470 796673326
794709119 116921440 678669690 279797927
912440956 450516837 153777947 2305595
449069804 506226317 823272116 438482276
241563926 736995171 494691714 293231168
560692480 624520444 17557672 741185569
281662705 679509383 470023153 82609192
620923079 967269522 105920027 490317708
150937816 412429135 508745374 796921006
519849669 4427698 487367002 870286312
548255221 41382748 144991725 192229906
220880084 612247312 592184093 595385106
263052023 793347681 534976887 866150496
440416478 372880789 882668544 847633707
594777088 210164932 903058429 569500463
388085268 562840681 728750492 926891254
668332852 813883230 963684003 602910760
286328808 654821020 255662586 703828373
382157041 587780213 277339224 9451034
895357081 810930879 276392908 191859157
31049688 932122415 181952000 768365534
386370054 521087739 47292896 563941685
13891729 991868906 576456109 730558281
409340884 738009687 696041573 287578774
949708780 555411325 669296114 881994096
426088442 279599757 651722043 177865512
470258435 919609591 840731744 834707124
113538797 652522752 449496388 410097795
421654859 461047822 970403649 891598536
617118087 804353214 582780157 45020885
513016989 328166157 845693742 842612653
386317088 48364156 932391101 481875898
97844789 450563800 694557018 251123728
965344442 455945692 765755687 367501687
913377066 479356698 278532713 888767650
129098461 240902701 979825277 208915411
287545988 193887105 839448422 422539138
841054087 291789778 792719883 950116955
937138868 476538868 321534682 572829943
970414250 813465982 599125314 989730488
646129639 365332739 971753532 312927440
574908024 214159700 947508197 665030693
60397228 730327650 796487081 926380732
848547595 278708260 173694872 423847364
245270254 581520399 542582263 952429778
818203274 814580977 996109867 374596326
668466874 987274023 142452994 796918732
228885952 828739717 88555814 964819930
221227755 916883692 97705530 460930764
861069497 578719771 913607726 292333485
225691110 489963875 74163210 13045660
180483948 111164643 198923135 291339829
509165380 384914012 107466672 613645513
419827032 12551878 599717293 708292406
416240162 410159655 155759598 68420436
743743995 226920173 344371232 848868843
422910775 745372286 895521315 960996253
50489147 17514205 147124478 990741682
372707497 551457449 864933058 997703613
104225245 278685609 347351726 806524832
289246041 456515409 593436440 290478376
764236112 87351972 456098618 686996320
103504429 347804762 727260788 126288794
291681344 897981797 734260121 751440951
984462269 33833670 243713979 456883967
872425774 71856706 282083994 745505910
268976188 54645405 834799477 848843574
904581661 829597332 510852764 253399629
730825990 192799247 799391541 712387314
530759630 207316353 755267821 481785643
580128535 105853410 136695649 929067833
804376985 196285786 673491017 659824943
310874588 377143260 198409445 351126625
671092207 293286977 860067650 386263387
895888911 473941521 985025793 670210427
555216383 112908896 166423774 543557069
651974603 105652701 318374815 223594699
466876256 988682963 950880826 816920363
571372813 965902863 78745907 638673062
251458436 169107571 703823960 62296299
478481109 248354308 828877733 83485155
30224743 175557559 820917654 398301159
664826740 62511202 458614719 996135997
771360052 465297463 830167900 784930502
410612871 407120032 436410689 391964368
905130915 617704753 893907157 446499558
129614093 856562167 50601398 865411262
176557726 586452246 372147469 784656628
131154207 157359075 24781058 892307109
949643598 71158432 995174963 175474540
29321384 371316208 813489183 998362107
428502334 797737448 869043749 819555686
919304639 379958350 994167980 741431742
237692803 601484977 905369401 505209170
862514703 979043055 202146579 65900168
193664573 790096503 486549027 163318422
540950214 947410635 357966279 752098760
68941640 381185927 173434337 404937417
86202464 573091820 628038653 418101117
654104028 10311445 276578286 500617059
248586090 610373091 797319557 599773458
822670180 904093471 416225063 709999035
921760158 882207770 569301695 232118933
34529914 538808309 572037371 652056642
682353177 82508601 144847065 935960425
803586567 642796071 332331959 26013733
159167747 446406055 908217779 89638986
717159881 139177960 593769039 604227556
107103283 729610854 313062783 664071357
96667751 686217647 349069113 141586690
725826016 500052821 121630975 339098772
732565440 725267147 131221335 200457924
552790518 478374083 446343988 312183852
352823152 347577211 32467349 413534263
649379978 558402719 232617839 176584035
249473080 84641545 536281128 502194690
819024649 237415057 611859382 103627879
866976075 982786546 342151191 908878241
91983127 496318910 607841901 653354457
130558425 207941290 541754047 261584434
769134139 101280107 708145368 788941129
96394794 97894983 865905569 376038771
183504526 164617248 506458350 965428844
206036189 812226306 98679894 505790823
801098932 279313006 162503128 526162049
781811471 329712687 944313069 36537144
70434888 506261889 163150703 249354699
478278347 21766746 573354439 704912817
420820173 537582466 374454911 394753989
516497114 181520634 219407883 117456297
162537475 944396540 446169211 611204566
816178280 25008082 386673074 336592362
940367130 889434054 356325052 81894597
280647599 117386234 125412791 68074505
682813223 89439978 721671750 487882062
699025678 960782515 690602530 460181108
910889829 274543592 697088700 794502286
898765896 634931104 129811744 668313668
703619094 575193653 977146912 599845542
837588842 472333529 479559520 327783456
88006657 978886302 983506220 638157541
972796554 499899609 464697369 626448765
617188966 581449598 989956042 522891032
131134118 755319087 903611889 426816988
248556759 53287054 739447025 448438127
492557667 18242196 42890194 258201495
967922645 262118370 375547069 932629849
603599443 614867760 329910455 4314885
796544821 448035265 443049899 357440680
243243524 700298325 111029416 134894801
516902229 352755349 111636865 370579089
585524647 894173589 613562582 877699224
528196499 339705942 545335985 352625910
113617074 169315503 200352893 955935214
433872007 480459849 74257244 838418012
812203302 519815831 235791387 53000234
455746488 598290895 345040552 355332979
129061123 996512966 438587709 782881207
721667617 225295634 809942824 790105368
709273372 199770636 598527508 288356589
326401242 741180445 203332531 85143349
799540412 274238494 176054388 705539430
874666179 81890179 304813857 146240877
910113160 831322628 128615097 964719156
726793835 888897124 497066584 283316129
705999785 748783667 613631481 450761618
648589640 495372403 783417977 636523358
479541549 124386779 915736108 845670201
42571932 659059443 462800665 514992650
811623955 179193796 485929263 45174516
917263707 270427887 461574896 36182657
247681926 212509352 62033330 428123175
862970210 607023189 497699757 372024931
456763995 723794632 108534188 42670106
101951875 229396850 457270785 431446568
704074814 730797179 485955995 143524558
689051513 486914976 828356579 723592818
612579522 235112325 287620213 646522921
636144590 570023579 518992489 975092025
587019343 499213876 681261417 94430599
464682565 749251666 647955008 945666025
147756676 524536431 322215329 449323932
809578851 759129668 373272692 429128882
507480934 319034167 14522002 839613751
125207869 370813899 863922222 423432904
868615241 856727482 511149386 689686839
363734076 786797382 753765733 215481106
361046694 964021031 154684533 488023309
234179864 855067703 900129881 470974549
231743624 240453260 327767209 601806185
254939482 384675417 57335168 836137747
560255310 901165763 722497611 281613977
430915893 218054344 702588369 321297186
312993890 643813657 731388728 25583265
118615075 4712182 55569365 553335282
151374361 228475874 502966639 853495343
570591891 928006026 337695338 412279025
413463565 89441299 92847052 813168358
875809831 779468162 391904627 152629367
421215890 674881073 968125242 175705516
505636086 549167109 48957813 813745094
154111044 243459255 893957409 529377755
852427217 28337974 274713203 242053377
286625915 942613177 660322714 505946713
840339314 406354284 926435476 258134442
774622454 987013091 390970759 674872986
530139544 263478844 721677493 149090027
168377029 961830124 547540283 959533871
46904308 871786178 251991497 829192690
453081434 340594038 888525503 452764728
483043891 769488808 334363331 172207434
966569934 642975363 305170078 194054308
53905239 778802255 982399218 871700480
264650581 45358936 151395895 261979824
513144622 473452589 708534696 45230215
660732694 649749267 254287621 10542819
898650614 667317044 305671744 814981715
793116689 77577919 861748589 412730293
843170836 695722827 38480083 392421640
874387461 206770704 384906024 209490318
321979006 863319309 601229927 926941203
724031565 674591649 101639520 955571619
998374513 513519259 137363897 910962483
610676671 104297568 48315767 851227145
882307459 655194216 451223320 530591291
717720751 259178955 359827268 41423101
766301796 474074457 133504865 600589149
908581917 709809848 512316293 413991820
95473035 309365428 869090839 168481589
997107423 530724126 939928600 253147527
341611581 642458670 698167519 102744435
987163597 988982044 784285324 725404558
469913870 35110649 128659636 930928659
530980802 686784596 129453921 230535460
866802927 713751834 361049887 177420646
430941085 45676657 556764671 35667612
448819887 785870403 465519473 920898603
785010538 772293518 847695894 347775340
91105212 39767050 625343839 791679000
921604442 478773171 965184619 654024238
948091772 392939764 287128284 257168541
259438422 321609309 277790596 529772539
12799646 791321251 249004612 219509964
999728148 893309406 559168999 796928551
414106321 375524445 218053316 367491698
215564554 454527478 589968045 199645571
435955184 308183098 197812880 949626231
212364967 199813995 326540064 524043159
359885928 35886009 42859174 664826681
592306537 407043700 511112511 159849663
680961377 981788912 114731376 162571302
728670578 70984811 809666337 408232458
321830205 841901167 985812865 137130873
289679232 561915558 392035199 788386545
243933163 848263770 41247966 15663970
121869508 525944128 834786172 67145602
419264151 68154806 757606503 684136526
143663578 697839110 580459479 300079887
526125630 926827443 52038153 292461179
869373055 45261644 345613332 864988673
79283511 972081305 109469832 174673331
565749169 964466350 807171692 493763257
535835737 15620235 947482627 439568045
524281774 346838633 355875316 344930464
495833768 889300943 788628224 950312993
874218295 609724903 498747782 591338461
527460334 767762699 127427887 919310806
468744561 62331125 807829968 10269418
166485498 606973293 711923437 247294588
1097103 192971134 848478989 421568593
163332183 648214933 542483413 465139615
857099366 416638235 912975322 468424791
326378736 918713187 369230507 450260634
299546200 272757726 83492341 984204907
717493213 406046410 30419279 915887657
822733179 290035305 784703171 331999171
471804807 623013746 199301911 355604953
112555201 168074784 104642799 400262388
635802601 555847777 607807120 596161494
170291891 221277252 124081087 613155911
55427240 883880000 719101019 14819085
28744 972411051 528181878 475200607
549754110 269374103 799239541 37683195
943300217 641109448 686202090 323174658
424186000 663379882 566347339 347451179
697760960 268530173 686230387 88983575
496759360 351216876 894924489 293570344
469454931 663064874 628598569 954931300
590535845 298199017 226250562 204415910
933384118 714221952 847048849 166774547
558409435 320174182 384861125 159501631
147675095 401000115 629568478 206072596
841394821 711635715 170040800 437188550
721475251 467380205 613953533 29905485
552333963 290227725 636284430 872582596
907859769 18158466 61260009 444497302
881913859 856457619 602863251 330090891
26375985 206860707 862699005 547155939
250798000 58914405 536300366 955024617
684350116 688838741 952133876 639873354
589836618 715973464 164721298 900280547
477433693 691354169 87484252 948916965
516902911 117842023 617802407 513919523
752098442 198036116 654682277 11538266
810149972 984763950 698444836 392565888
402344382 832111362 822879304 101167657
456860537 467655050 337664915 97796020
583268203 84478398 287158867 626884521
703651050 812328538 21922663 781908222
170541502 113977939 869493340 295266553
492047355 823705160 813278080 292705168
404933479 717267031 218915248 114720350
594725366 180015852 802759216 892743537
592880029 184386490 282942476 535461904
310676687 414305366 929841925 52284865
836922302 648083906 636691660 422602194
546392375 857417157 693645777 704993944
40752383 384720480 222181627 217860116
260257601 574919538 969147811 405545222
666807227 418056410 933691605 698462845
570231196 589274344 253789947 47257437
307313150 218600739 662148816 688571951
373025239 645818728 196809564 408803976
535982070 436667785 913296511 657941142
401995980 626965658 270882481 176509060
493732737 981536177 363238582 370494198
572011794 598742085 455932667 733822305
501466379 291462055 67343955 866733435
985695098 578845445 346188196 990423311
191049069 328467652 746397279 544702066
812979202 47490078 315431992 757947327
827964924 252105354 356468765 963230404
609774203 163568694 921515804 434425131
262314575 943400448 83727054 665024995
447314465 775199752 494189050 746052977
445537084 298659532 790187445 385937140
520280422 354875134 974491002 830032001
690211790 115888714 169090040 140911738
530597491 715154354 761520339 248313172
668098765 617239276 632828691 581169087
229565257 960633986 207859170 262964052
889091439 393007467 747097686 95125997
488133415 999293081 772496169 604595497
446673392 249705419 555950812 120221828
349711600 110357311 981541836 655794112
900499745 242170496 458406201 77494182
395742516 614619148 477221246 391648146
461755381 806251178 451169921 140090880
802725537 854325707 313553635 343422910
644714321 535926241 791415175 679285311
451241259 516931426 279526348 321547934
351257084 478974508 558544243 140966337
864211879 666090867 389366298 988340378
404620949 556532958 259407213 578171696
743495711 846524367 631281297 279849761
410691049 131167912 42866636 978049893
919292394 817878879 351461881 321655808
61687019 150294030 628883993 82591367
131023019 262261926 728098510 674228329
445344463 941282693 660204517 424114066
105491055 856364512 332778819 243646776
248250433 595878646 222498881 925192518
463187801 50762883 70720591 719565125
224268070 191256392 264425720 38966233
260652172 154724571 579685841 178037651
884116336 65574516 691241885 845540325
330367558 127668898 316414130 853921623
589045819 299561200 125562982 941256156
112596051 851459180 777555257 252240894
143210365 778951146 139563967 880350194
51202778 812420806 83827935 235856099
844192240 983588238 120006457 918845852
476159548 443626159 639275137 683936079
125617808 55696045 725514952 684148778
312524120 832344824 324844831 948497567
128751859 570104743 293077406 191608714
485296031 496835909 999803578 692284327
236274541 713849252 629878343 90944409
812635011 513587700 473088190 340644601
415443041 705107125 660020438 857502792
555047748 828303300 700667176 267100661
298256586 398719373 264258233 814997753
931163917 855920387 484242073 122872670
502312060 465033434 344445571 416629204
374009391 330204415 94803069 155319379
944592206 158308791 231321843 715159580
242897209 79980312 629932544 299470853
506199465 459866785 629549888 529622546
198210514 512795619 106506196 307119711
820388840 341763096 712651736 759072613
281192147 203203694 230539266 243279303
142987043 94513296 54966783 896453544
577954304 355373033 50545897 694605625
494036255 924465747 667137472 275322291
465306246 899432318 970636082 986847851
215994359 488314034 50758214 945967214
574328730 690195368 729332384 532958865
380154832 426402228 696616666 424083583
335980735 931151815 269268767 875455255
404371679 416539931 266481754 13088294
714796948 686728837 300690119 2169337
98983627 490186252 771604734 30033928
708328796 217100842 96044456 997358213
473615010 81887026 99513031 292738502
900144418 436675549 597041930 161233338
323903590 361185247 429106146 802749400
592806298 191016653 48776709 542551012
133465751 737197295 759508911 859334424
529234085 354859537 403181303 255499484
710449024 826508307 968283512 665271582
141882484 855660871 353036123 761147216
651838608 621248561 878490756 341365082
170682443 854050480 153848919 64011054
510400726 847531165 235576851 599401681
492260899 133711186 913721303 820112138
677214534 489339364 491750291 287357289
113462499 295731183 394429545 428850193
20553168 438191560 56930155 787545568
897088307 409984566 379132818 125421423
845319089 205996077 712976633 118059836
791887267 109708000 12162823 992456387
579045192 417527281 482242403 362455385
89951173 867060397 498343768 840242839
77908954 794150557 131443115 185800225
150260505 308176276 142715688 554817904
539830049 423033513 562992029 239055108
122754588 421032176 628535185 138201671
751194278 545341167 699287428 230958790
15423489 364701577 291534442 6605648
13326288 167820397 391419778 124054488
433277863 660491387 369545989 759142781
26640590 5270371 240790583 896778742
868381360 787689447 906523261 761144363
811091704 510842903 996514690 902615358
63996397 675471590 873871802 415184453
596361392 871455609 627329973 254042746
767571348 481191984 331159242 710517258
25390182 166322774 737798702 363823762
933343065 223133046 673115874 604971435
834637847 555530052 280589736 45124240
994680415 724031429 884383944 37707618
683314608 711324601 203900144 451104163
977326918 950189366 202948482 868677689
151737924 575827560 255543591 313098250
808551592 456225635 439459921 528714204
907575884 662195846 77420183 100219808
633422271 768116242 385899141 440223535
272615520 758917513 923077958 993505130
756024103 119131111 576095467 114852635
441727789 285235907 5250142 335496779
642478471 221467817 378263729 427213213
684385067 288555228 216560481 817119589
708356249 431349100 565350816 288440136
559192378 312907997 184594808 324978497
362138123 697510827 868894408 245208168
165207811 558831947 497480798 182858075
978734148 149584055 602909157 923521631
370681870 374376824 98712844 40040662
353581536 102195536 676611303 418187798
688350044 796971711 259307269 557011703
846073368 824881553 226964527 128508295
281051525 807651480 832706305 298512884
440849254 686713961 807841334 253022138
130734400 915645058 562554401 606182613
387999287 428459206 365286503 897661074
489886867 366683136 318386657 242645248
121236752 714927510 710841863 865902339
893278611 80567822 660609592 242600474
848149778 818909870 953091390 795487288
820162406 243991175 891373937 563860582
796489703 107489114 56654796 709775800
998629476 895574358 963643571 826172713
749109452 777421334 628911536 678926098
919115906 309291168 444467154 509308227
133457310 204382681 532795970 647027664
407479514 361802757 867252490 895877937
869497276 255483140 889614428 128651844
644935111 18131905 601762964 189163453
608914467 326558191 371798536 772657557
516480263 466288835 388060815 588046035
459119781 600716252 274494738 895492857
861990105 441334586 774190524 494246731
727391539 616885442 397172791 698799135
172678030 76478402 949393390 323715474
122573274 383751880 37164069 603961707
198797416 542646211 440770675 103693243
636321112 81029768 157483009 761446126
532516323 985120536 8803382 716149992
700563243 624170297 280003368 196148729
336322915 198240342 132335521 288820367
573377564 996993707 919873791 165784712
509839022 906892252 545471168 799656774
824157551 98504725 317161371 509398273
111139266 666681198 217081465 914922137
879621636 216618464 592202548 969621496
508932696 399919802 302338939 394663246
285624665 974736215 872303118 177502305
480897848 982333970 860361749 168399459
719998060 277363100 21155189 814599750
883470448 580259342 950161790 28445059
406179998 481205729 911056613 238866417
729391144 947380351 940658009 883296893
422696613 454885400 898884275 32681086
782833331 493601658 65149089 179766054
102597040 819823525 900121041 735066038
713496590 430745570 829857968 796913056
2801513 392882407 509154402 174197729
246771358 626340421 97389350 783783403
750375882 544461906 975637496 538636888
316298509 284766923 581336699 900611058
10867668 463174296 382374240 273892762
673032107 541933055 516041572 199110255
122049674 719596420 186668457 191814167
604553402 95233255 54489333 45293538
276250118 217273934 410205691 604365597
770451614 180419268 197787716 942881194
286764951 522123964 640918268 986171824
502660648 187019337 450527790 921394449
507560910 578650550 120537920 707349120
984781457 228640425 483837553 272472014
322630697 503382281 987434339 875446340
260440502 265516110 834465720 327015225
487947693 237592814 382807144 309715799
443657972 482340265 797200946 57976243
895133144 568256020 547898649 995960921
318761702 912080368 335268744 380017109
952410903 458922797 798440160 811081352
594490117 503546836 96785578 704511595
951430839 173380901 106473965 593479558
528731377 412340568 587847086 830265154
129407284 69592162 580645383 467407311
65986684 421241486 369797846 849894584
208391824 874039270 671949284 822432670
436028457 277412524 906139999 620682490
823061097 483566692 139199464 177422235
243703192 730845285 844739937 701984667
116341328 611322689 900294508 475808622
178281235 911304960 642506381 696889524
248062044 17578033 86006983 805099012
147905763 280831628 26292162 701913014
769227971 198304760 171831345 846876353
980911650 971724276 894292164 550642097
746228362 289597662 737938681 243545173
879630119 538977155 159754439 160770679
175043094 485430670 417476070 660597116
347071908 670396305 326983654 171274564
582401762 215338541 47878441 210401336
627998627 229613105 166883945 824573421
834077501 908847176 241624501 965183159
778920954 534757959 622300098 520139098
948416526 80144148 863335530 270593719
338851134 264992465 383951667 648279735
703424641 811369185 775024274 563916710
674439792 131838428 659220093 480231326
400091399 792047316 12015336 263131196
604517270 892738367 475675697 849104797
190944538 54029261 422606177 279696863
306502231 354785180 153828529 255610060
401884858 417999714 45967553 900309078
806897801 114224806 336506111 143288934
24468555 497512919 704986936 414989801
187637743 35601369 497007746 71053591
906820085 947070966 264259140 760427399
784072676 455982343 797609688 649840754
966102224 199599260 448570564 391181469
179238873 734749495 398977369 508040335
20011677 844493193 573330340 157465742
6521734 243149489 547087059 424656751
13984060 983897956 406340005 977454484
854479444 556198955 779607177 91092712
251987116 230961687 275336773 516132337
729438050 353481768 937646432 429916507
223899243 936121323 981257193 655582070
142897274 9386610 907133415 317466065
381765971 633701703 216232718 153500567
816420699 507176372 763356963 336148190
778631639 413646335 681091360 707530957
53773732 878294498 576290831 787099433
166176241 484233248 46712405 923672245
689836551 895003143 978056683 917129888
21510234 138761418 635550836 30769628
812781089 994335492 805290792 696064265
659827931 296839127 872532632 844123962
824992932 410485079 386788311 526267176
681070214 211580604 21063710 832459198
193359905 922814322 570740336 791648344
429772597 964029398 745615286 380283416
135504235 938423166 132330132 124255685
887189380 332030792 684520230 231634563
713331010 864182160 547525250 433499503
921100009 663042736 175477642 438648090
843596123 158874584 755365508 977965010
833978123 493244780 880422393 29388512
171843920 593312748 856055927 559831892
988909715 79225561 344178582 598011661
183974968 457834156 403795156 989402775
406982036 551003001 928529070 423951967
665662131 515774274 900144886 487137819
463858558 686663731 673522565 226868405
397988930 892936241 234769537 204647181
141915603 150624012 718646589 897847589
7979418 817820708 675800140 9355114
710158927 202138301 896873903 611395550
4551637 156317943 674762846 187232482
217901967 749872441 600412518 637769187
99289943 406668255 370772120 223869775
359064623 744699964 883439619 974550815
729879239 739478518 789234898 744071118
167158604 345739162 969659908 4026540
921787360 682070026 148884383 999794258
238215299 994846803 118419358 223126008
511438027 586090107 59529368 413654541
948781885 533443438 89284195 199791057
263061603 193853419 205614646 730595389
870744752 784217914 289275092 859490180
837240590 919679338 447346937 214090012
368593484 509151208 701891646 724071503
155832382 852171231 691529923 267760717
570222791 467806922 35548950 808029148
736664972 846546951 464860264 752461971
824262028 554114398 808699795 835897273
171135102 350162002 452515913 462177728
629195183 367376053 80390840 25218433
214849429 946976815 344613372 56048746
424647083 875859075 52619014 424034453
104286481 989323938 702681154 502300823
954154446 626157808 767745815 614201338
255397752 512756369 951986670 607841818
859813627 858102687 880819571 61835110
501555364 256604462 492221286 511573972
369590744 995186257 290636183 686290516
250927426 111100987 23859157 91836329
984854061 570015403 35189927 292960045
734035651 807626950 796729454 564935389
138443211 311518792 50901090 973852068
887852159 243633787 311518076 721422583
814165154 405883871 690843744 883608854
987259127 172009471 256089956 833636735
115369281 877771633 635290304 893795994
780975630 554261447 964157058 844673793
507220842 752330992 582998443 59028221
182526253 774795713 685561056 11302828
532912876 239779833 240725149 384946020
239630972 36485168 504702868 756050622
435844306 943442816 389529200 9754774
840906912 181696980 325018452 16079290
237467393 728779211 466372690 315613141
87819334 593564871 166512387 809945598
745804331 734507751 767082464 848086638
670913301 310325044 719885715 133187049
294660188 886067311 118036410 977401034
69493649 578197167 813323603 59013781
638411243 987834797 464399075 397384075
447480771 656440001 995156109 671642658
37701822 827571775 810635176 637304671
324006028 111967551 929674992 771206114
872709749 144508072 361512345 240090499
944985994 231686316 728515110 711972762
462908616 832231339 999319813 961195803
689106614 105069953 500479460 376818499
801212921 914495154 932685271 911576448
165156015 701211198 958972829 261114515
747548568 677992392 222437571 549544108
870730608 624519735 582247289 118989843
736568625 862431502 714445659 584589267
939825580 578674606 271650884 866775164
720689592 536386955 756612628 273581023
888072123 857072375 438525878 934716011
780908749 553385154 202502917 509950502
96624384 339083627 604076628 134590305
353186975 470252249 825536499 378103826
846069027 798953348 883567340 854448660
89209449 475734459 680489908 502658688
285058131 181368338 349048432 452002091
694656169 794590114 356067258 427476073
865743434 406369186 234189455 577416962
769779503 860957536 918092458 927305059
556402289 838344397 893637609 930996584
479697722 824167443 111874785 877059191
281762783 941967801 444636385 694777766
911006091 167232005 616596894 421973616
611468934 664661025 761397307 941016412
717172628 457413935 759800477 640989246
647402710 959714240 337492001 664439183
143468312 642255120 318234731 497209579
434335236 28027900 147588109 864611070
494536775 210136665 604533285 973610559
916561201 973174747 377884299 284597461
188115072 957748020 186230695 943838435
227655698 759673105 467042908 643177087
676802421 757038536 62640188 508061071
480726215 660864929 325396195 593065518
526441546 320692016 113642804 730486071
668055196 497090072 547549925 262177735
10162244 673888554 344199422 846911383
390271642 915135379 355052708 565246241
814986728 528539219 868078172 694474749
227720043 311868132 996277468 179768960
431457365 338071282 550071036 39819243
795263 199383915 600742890 503200393
830819072 71076530 149864353 283786705
386333529 150515161 289233951 258674066
405489853 11465215 939540482 684532183
816354743 355369715 525021284 279972946
712561425 890316747 266190634 320893328
350830771 905708756 768749525 30067885
576946806 604217070 242987482 238626886
160091952 507953579 616230597 60071447
724501356 999983599 323406002 517837542
719620219 408118208 990293631 520336224
111954881 100518079 193615253 143149604
621120037 137663765 516592959 463078935
10305051 985507132 321812508 752329176
451795964 168762083 148574060 994651333
416427332 411667453 802714147 602052635
862642919 464300509 528322863 953986319
840298362 401997691 53311430 473502579
407000472 18096335 765046843 477056762
286769534 628171424 611479954 219180027
119619180 537749169 353812892 910983759
945924816 558415143 748154848 952720052
387728394 284132900 260264616 180043130
903408613 99640525 206722467 138179038
346312893 541676975 20178461 195149094
719445056 327579843 45532104 947395121
188127249 910670122 255306640 137047050
691755083 723542442 831775769 87545506
243274313 415195075 941736278 231022460
564183858 153119669 967396042 141809091
828700439 337382108 598408242 629032144
14566337 144146891 530023467 400845178
733553992 599275854 144150204 537731433
269745950 577856403 96115763 967933405
441706315 683622780 116167596 815891034
833111887 792658716 249393577 634996520
890871776 312503368 699465030 872652221
184841436 232330956 968941290 925752121
548567994 655099977 144039999 624861357
691766481 608887833 868925709 157624452
355722971 192562061 261746744 5623952
569023105 539728063 555909075 695441416
705312838 125257373 970965946 823486691
644317982 98243492 230976666 637552776
72874598 796499365 963556840 256909134
552301036 880775175 331599001 466087367
19607585 940464540 312190781 12082177
491601799 314914350 242849524 482464169
404955758 54178790 266876490 473423377
612625837 242484932 175232904 322762949
606947672 977991775 886016714 431461646
721225458 913986346 74091006 790829699
772672881 397094141 231938020 408102905
703170105 96294147 428171065 67550345
275501947 981070730 741669959 406014434
695226152 692782843 13492703 260620829
918206217 488450660 966120446 639007263
148141100 665872774 105590200 274570365
916891986 164547409 872792418 695039248
479378556 65296878 755466292 599269915
477269014 193958437 433280892 972172117
208665966 775918555 418062220 822758464
934459437 667936881 977870090 260352536
508574763 549522359 297516297 718640602
801974439 479267088 724756038 171842723
240982417 512908621 194126946 433095525
95159396 18608186 457872447 996661593
327575360 503693858 967861212 847879499
216753930 368001565 930050954 561764673
902350834 140944970 842365577 503577771
178655256 924412279 824973696 474484845
307269491 912882217 737550263 784423416
3207389 797022546 372691556 467828431
595111506 143308043 761820508 655930284
233886270 460348773 388654237 174298102
219467451 212824594 406892573 600235511
375212943 596867260 531505518 158230206
157874091 763669622 876203086 934414356
16111051 688932209 805155457 381127198
579075608 404962405 254682868 827002683
110728582 686505072 984761105 940416795
994143424 205351409 388190562 110393047
282558571 686147856 128875506 745421544
95921101 616585077 931473166 837141309
290820478 396590562 968687755 703436628
482298593 728771680 744748470 97945667
327885403 13843418 262200801 686333607
67330420 796605672 42412885 644549077
910878679 904563755 317166257 243907210
818637600 653957200 442065503 106393371
400771786 186540007 965886970 472415175
860952387 14794007 902389745 758194583
347373531 289443013 779677117 799735093
863567211 535322389 649718099 628283031
267544201 656488358 586773851 862419983
605924451 463898908 413769443 112992794
45360166 892529952 414077467 476193096
91820965 622590617 166673384 201148160
477361779 739007493 510120463 154356728
111838573 41028515 63726855 853863829
129577679 110025697 875625857 393472511
907423226 123277193 713932807 369654917
591089276 911873705 904695502 155115938
120048512 729882780 391375878 432620554
728457774 806772732 865487593 678137249
730876213 745060281 4477409 57433019
983933062 993919296 462295384 100634167
837780413 708067015 96117193 110018818
987767333 662036888 496394439 652151116
778188043 827765641 930253741 958856147
115768535 985820521 737019171 375265296
252586866 978564665 117099859 611001190
342033349 708165622 133391879 647229980
12252256 178718960 88377357 527911864
693201865 323867650 871373425 180373498
721083188 662954667 617624900 639850868
171021095 922799980 855019175 191989216
37224386 456022661 845300310 886334959
4085099 368709815 161561243 9947811
349414134 75951279 737667094 178802251
537348340 56486538 386193910 195019550
617909868 303838614 148017150 674653364
