1000 1000000000
596531419 464037448 839281555 210984324
453679778 257550435 455939391 217735488
877901633 873024546 822909520 49633525
994569912 821270113 386567777 950007023
946850975 914834958 225622561 179983432
782693474 484184806 95247065 10516105
355108826 69434561 676954138 539558075
135695848 132957157 968534531 17668405
719659616 584904144 239859479 380262907
885481360 793179744 260027102 682288525
53109234 4439695 387142525 356421869
511824175 246788341 513405883 984923438
944728676 814908664 130103148 360104022
829588481 494833977 371319704 219914300
173850819 104102850 377951908 286725280
127681759 122748823 945694296 453350960
982721269 53422845 377091869 419922149
905341716 479946376 655180376 226057608
202989172 187024854 181382343 81166683
454354954 415920433 636566177 732310987
212284607 18120434 405346606 669825015
459355803 413022636 271484161 428302984
954627152 291515228 758529217 371295589
234685333 54872387 643803320 243487923
949537055 774054659 230003006 919733437
244433793 201908783 371940955 409357445
389108655 232881814 936130085 732890991
445176695 200574942 630076077 46961861
764833297 629620963 462017456 745680309
686964182 453028677 445685985 80413340
219954765 86191189 307755085 506755035
78366231 58366745 44953146 575824282
236989427 135719258 645153693 124404044
97493187 60962497 674766021 438670867
288451159 10845047 675158855 133969950
879742874 692550980 273134113 80544493
151848981 149724090 966510928 86140783
638639379 400726642 715728498 443685454
109980518 52438488 392783552 422771195
663059463 98438153 897104644 734853820
781227210 427527882 596260707 707857187
418476255 251153887 317824092 948395441
284170028 164541420 491521168 890187388
32860262 9343363 109526246 171403413
862390444 729019092 816516435 888230785
142375417 73118553 596879203 806565215
731689500 507698169 437901814 516329725
612703428 468951631 644720285 431242567
588935643 518365444 903952401 845168865
502953211 262874648 330439490 443959393
531523628 503437966 844911436 454936173
68586702 45528062 486572891 334249233
106815633 1182392 591956610 562004747
121229163 11276040 796133394 905032180
719076958 198162929 743743796 684154161
349890898 164003950 725901377 841218173
11060066 10768798 25831045 810486037
126954701 73547821 639790852 810434855
994754943 674195660 618021467 305422805
864038408 256555030 364156380 202864684
944838892 881598108 97959657 315825506
854811799 134627744 455983813 164565138
863670904 604098966 324085584 832560505
546301502 377869261 190296591 915770912
608171262 335018071 656286855 821434449
428489968 311878575 485488868 761976114
467168709 142420480 588436064 903548679
317184624 232411837 614005532 649100390
478490946 431793718 600522876 650688309
555940778 281982936 435595016 779222028
412916195 219295062 655875540 431385922
371842371 110928754 871252282 72264969
105790138 37009603 535419678 732380002
496843417 149970657 990594808 557454535
2844865 841515 335298029 741098999
236956572 77496018 525816416 213432249
793009528 521124717 374345512 779276497
766715080 471993066 724068643 142842224
441879070 329224158 217623921 343479349
63419068 4068185 453242066 84406600
122039415 23014341 735045552 313328157
297672953 268826512 72870539 960886726
831391492 544105726 337650401 582802583
311724396 15932841 472608236 926131257
605576731 222976 884516056 796100777
297357541 262745288 979697767 854087095
913511413 220839712 193971126 78249903
224602389 174838775 55526343 262982686
765967063 314576468 348931315 20487666
854310926 213317201 301501075 11095563
405773168 108949910 691266528 693628446
246078597 146833558 119351456 770883100
731881513 723214610 437034590 505394529
214528079 164970916 565395105 312192207
898459157 501596496 414452311 948382393
895588272 769085270 192664881 281361262
200780913 50539223 552359569 779730012
421290160 30275848 743758093 257175780
512646588 379357678 230318006 316321510
13971705 9689647 316753906 515120141
546279835 478055806 502275495 175235789
920253385 235874959 871119555 286834248
376288473 20921059 423046250 822381390
942648982 165051333 453767131 71029421
462622072 349778956 574985345 898091983
404518398 360248267 252117750 513970678
655770823 475941671 592771742 437895931
400036904 343881749 359201400 721518950
384248827 295492678 317348779 834429039
117933826 90327492 89279004 852766749
309441964 20428357 832369660 295802574
823133915 29827822 844880335 296228965
106618144 65166103 495686644 721886331
852587931 385697619 675770690 606389069
652859806 499432505 343521647 593722203
496063802 197575611 716413046 403980275
239268269 63469241 756244779 559471461
199996746 78426036 483142115 179770543
237774353 144026705 378532615 560314603
555226413 292640567 973012226 159340781
551320728 140447690 531021595 987257450
717359707 616767416 890828766 319939091
705173708 489471487 811772404 865026380
527786401 478777600 152603884 35350113
812302879 731508979 958484646 473272548
364480678 261228699 695768078 514430653
791594920 507929502 752100938 637228422
900404925 843748466 293122670 94537775
482502464 397942433 736114821 504207855
817353053 512556500 779354312 966702654
182731181 136045467 506577214 83823549
444213595 276399273 567108523 617800520
336410801 113159747 642571372 536199193
811966069 253770100 603941038 314135093
516650152 513546070 380553778 629201355
185505224 5594861 72098721 90423093
970494309 555053533 427966866 440191502
303174678 148354508 909361537 162801724
586918789 140318297 960294255 457240887
144851577 86055332 983436039 701440368
536307473 345771193 455123845 847128727
393945127 380777308 440662233 75530945
841649742 671260472 581895147 181752663
78869734 45464383 878453463 269287688
833517133 36108323 818561895 310743282
434805571 351330545 533809287 13724970
798216386 369903197 436338840 686802072
265590044 125824431 725818024 613659227
14494412 2853468 623229015 820339010
514570410 501486447 987577597 749464116
163948290 24938593 894579418 930026630
469398482 339703664 235261390 918429677
540710925 54214513 515011443 36311176
208678071 27801409 801427057 473201932
200028610 1854204 532338432 414097872
452436976 288165881 834195521 866893464
454678598 55271372 569658288 778870688
98904045 45748318 161357069 888921550
612920360 53569752 748179924 368176181
157235372 85696247 605303467 403538471
999056080 548147982 968537446 134847358
932640645 105259422 470098308 260856306
557108066 292271936 287059481 760970636
194959206 140340885 261162171 583609273
81362690 65490965 712054243 581671061
279775844 78564479 214779224 400396030
982347025 579206850 530684142 691114072
159281632 5793854 748590282 150394080
545606602 462523187 557555854 638455114
927108577 121033093 382760707 97751809
244546733 15624552 276947943 946570880
389969485 179120938 150419913 27097489
293092899 144925392 436356084 845049731
401583129 356902905 461845658 117792335
851004945 520705079 704087851 133721104
883088128 659369978 905272077 655823664
197546740 96940216 751114030 62649702
31833648 12235392 32851361 486997087
964577217 679181679 584510628 706764862
522237720 493618216 106091765 81553084
727412540 537685919 731561088 38477108
106432284 14177951 303138514 106275719
841794831 465733571 671682370 662012438
850942565 802498187 954154308 478903768
676767189 640716296 641965937 874705496
931270248 836909547 219524879 337548090
899367082 37743489 411485087 413579131
267407629 48437004 741059971 380177253
814851399 64074133 965427730 135215121
475652326 266875709 552997418 688002171
987945028 840303706 572770195 279958734
874242575 770644944 840914292 535574095
805633686 139793820 503985546 122771457
402152157 110650259 830801969 377644690
453708978 58325648 716287641 102394348
486187374 7711524 614730301 207259842
803410043 803235038 988500394 204974115
382939478 194377607 669312091 292385899
530705194 333542109 442638996 222063912
199532004 23043509 704753625 819552098
20944636 6821779 268165263 310977837
813215884 157603616 930263314 862272090
820888706 705212892 246403023 136864560
893116303 19828754 129672439 687195965
240029093 50409672 954363158 255833851
719675939 65910714 433130744 134188099
62595817 59833798 898873362 665385068
259451260 180066817 434291102 622422575
708204324 491093831 806524584 442732520
572201738 425931299 846612264 344728372
814547533 68277986 939725273 951222437
880658720 587194074 767097151 631906945
62205406 26746392 484170554 638018892
500552512 100924270 914374326 393854855
216707349 114523863 851046365 906448230
104993735 14887097 344260163 114851669
260653753 216021417 534725739 499500932
544165493 406842225 461287215 330493520
493825179 2981542 842265507 601977333
821750789 458720992 721350883 707704182
319911065 130318758 394693110 623049107
36164795 27597353 788131208 432901146
872719440 147794863 737809946 56949768
181722380 139955098 659480997 484462735
670415294 266530741 840020342 362273439
933752125 593167701 726392120 473058967
653514999 290928296 383676442 37381220
869763394 839467472 756610613 829807462
915935681 438473826 274588403 103866734
748880050 632260166 530067528 60196741
716252613 200128443 732774835 31653568
845409547 772586334 546119346 889761855
929636761 915151870 266760255 111810085
629449983 162646332 606313356 377050557
844861027 83117145 898706442 417449213
889381471 874334837 268548999 270298729
480064902 417354629 733430305 665752119
604266037 193136485 589039646 185446645
630501240 140006568 146039559 275451862
545526970 322247855 577838690 230360506
435789293 200633110 768930778 342787387
718333312 658469914 300058437 704527883
118178200 90519120 482092683 469829993
316400157 129715830 955723011 734601165
208088231 157493667 213626054 344565575
510871081 276647507 820731058 284187777
720772955 608358570 189213545 586811775
550169834 207257239 407726704 370929273
553403480 138885597 592882685 982262750
105503391 16942015 402546830 779409814
869752542 654468620 663671672 395211817
202247405 96375838 474704383 804974460
389981436 87303863 658125709 904136629
704285294 427221089 666679495 745967951
181706522 75605853 661233155 999914474
531476760 211415437 770671068 82049292
366594093 14291650 836448006 602350516
479655437 392191085 88121435 513029855
247206059 18542105 329958889 522923162
884592737 604338662 114181640 138232375
239220219 26239892 590522256 12575186
530602326 485556457 597200769 2991920
519103744 68574103 97963405 80003320
235634319 109520840 856392681 633232089
704900348 110885534 642057265 19912695
894818095 36135614 869459767 288330348
399048125 336307493 982898719 171316229
207605878 57423516 632087130 52827659
776973601 89341531 811032226 351288084
150944564 18364366 840925603 257687766
871179311 857338840 677524396 568381337
749878175 300717463 571979228 227378135
347354217 87859144 859969724 676026534
80478808 46533085 189867126 126729711
793364928 120352727 523186358 37005573
428165223 203369566 734124573 788657490
42617090 19765302 144958869 868576650
33538518 5007504 961034765 527209702
637806485 425077275 739309860 927943553
435022805 391865395 256636073 511858710
579791332 313076819 843844069 878635383
308112613 36949632 401142867 210281717
722435307 506219369 984591689 779261934
560325108 276971896 451429992 335857849
520544668 457846844 159621365 465854769
639800885 4184855 695587686 206225580
358473493 138626401 470663322 558199389
92103886 85454327 195897655 332310205
767483051 276394043 798083174 334900304
936420054 111886770 482827439 235964822
239767659 53351873 445236858 828587843
243051833 30587691 773549920 940905123
562363388 312481811 349951946 992089554
357479592 280821551 977051335 512169409
70982354 36994380 93733120 451835246
46345106 27153994 378634056 333372608
216317200 101430129 430404900 10151659
564050101 427377766 943435916 641446115
129162501 8774470 880835054 273182776
464014220 365775433 952452685 328491566
768245762 274340891 875638211 956797668
810071457 802647620 416438802 110270015
597562058 507586457 988755675 572244431
960278092 910905270 805140251 428716732
614999278 587310415 476901873 826933244
39849594 39701702 468939133 333876617
691574620 202344772 876766275 532395936
448170542 426576856 446496941 205202513
247845015 46948636 485237512 496133862
54370859 17436453 733912637 840261785
690250125 284294090 656964906 7665469
760340882 96911556 360937548 186292608
69976234 29136996 850825574 584166830
478040924 331668389 769619719 983310212
545778346 218682377 373359107 291210589
838897217 213298051 939418204 203099689
75687720 30016964 604300597 28766128
679309911 660815487 716995548 218097577
400990961 211106511 622444269 414873928
796388696 214350333 856324510 787593875
393048698 108043597 582676576 837312455
895430916 654691224 440314913 711745941
871125864 868704877 798900379 245257626
514701647 421453728 623675931 829077559
776612667 287553237 519086510 110483741
350751761 236155440 309278031 773701900
239967547 3785193 623305930 421075531
833231515 579432203 308434996 643903066
672371587 285027994 683750083 310478443
856004508 430939065 608959998 134601357
598963166 220194953 680454230 648651065
679453689 71851726 939360192 676888838
570587578 112395582 189735492 21905273
915536524 727618385 218576676 147292763
403622008 258935396 292252444 886190479
667992408 149505338 638985270 924398833
939185649 937189989 994529263 321276969
10437025 8668666 39581754 513423989
187720572 75353138 592381074 576480574
701161346 422111656 88097443 188083684
686137323 272139337 181235836 126140648
901743747 772200691 784804053 827542541
705863062 671950712 544846389 460715365
64664720 16246522 233745032 200836255
660802181 504108417 981093175 240631058
33641768 534284 821690321 436071336
912871623 617000637 554717038 576934730
274051733 20475360 765494677 539607981
82147680 28409914 780751052 128798950
804007735 161876501 185241869 421160314
781127467 458848381 435841865 177876294
678510236 185784660 681881805 698343612
172361183 141445639 747858188 985361508
769843175 604141853 784608933 349948654
662783310 503151025 432999247 707935035
416880824 328564665 725291318 853702494
254974391 214257944 211656092 873091299
707885431 418499158 834522470 953905896
947190164 636617476 299166005 3531770
216467167 69061988 170501994 669962751
26444472 10319341 71498716 780764452
950994364 668386462 924997564 697679044
866815708 246787654 549471810 7998872
451259191 291045831 600114995 319334163
120549582 64719909 258103218 419168070
861373655 438941230 544882569 697408822
290993210 174190610 551145766 960647706
15555780 4239611 920797904 576882935
772193703 577745587 857154418 142048636
366308770 141602583 981230103 73182008
568461174 547966943 961109614 267929485
86096960 13710201 356708765 524383891
93624570 23667449 761922844 693065739
366704483 315084781 549982867 167252458
78587274 21694089 349958095 777302001
288526196 192260785 363850549 864038620
166916651 21008466 256570155 260404290
694235336 485315524 919666107 236181112
370639477 6667786 739512842 725518438
759710923 698359799 346056919 112371412
367113552 315352481 635286703 273129686
265522372 155973860 420831108 608866485
320341250 239174340 389680499 625506171
578578947 335108533 777839532 528491788
959866185 713776796 553235427 403665737
20641600 2027427 337728088 202995861
429147126 212423048 845515360 440467940
64041374 29530767 453034290 637703240
371295286 110011386 976418851 20208347
338268459 182655980 251079435 184878437
221428952 17630434 994604681 605427879
174955791 142989670 700659238 263395531
83533226 66839067 777536863 60746646
1503432 1111949 227189205 959653839
796972108 521063036 950766673 235105512
531735435 71707511 902492874 54840884
224599601 112159440 798880812 186376578
904356712 293928652 726620550 293402878
651882118 96295724 570996997 878055798
184018746 22652161 343374119 77555904
207058498 161200148 772453225 601233388
677413360 410847922 985197973 698789022
222945455 77001316 418906516 793621846
975493243 837816307 910864328 350588248
339113428 250965244 818852086 900250926
312096165 1147647 464484854 737243325
971336420 924387208 497104820 308774528
308635863 53821703 410426849 555183386
415644920 11396573 420624822 862778705
945883532 745228759 528140845 351964387
943914791 781846963 246776865 379131849
342631950 193852036 479509369 110023691
873292062 112903252 815850879 284449003
388058791 152056318 383261845 737712307
354554091 44837707 374879375 866916054
223633302 76737865 239689234 257478896
972605805 114085041 987753627 262930034
55828628 30611047 459791195 110324233
946063427 847084403 500858610 380580872
829689280 347495491 974996236 916281182
19284174 7471761 70606883 767824387
766849806 257181124 855380522 188237034
245152151 141407072 759105391 379828119
279150414 272882520 925702787 303243800
387770732 59699824 999294718 85611675
57267291 29470219 542118951 695152913
234455799 87280654 210780215 419450328
620218624 8806909 270273292 285706024
828292000 64691497 904419577 473991706
320548616 168297881 945153901 58921472
657736685 187011572 893670318 514248272
929003155 622014319 839402649 241179285
957126688 159408306 310890778 432753335
22629418 2776165 731800683 205852171
484815800 13175830 618756790 774558195
436650014 308925257 163344981 42665632
78148381 6015363 977068181 111993392
82650674 48840192 854454037 958364906
434008346 187095384 951174558 196376951
78725936 56761998 89311581 673452168
687041940 302184557 688338162 567671481
846674022 720432006 668972820 365430185
244466708 76131488 853316714 338668073
650031200 256927272 535952239 14643494
588280384 123025122 777706700 263964489
705170284 673233835 357790052 994624706
696381319 545467584 449448260 629493197
893420493 553758539 955705252 649832821
543375051 356932116 973995211 986445128
100253731 52924006 724305445 909562032
738637419 593536779 436713169 794100792
471388368 164328387 944102477 590964952
9807028 7566471 686866653 112118772
229487515 190652768 561682110 401238983
179656467 106973376 805991199 135982386
544972183 243363275 906229336 354091980
419930714 322291450 458808366 404631404
106251384 54792553 547894093 159538066
911262439 511459053 173744622 15305842
956741644 761959699 72352520 56035593
934357424 302862394 881583661 896380786
449029172 420380759 726094272 981683775
337190223 46689351 452518593 738994281
840213233 493116739 664886994 682161509
682139264 183172104 236285877 202499835
208685097 200245823 139227445 465338493
996134323 745270154 557184788 460907061
631844496 615181368 425486817 906559256
42184473 35978701 738951465 286691814
709033777 178057942 642811605 657721723
111372342 81471121 219607780 58472362
891380916 673787338 224192651 385632453
518504792 44540632 37489935 1284200
661428650 493890696 660015921 650910451
916992082 767546102 281129914 350123446
887981267 3609040 333533480 274231246
442878162 391027211 488864750 909273150
935083592 711606198 850924219 88049414
695843306 608621366 267288005 833373
494704700 196382250 384249611 176014838
524500842 166741472 280487468 64817539
492229111 474913349 66735171 699582029
45474178 25603061 514814879 178510677
159932353 5052188 327498177 538029642
127709929 12194761 641679347 293248789
693493006 625264529 775715051 961573124
663334691 153390500 565111482 697187051
770791915 31070826 204486958 444009898
665555036 429386012 966930673 962902427
80320982 23609656 310369113 429685601
71768992 21053847 282798982 196753089
840895601 417800817 786207315 299585435
773659049 392800408 503596484 770313713
620688976 97477987 699351961 841469774
372354875 87919678 365354139 568124010
981653354 968275523 921255883 166017311
503887704 456710958 687078792 262712139
900897095 457163947 479872774 101196034
597271571 556578877 237021065 703585759
810101540 778536927 357090654 19610726
200927384 169037221 217288727 237610740
523821824 145344311 691841511 5637732
992952856 213264529 436571052 73823500
297074778 237737515 332461978 857625299
975891092 681098724 872855747 193962938
797268698 288058009 984563435 384744948
723830697 612171836 932838429 386602251
576640340 227063350 473633450 175651163
494968940 283564781 262582552 598232591
354354852 94588549 594744176 236228294
172333592 68551723 902730522 238822212
730444128 212006824 871937376 794460646
314833322 25584596 872683666 404596619
132357928 110900355 305773230 949124209
351990075 195798878 670064004 718685554
361514759 263389478 641781465 879293639
382052145 294814409 423815739 770860551
816748473 314226240 541224148 565735322
835046972 617367323 981153438 974444744
15792754 8449008 172873455 900870955
83113842 26214034 641235699 818712389
640008525 553952787 230689080 919986662
353554646 259600299 865760155 539776251
301201850 102888225 912093804 547287681
255134207 248056768 853417560 721663242
591957505 579163086 377865682 308164554
372452451 135710038 912138506 640977858
204974481 38250239 638789221 725023799
454083185 428834168 237045725 226313
6776191 4092175 816138740 589093530
892469233 218335720 420452624 178249540
208238080 151668676 712240881 475581887
428129699 121501420 432923582 591492125
437006320 217664708 428291772 541828927
779765489 403019226 679326855 704758173
745805119 413794148 762154430 47632765
433818961 336357779 500175273 839241654
440764316 389221382 325642583 631378687
863220865 561578159 716387488 821978991
351894865 345408246 333112800 402228177
495175635 450304391 632395842 762004541
356440940 129693501 543818391 754159711
477771395 396354250 884658578 327872467
334538009 169307783 369951971 456581729
901345447 230403409 998955973 936953175
478494320 382464811 147918082 86561682
25177022 6368416 518874502 587162375
281109400 113049416 565696790 850231072
878073519 696144468 724183571 933653868
137184641 135194403 332026198 904784133
706354606 55312608 889661070 962024816
238607386 163690848 718447269 237427427
22525518 6919814 475160273 890000041
976001901 703068141 494178593 378608773
865879250 1895079 868654744 443448330
698809753 98974795 633552604 5707830
461979805 188638838 137326916 87020751
23073018 3727394 206497089 397241737
355075467 195377679 573553019 311701096
265267433 242815726 560817226 392702788
67421593 64377698 224439284 604211912
485784449 19872472 474358470 21401561
94388214 43322364 455823910 657469540
602306085 593903543 514937945 289179742
76437395 37557977 479088408 366326152
830052811 202507889 657370503 370670497
662760550 591869535 522184943 210665173
927131487 598808006 658126195 450390783
419834907 15450476 753073921 286279320
59121885 57456011 204813619 815832223
374996453 142515684 235724875 611064177
209934669 157025547 293916031 505882037
237973411 145734184 643536823 439184177
404354285 205314792 815561721 641416693
707719279 684390881 358580389 919280111
178038894 43577858 723151922 2711870
293748687 17903821 595806204 393386257
608818724 322213667 608218241 703825886
148569570 7591716 915050232 27389180
543003944 281000728 831647457 953612421
369083225 291185670 808206841 938056203
886538188 295466639 700521682 84552284
431972624 359279006 618847910 962679496
639450133 604243507 614174053 193535641
192465829 112110735 959378573 883931618
475305319 195036335 570104037 609219237
981420656 556089160 903118177 150740628
464080840 75034275 790701483 802457797
153727294 13162938 919594226 393355147
182465452 131911646 62046984 11566079
887834761 514453564 692472801 365182564
856327146 513014755 344020073 263964273
203306885 121781247 199267134 564987086
702678892 618879775 460274109 704397458
168670203 151338676 542625418 73034883
201948640 172818685 172708543 362437252
773467308 661847914 709042865 932623318
420601062 389238435 897248756 916865257
309755529 225837363 915274733 639299970
719414584 323253987 783571331 553671447
682992723 577548583 193204996 656812320
868399987 616622942 650762356 258103373
921041226 899810912 270351500 61602600
219812026 79735506 314520192 773225123
65015064 39886986 323084368 706003098
64809715 42779896 947929454 334080818
407238270 354941178 367214995 809451054
510588025 383445061 248693229 811704435
587859748 555063677 213006235 745253639
12616201 10358564 573740525 120042659
762126856 735730490 71234644 134167228
590541782 581457940 554738200 187008808
156987010 129925557 871119111 37188021
227715501 107895716 718329066 781645722
428972884 315201099 399745039 670739042
987969097 498977357 759769400 311503463
982264909 841709125 495114528 165180532
973251591 846532134 658468784 888633791
24752869 9729723 194159083 732632926
517976342 14459081 966583317 162652894
247244993 53260869 787639510 863840130
629208017 505424743 927336665 104147847
420013207 31925634 886855220 50556968
535641001 429937884 411239649 260007063
987718762 140064837 904158310 264849748
659971857 397499268 968449507 74339622
999467555 987340778 754991869 863289531
167333664 50065413 313786204 912778588
907570033 627408237 333309953 769632715
645476181 600937225 250437189 196716502
121156168 28191876 560949238 551250409
890331990 554387740 993862267 50191581
261529194 217698248 431469837 647708929
792648156 597870832 817785198 756334736
613689030 584466981 868924189 698620484
124246819 38756619 678423321 940957252
477769319 287669106 419105110 249727371
231534072 216997495 435525497 64672449
972810458 577365881 484772479 433430827
272511342 136736080 673196792 231421045
554070975 322741324 634989257 239140700
978580926 851165907 310144775 311365193
898836051 268305305 135102284 366904337
816112247 561423468 700319015 648717642
439994261 368696975 973688189 555624575
725696802 355096095 651122989 451832286
923840851 181904847 960872735 512560446
225836315 159623244 795099766 804152028
828346049 617449520 583332443 140132772
955762253 685529479 318878332 517195800
44018260 123544 178774915 436485200
34655855 11995068 333697322 59209903
136502838 59610253 235081168 861782345
340103248 289171381 178728356 971668043
499920166 497158263 416310617 41323744
373900166 353555449 350148226 167708855
365983242 282619241 354884204 398258062
375587155 101035836 373930869 981327351
701236308 557693373 374792290 282595099
670741439 629566176 771380150 339394039
61727978 6414374 92630887 374817389
67437429 14498643 391338879 928243710
932857362 894064059 848764029 405940918
210803473 195737005 762976926 431814171
991770258 255877165 982771315 611359555
769138760 225166331 891788527 858041716
609620558 272754041 386954537 267864754
893448888 579148052 440678218 202258351
678535459 664524545 222180815 840236945
244249291 29989576 979627979 669202483
965013840 29450496 768919536 2463394
798453594 456130670 756161065 922238761
56947116 40616348 758335506 546849434
667924064 528503979 889748943 469883828
384267035 65293949 628684907 254201432
392090356 159394458 663335495 301036792
598898156 47634678 753957387 296835615
398342327 109474748 548521409 983883791
59040935 34469317 558652202 186320725
271877423 177390470 923997779 248161223
648779779 548171631 185363819 398241616
859245831 344643279 905205209 38759532
916159502 788963343 916587735 97353936
53669823 36301721 493402525 481655225
106362592 65381757 676368065 278844113
440020577 41494940 548612661 284858201
819968294 697952750 953931033 188394182
16218516 8038773 333547155 964436304
216119134 125142253 177898372 896138523
915386105 2370 559368621 247687836
404462527 367881918 139529981 791861271
859774978 848561029 775998176 845340924
180038459 125193977 284244141 77678496
28844144 14881271 698415093 437682692
814012863 655929266 201594590 842089284
895048638 593813052 587669656 734440118
471644360 444866230 990841625 319439613
327702220 140304142 978513435 38371766
376888785 201868915 715668195 182469471
840150947 410406065 261871426 148582625
490686670 179280663 792668638 799324327
335489838 155584535 828637993 432299356
194345140 49461323 174753894 642059250
40390759 15081210 876323312 792193837
306791807 199502227 155443262 184060104
353070923 108833620 478897406 290810358
663044772 504834540 178186851 35109090
858778424 32831292 848993953 703070628
430423624 340049879 348882371 639877727
530149742 223328894 948887251 766144493
123973481 72498326 567925461 739849153
123810801 7125087 427363980 426865688
728197776 599284870 978628510 624890546
719134602 716076359 754932657 205421152
871510467 523653395 797839797 55688051
442492523 319117212 249341386 872752589
498487901 141825344 257191211 83082451
21377340 11129526 669436251 255043355
517162211 303898366 325974017 516118109
472756573 287746224 464391949 928935975
812525023 117706801 493595215 51780746
72479366 60857339 558739119 830037621
947258857 780130603 620360865 307396568
214653846 11444968 406904914 314537430
961153156 26292971 398624030 441380117
727226001 163213566 583296101 272123428
227887553 88141558 244212056 775959087
701874487 265649684 610979264 405397764
908194526 776181914 478743800 447175304
210991327 112034007 210475176 213903785
145157781 107913850 744645067 122044599
696153422 53700573 688629104 853601499
934193908 863778505 980545956 353482981
332832014 329680458 387590904 432325671
302847440 44755987 492570763 738539891
830936879 673862927 166912261 709001883
114558245 23992093 719500816 556518002
97588552 45486225 485303888 613578841
656486715 215597787 579060018 205409193
100705771 78241652 670313375 167401929
504966976 222375798 496627936 481678307
675174334 563457553 535303825 373566658
296180689 277521585 370795751 632505117
541590768 142891507 256966512 72311160
822870415 804366175 102814937 171940400
175554562 15206409 433126127 944191750
828485350 626582106 441603353 462764665
521352307 150007619 906339649 709683090
827726192 33944678 437114587 103817700
856113229 199343309 709622024 212339738
447632503 346944957 999701287 86743084
780810769 309422879 509411468 231040577
98062468 9281825 774542501 875433168
250145639 246485486 984779129 976447670
788826723 125014100 167350333 395288370
745129091 15948278 424770639 49704104
419008846 343728308 264882611 863985686
729538358 428602218 947426524 892116442
371675760 287958576 504447709 84449594
580616774 450383424 846983472 594227106
918107641 742701348 871985348 109992146
652160780 119510407 676861765 821825864
708827382 666870269 664106594 788440595
107160895 47109141 367313155 773240537
261706341 48264046 904231712 965643548
858630076 218445442 792454854 172896832
760849412 410317621 387796755 487761779
408012163 78040277 745826371 645190448
81085581 32482231 245183999 87119779
130046117 80317119 641329512 994364600
825959754 791348967 569785112 239222036
374897598 230514151 763932337 540239815
412581623 90832540 917499879 362193143
850589961 682272054 226481597 564748167
343631745 132921823 805327110 111738623
138210983 108458041 986647532 785266458
789409972 521797419 230329545 31829069
101797057 94816400 594532895 488135573
536664029 42656142 735011372 80647802
349291741 319456872 782338390 509293098
249674402 163700482 453100244 351768100
487304110 171284834 393070679 857909833
480436016 44050603 708883880 808093579
429010610 383467760 134259907 734092020
168875458 109721477 738371624 161456548
626915742 546344123 546757623 660800771
790136471 576537658 829173294 154497914
903202442 151797869 116090203 521447745
104788035 64758309 171714319 703085953
833354066 323030606 514131971 677206071
86024867 16309140 446496872 921065805
19508879 13345156 117339716 217582557
598734342 566862812 558066494 481824955
57461594 28157412 486173149 12892354
714287926 697750129 464546665 174385222
800112549 594289356 790964683 820059901
708958051 569089255 399748788 227011215
943161950 458287417 72704475 340791522
658724020 575815787 633396804 925371434
122724455 19484730 992186007 722164937
29437783 7207664 243062683 482794786
287057928 28560650 402445138 521486654
23829246 8392559 220019295 736618756
477979644 162797533 681757821 118126329
693767187 119743339 621752609 162900323
316101415 10835772 635947486 545247651
216321400 96861821 303113008 797568602
304179571 224173491 798484158 634653737
987256489 638458711 825141432 895505387
520905161 208546213 441292049 214884369
250087115 76852986 410950902 940001985
25470690 24979707 472679986 314336546
273683851 133802781 564672023 199697837
248741522 157244178 385751173 157629506
579582907 243249966 813236091 606009766
639604402 603899599 784025200 847195599
848129295 602792466 708175450 23830371
770538514 468212217 397441024 990438094
958456105 368952947 878972126 675924665
99321028 64602595 349469436 353137774
672636056 631740252 783293120 862611157
416432728 356256518 776562777 55894095
860495057 86954679 438103207 328938692
522689704 514827804 67249792 80161138
159684831 89832682 93455530 750649836
861852145 244221857 773048687 625277283
999144156 218757642 841740192 244009264
987233009 427111050 606014908 650609363
348538269 270864504 452895455 87685227
608416242 483871356 638812012 962966898
732187604 209240753 385435135 4560662
441314843 226257713 358829645 734994632
404271100 86260453 712459138 278586414
200586236 170679883 776757273 942324480
923242738 734440711 732240332 65752420
251724571 17320666 969792739 5055362
746849296 640727815 479927521 503253241
604521289 411018376 314075021 910881865
120931258 4471151 286631100 141027548
840371152 720649482 436031559 587040640
841870877 770351306 869944218 48867726
119786207 38481804 470431762 887392301
841781450 268257035 610617841 377194428
576096795 270827973 943158059 99879655
127965633 114926645 362044091 436685413
920466590 74091969 965441425 682865472
110474692 18675459 598888790 150027741
647296451 315035653 625783848 168444756
679108431 470073948 735901478 487347033
362737626 148411344 885313671 935397080
223045072 41801282 213929771 448278181
5096838 3640305 757927461 91876873
847113023 666985395 252505507 382195224
592140809 93187134 815942918 649435141
40491241 5911733 940383025 832915409
440097423 226168933 713491377 195914030
756964200 746692930 252735185 730819972
269675304 6998193 820179521 486587380
241649369 190293794 923919894 986881981
895542201 766832343 914203659 669650962
643543756 614236680 264533539 811287912
36663320 33531384 467813972 253083648
548940880 358135824 663661752 967892436
273235605 202267543 150462070 483616327
407399270 201309384 340323684 245341186
802246998 426565290 547834883 973137967
359733267 333746186 650352648 118611929
600549288 465321141 727214476 598973514
945326274 106122051 105805066 275121311
989329928 500309538 613255373 760394158
896347909 43652671 944602098 157139198
967338194 208921592 929798664 262179919
846389100 244006208 813787473 914319080
749044381 378121240 728830298 567190313
824155809 514729824 786857090 297073332
533810750 58059995 617430516 446389524
924597488 854197439 427251318 420607390
86955458 3716247 983178510 324162011
149686475 81384344 868477406 633225391
615106011 250327245 420515659 342247030
678085546 344869744 230521771 100736436
40932667 16096201 469309363 430235976
438439049 80088344 527376904 532497420
841746264 103477045 73554140 597712694
930828193 888891661 42189805 114630908
832855707 666243066 946998001 200423477
157951970 58800112 856053155 449550995
746133054 392631600 556768632 36588443
458926802 150768496 960531385 626885553
66630864 35664991 878322627 409299250
883175548 42853164 302233427 478087357
307136769 74775633 676198567 489742533
450956366 361426610 621348027 804742750
147553949 125141233 970558773 588433762
923968293 443333700 833547607 98897928
38605913 5754506 755978303 512302723
687985260 507073775 865966025 518609786
887236195 719984441 839061531 435650021
602266359 375188211 963442114 543057546
662702784 161142322 975093389 67174344
782133513 684614007 959424857 619705423
352268211 352017 826385422 977859706
261505048 80483093 990623320 600110318
287639568 103243728 203568933 499215804
916386233 565071548 657526475 572870769
359796414 237937906 999577831 475616801
921477780 335691398 445637716 39111542
427189127 255465236 497836669 80590046
355807747 194682569 201590080 288036438
879191430 729021943 742029434 35673024
424978227 287631056 204702859 373252125
984663961 715071643 987432380 663437267
84585441 28262910 95152533 853059622
383454021 376220947 411899983 573983026
292126944 240045377 269993755 576004365
882743894 703442752 397044813 273505829
60170839 34118749 338923071 266648114
347191686 166263494 650495571 96601512
780349311 763467181 252901181 332861829
435176320 201069772 571504490 137740883
874527861 752324103 435391609 655656741
716682706 261061169 639068216 809742518
133877551 89102958 164256353 464623332
260813403 143939427 690382324 652156122
103967296 57555666 177270418 228811591
875100100 809035719 390539630 123011508
249836975 57798221 299054894 372756938
557664527 305114236 741734312 934584529
293250913 210893512 545328670 717687977
220140594 12000578 718908476 222017726
369614161 123591569 633296395 254013454
396565562 300465854 998760094 693171514
478711775 396908131 876581374 755334107
956800532 476694494 82337306 133810878
650554996 71433941 853243297 315207584
706068313 510017148 366084011 227968119
970529501 458643206 656433579 332709656
256422860 130847156 783938606 763903576
218005322 138099488 709330274 331554228
781130784 80851950 731985614 338283673
219459600 171382069 288574942 882061408
816920638 471823420 408976415 813953304
28454038 18094525 339892958 909859720
242464424 110050474 425715600 852664227
913252430 697346627 246157023 527110072
256362332 61135577 729708865 712925643
199425962 28018821 392619415 933515816
366705879 154145606 893403632 673696712
411288947 344413221 468573983 185481095
943057874 351055859 70607542 105482517
761423562 296211924 844803693 131727858
361511953 21840796 874189502 43108599
569801861 276576424 580898813 410912982
928651927 513054228 937899705 67118513
575883439 43637165 536400162 370475921
710956732 416224709 279010577 8882417
906008911 533920710 593201865 554716084
239675214 53043472 596359683 422043585
117879803 101845077 504724274 978425976
424128538 54881551 412969446 20654303
33439516 15580440 127795457 579325405
588883669 471603338 826728242 352165859
426631613 175293470 531800016 482190943
883820697 116060380 324681756 230456144
112386453 70706938 417865560 639547071
640936763 259757759 698732403 306124199
448073069 404536700 701435918 325247773
863308327 195825875 141012199 171298718
958411151 770998948 202646964 763977213
491335168 406105849 897717590 185027746
700201769 284119031 422660801 978007442
202982685 193724685 404964287 242400668
473267085 103663187 582664480 283238511
287720767 281942697 433010470 734678792
621278814 52443845 743994533 358731066
792883921 278353659 997898665 77424188
822720702 722372176 648858778 389310972
432236595 193297228 533944934 122076534
922879679 104749491 830875232 168177549
772288538 454811308 699608027 554037165
673378531 188064773 195970438 110044950
798064484 307997565 412468210 34051118
755824557 661617023 202397956 978326174
333189884 284213355 917853331 344629823
89294438 81624290 315367551 211400198
432142204 328389228 591560154 529943791
101746564 10151150 481978195 867057336
861033855 305231430 963753600 769378704
7195295 2378093 446116971 987958164
231814718 226108889 955727253 573975704
895575671 783847955 342817331 846943761
16432539 931220 685879891 257463131
677904746 100745900 621169971 838816878
843324259 406085825 692978036 441319262
505597601 201463836 695763172 773338371
217408946 63596055 400193766 724394049
316221478 180870513 787589236 672262883
708234344 394601282 746965645 287148772
522573426 494014059 647664131 29409617
77294614 30612050 145426466 287227228
