1000 1000000000
775441086 605080365 288046005 63317412
836572731 210405382 794182526 330015203
434988940 140172652 300405607 292265404
950163743 602890927 807262041 747356743
589757769 119552495 761953666 160823634
639115744 349673875 497960701 560145932
677420717 109748517 841814699 196698052
893711543 219237009 176639830 154285552
313290142 48120744 302625298 789154292
206219680 66666091 547223092 936085200
600085787 523785525 191944706 713993332
256962112 12204199 937982287 66969493
522492918 427928627 639234619 31974709
397261941 180241105 366170418 195233439
74030400 47764362 754016225 818299150
915863795 770510259 612956794 325507518
993546388 617080507 497983391 389389546
84844708 28778770 995315132 550567059
377048000 331512139 768637052 241814899
619528815 470001505 438773261 576328978
9241519 835686 466971082 932822503
146517991 73327941 524792595 805634463
377842914 308113246 212520931 149966297
315475845 196595716 756109467 536008366
648040309 161405480 930857306 704543397
23874193 14921348 677411750 507358174
516988230 184171002 715032152 246880780
2904002 160841 136239837 234419874
779262059 629275312 155564557 554317053
750352823 666159963 314963247 87115567
263712788 167324677 807455364 698778277
988483286 517366633 824732817 803056472
432525586 264086216 241958093 888489515
300081781 260032604 475655563 360817457
621986758 371854719 440087186 101780237
107574445 23247334 682845039 533849726
323510594 111223316 533240832 772606277
634670457 603091982 483555399 429924384
321353250 32262840 947896317 427762004
451617347 182512199 158146034 89612100
995707394 955372881 708310077 718514323
806483933 674409991 675045355 744597729
238472475 115213973 815993217 405481478
639764364 571484520 600711269 275472509
293547248 214685795 424023325 554676417
777312296 763561916 926072366 402216127
36938503 24427204 124288221 828638443
72235562 61292810 331416279 855475488
42957276 8630316 90443193 651252736
542865428 148426826 644693657 345391858
44007573 10347245 750635051 874593885
959878959 773876443 41960063 7524476
433120389 400688425 233958121 126033350
642121740 317080887 978804767 157813656
571273787 55289096 524088370 238735706
647076376 540398559 168859183 18221908
686904911 447080004 857869335 862396208
536730833 466547023 197627059 48796001
492627185 283776696 798314542 421016656
281621003 128922256 998297190 768871900
317904132 80107283 753379765 93242796
614289387 487154854 978107879 68736358
275238342 242364357 726075943 924288611
232851654 50974332 916989460 196351988
161997233 131553845 643737143 311590258
200218695 53016316 971427427 407555057
151103113 111579135 91090759 645408872
441371340 273094054 661966674 345392515
35020667 33840542 251185618 371378292
113334122 80273858 82276156 544210813
595643997 339978351 769397021 273216623
586832937 4078674 710452971 414151297
455862612 30040176 528328523 884606885
141175351 14374194 206226888 712684908
727401427 593485685 440758523 816932812
147558909 50163435 887031616 974028113
872798072 771028217 277722770 235748451
383945640 70303331 589168166 428331002
721130239 375560826 949787748 19088216
30418515 28111685 694085941 110162251
508366695 69500392 985378924 964973168
511968642 425093144 498429900 120340861
331942818 254702799 970813583 652734963
83930473 68556023 205777243 838896240
695287058 613311455 146212436 94180582
179800297 132861627 315424102 876112661
394737285 182412434 846019065 424356258
494877481 222491209 971559999 912724726
119325897 47137250 451050851 224736261
529552875 272930248 805717980 648775217
785743235 593597302 696621966 872471903
44763808 21535530 330352788 722283032
968459577 650276578 403031470 332504414
347264218 42680867 377974560 750613872
931149600 906949860 145544657 436074295
995568391 706665786 702596217 448725516
275758523 215733034 522942155 212717247
988839880 640764179 362622904 672294860
614256677 63253234 908675228 166378553
285129602 55266378 520484939 975976875
679302241 390321322 553439776 110451401
987996309 571421340 494470652 133859308
531960206 70095087 922200336 257003433
10021138 9826585 257369314 749150942
235961152 10213637 899977140 840637982
269426328 187742585 567602138 279537289
232549273 191355823 153692965 969552521
789304971 666801865 122962516 971065246
841303287 634742525 331843679 730604708
426625561 46910255 492966972 300554638
130500461 100546030 357918674 175675171
720446089 558929478 654719199 579764847
123450891 115230387 120612106 24248520
166853828 10899622 960594530 639950923
650684795 383189052 426417798 691401602
315423351 30425041 712915659 884571676
378948055 348270282 776393872 732027545
828044736 487792785 913139128 724894763
706163640 138218065 691742700 77627799
564729903 617333 935517306 290335409
659728738 512822185 854146251 117894572
946850338 786755272 923203318 546670681
983779599 296009134 897537487 752907279
903437229 386558464 800452337 979656802
671356633 221394330 985390258 644107942
684030458 106696889 920434670 19991190
435997622 414000423 768677150 720046412
941712282 340044488 436483563 109374291
248349382 107857961 569716538 150295686
309100766 246895592 786425832 824203952
162184579 40300162 418989895 765856793
525348280 112457932 111715152 212492368
681998523 214106799 800428043 508799073
511589417 459085846 228425994 841246902
870143591 11632053 246399574 593619172
428899533 173066827 600960666 438928477
30227623 7282525 483397778 162759488
718779998 568638576 700190686 20070172
389890210 328345371 230136608 121608057
362510349 358034279 810131525 417117698
197451939 108819316 255975027 199835611
857998253 25954224 472109507 286637561
738758685 673479513 309659608 695418067
907885160 632352942 450426844 705329763
334275825 170168696 839913733 317412380
604995361 517525953 642890055 153280919
535003209 487395542 456781708 782599294
224065098 113840724 991322346 932805220
309936967 235145619 458633519 726941722
169725893 166509342 308182899 357062757
873564498 861646199 748382787 472225307
340751626 201720063 932504483 625694673
109017352 60505081 828159004 385226523
327020344 263221604 665529797 214693242
307137255 198758792 803307253 63991102
997238115 913593207 567016157 531227751
336046344 235146709 714768167 318450923
586764028 292720627 717116275 303047131
362483076 352805389 13192466 192854985
135406771 93937657 86881270 604638768
808634385 152972186 609150235 36441389
327101720 131634472 393166414 772835374
832308128 436998070 778673805 562174820
857933737 580797543 379583902 348231988
192267980 48754139 931417137 241618786
93520687 56345303 440614316 143098279
366666953 153478338 571055444 819774978
932212611 200252408 893512554 452408026
793192583 586121032 447528853 502948526
550262755 546019114 637171849 138666293
447577198 290356722 770858082 765808067
124600657 71568649 139965898 117632684
825645353 102325083 835386949 501476956
922049111 838457504 956785831 314477261
360676851 66296947 854629930 471902916
64257806 3791986 452226571 605676635
303994562 40431387 523424701 999410251
798033322 422038867 943676330 190404989
316575848 23762362 994034097 238537695
534461924 509469682 413634899 437017180
855333138 465678745 928139753 242525870
732321877 48247273 755324611 251252635
702167067 558181270 463666712 824390810
915968414 631169303 467774176 188605151
165000909 62782712 313419257 256578402
140168205 47557408 464893418 605827977
640492805 18503102 476089073 133341378
94668872 48375971 667276791 465671176
436967960 225108342 444811128 325809483
71918182 34798211 799666696 934260480
95301874 14365778 897715363 642537145
602185076 304135990 527909583 211636052
31430149 4409421 715333193 825271061
74529559 30603288 244131569 572131821
558856591 452573476 882981786 194863036
215154393 37847017 341101079 338666614
568576378 342298437 250734761 963030158
774154105 255713043 843865495 494852247
291186212 206350276 724587038 531958082
159593985 142353420 23184464 541527124
950499438 613138303 611924150 908654042
38607054 5759337 261751454 39565783
468287053 456506055 332643546 684215747
743273936 489587456 592414005 780354878
638106921 444723818 923481157 249805262
401506831 262467182 570841432 359526191
643369346 137993690 565005901 897531711
103837673 101113376 192640003 644978632
16660820 14684691 264451416 393142971
738276450 112154851 961666299 903142270
337842457 287406455 441463386 771602351
892295180 702944533 673338994 823895372
987800984 858320230 332349627 770971291
303211673 62278931 544956837 232932956
323060181 127143954 536045811 122724116
833949921 596759761 272406821 744341162
510962657 464721788 995060696 967751083
5679887 3547526 971631160 986484498
360837834 308571816 326498579 408616842
315285299 185152114 192169723 943194931
875122938 737884553 493601282 847860395
20028756 11197364 128691907 232975794
6941201 4266909 415919250 330467952
136794462 58679599 98895187 369387013
335226922 83977616 926042235 446813559
443399570 153944173 528589298 734051169
184633132 139048103 389127503 582756957
837268599 714939797 737783452 776577604
812191304 337730370 780059983 119118078
932832701 65458575 582316803 223390648
928981982 96417927 234939592 22299105
854471989 418755696 776714497 765839734
910568163 751676169 594072772 339509536
947455001 895850630 738586161 299683570
753431187 161846666 719210996 264686826
398000433 260624966 409040723 123920214
446940251 218295245 632523577 614442102
268460363 111642354 873319325 29351072
766061948 682652995 533960441 375271804
61564796 19197120 462165368 183230952
441730433 144454326 652414595 125777639
240485619 46534323 668159398 963905624
62599435 39917975 102781016 291580095
520221863 350625117 470620380 579361192
292749751 202541200 535662627 868512182
216244706 213087557 662473769 488927938
907017374 856914076 550329470 551439760
305203133 151665004 770371344 778714596
591577498 239725735 511721329 25780233
572091727 546696396 29306951 659353508
983043862 513380152 571366140 198229131
390548855 328837277 613758184 793628210
290008772 23249099 895179282 254919347
802634395 408824057 727273384 988864462
679719344 485620625 856964975 726704367
900070582 346367714 826433984 876086254
341813428 336226080 24221460 386660642
473159637 120599364 896122148 4626405
878762974 506157028 507451342 353127297
728039236 656547461 944124539 430617791
83236068 25904298 663299967 975510662
142163977 31467616 421599391 200137
53199115 31922671 963108290 557268005
17046789 15761412 426126640 30407795
637581612 9588414 926459746 463481975
589384690 396371373 885307555 753541962
823694894 81349277 154885695 540588719
360770411 109866294 841345476 829439052
34479478 6275386 792722181 350616067
81370340 688439 685307164 524059690
532242201 271875753 422139259 960031561
629907630 428935877 968641955 577998606
451317322 98511072 696996087 288188197
932820080 637292417 898598955 581726399
380639315 152813144 400174160 2097589
461328558 391499224 192699720 934623631
734197164 598263804 772950056 132941629
455201349 96238524 847993202 1290304
694255550 514125273 851622431 15020942
847172139 549121432 500205696 717420414
98908456 56190853 152054693 75147273
348909981 231746538 590973145 926995317
746769767 584986372 268492958 708399011
323009734 132714426 436526413 95413778
938078113 273377551 895799700 92642168
139967791 103114569 750947150 591366391
889074760 562597978 632656280 429348220
925086078 180333586 748289694 418285252
193278256 122996163 793007113 607542753
63102714 39708435 578932859 481070332
473688515 58782799 728170532 154275385
125491253 21778269 105250826 707059503
662856085 520635191 888244338 878122521
109746764 62218128 441509008 647815543
379402278 40839311 489433744 709054593
316083371 290547294 513922600 338348973
566526269 564119926 976092519 504882732
582638664 458949402 654094112 572535393
240675732 127904316 688632732 975855269
356349988 214469074 608104604 623068798
96806889 60167678 242715825 663789113
570175926 501231772 940295803 217562609
449231880 273745406 268584973 334992490
23335445 14572918 730784306 329479536
926612231 715018971 698948205 430254683
177227405 176905790 820782057 556508235
217494455 117891391 427609825 162560734
82244606 14578590 227380581 336923986
526765969 106901689 689624996 529188077
584132460 85456255 511354606 149441045
363702747 231306951 623316783 663566739
540022832 453184170 260955201 853585386
140026540 37971845 421006199 342994205
399922960 248853163 411685108 692697519
997321309 830936715 701374683 352464861
630274017 43996023 728573063 697512201
163409325 46969282 797231281 555975002
242103662 57184829 197734134 262381145
246607049 154269956 142175773 890666252
167728943 136300140 773491774 996476166
940306558 333009427 571392475 1844256
604026253 470469429 522067760 828355513
577014442 288783836 383686614 106270318
642393829 363800532 437656506 221151326
350666321 323511024 649351143 384428385
847489089 418622926 787491272 571096222
144523217 84088629 152355463 243718194
779689905 656460694 733580419 322554811
872820864 6632646 322235897 398090339
822066660 693591756 78929569 23189084
949602227 67629048 443565079 395250697
12747746 6643186 929333441 754096757
246891125 147825858 532081690 598646084
528207882 453322311 440001662 555933774
260664637 113774593 377032982 998580878
281475795 223346076 417098039 854664711
631500080 580297916 513429454 221758706
416619761 97756835 749243877 868680488
791190529 452586200 182720209 131021105
805548299 546350941 980101831 596167730
203203247 55501664 206654580 586207212
757488928 618282221 795238794 482738782
604805433 294295876 569656140 165611793
978495093 924909514 628778246 649262501
534747623 240832926 985381716 371407481
662494840 54865277 911955159 530793872
478330244 271338825 254521900 802973927
237891315 124644449 559467898 233863408
655969123 505409393 688928587 363583254
314667321 307008537 125361222 713235369
2757816 2338294 140596185 102173818
986836605 919623114 984457186 58545998
781772590 158093631 810686480 846081009
736828649 527657665 731579739 870886883
817717245 756734933 364741603 945210598
32724215 7417513 918806445 908389787
125261992 11856543 599243538 759790299
34336170 93287 627581941 706426950
394184889 316394749 115708418 406322574
176848870 167341376 891526323 595233415
354549908 335295512 986119901 558203123
476986014 314929303 180401295 732390231
315350690 300917975 850674638 51175594
496372739 388856872 471063535 901012653
316036854 301472238 266308584 60025054
35115992 29623868 325201885 995611393
904271991 746723634 836083702 745786702
681584906 453512772 166628895 36678643
468586030 387451030 332583945 908737153
637312475 95953205 42648221 480474674
621119881 548033543 644281053 191025461
191878909 25207542 799792074 698297488
55179079 49065925 80886936 957435173
171481683 34339136 900046962 881043585
83419247 69968117 165251345 451097378
616771090 373246097 775142365 756736832
335234977 295221119 468283836 430655070
485321085 134811540 522907971 309248674
210284852 87161397 283401857 46882652
845108384 559773879 901886079 108396882
21563478 13098947 737017575 525342613
446951959 209796205 662553744 826453821
46081690 26814093 371521997 849052010
484755247 303204088 741585945 396951481
645543360 551703271 288314975 108586246
881708321 435817706 641793405 232880933
29449809 14062850 120573021 468228906
971672497 100264658 913551618 574814278
673649224 605219874 978428278 378448679
968029828 536473192 465714447 58587619
923828128 221742786 130351689 560700420
660309418 370197251 130650007 78254454
676077796 453566757 293672000 117783859
471470130 277800212 539854640 588398533
485229044 193298904 987809682 539564095
95962320 67437468 801116433 906295980
860419326 831560671 852065308 175413482
535339706 396985565 615866685 74370853
677934201 360913296 403116371 628008415
402182553 43230002 595270356 319704496
125057651 50867334 422303678 142517208
746462175 430052167 569492048 670255945
403289474 280938692 911465534 500156804
960621800 784052862 501914476 970665890
438757791 295462295 147685099 113534319
164996850 110466819 225003368 455002696
260697601 45170823 248269907 672515963
759718718 27013242 857709498 552257865
597833651 413795307 247202092 335111804
507394990 43110486 795769552 35995101
272161298 255762768 598730244 366726790
142985954 115933057 44570786 167747769
628228497 125693336 602968314 538501773
481508647 304034341 242219394 802415954
252223163 77432658 855990091 614070597
66360728 43010580 144919395 464705591
319661448 76045140 423031001 980694366
999201169 342381653 444931946 16669381
665684382 632069582 981921928 542313656
737269206 462259565 299376297 907305537
781100955 235059236 352443305 53367970
362214382 247993383 558487858 262028008
106382394 95617279 289879813 392888813
20382660 14400903 995077494 674033408
925053179 535690311 442891589 198742188
74584504 35195232 575370651 133832034
298959810 232319374 394960803 235720039
93146719 43538486 354479028 397367767
844039595 814694265 896631668 482097572
667855293 462920196 883322292 997059819
655417631 598194108 207831630 499770530
785915104 589113052 628937497 46426374
589169053 528566496 575017514 168726430
722652937 702662079 268873316 137226715
875536284 342513437 597428933 925317974
373676140 373248199 83305635 419901770
825196339 790081982 46325930 473325958
696970258 270305793 761691366 464177552
738785961 696403586 949704050 757536343
633925074 104299633 814859947 529700676
221952805 16100828 262735518 291941270
954631166 892314079 535208599 413812680
705968667 191684390 514598075 218790959
191088073 52970559 320301940 528123194
601429828 537091125 27117284 3449313
479560462 141617298 423768867 782428285
665497817 247228233 672024273 319979344
7373090 983022 355681506 457276620
389378693 360323078 625757334 848293087
683299753 245997853 867216119 7769520
634214516 67469453 890280969 279881547
327293987 105276254 576575431 800187939
16144296 451700 47286664 476039565
762096820 106186010 75255405 565553097
629210733 305006825 360232973 424947316
588292095 421721632 575347618 4453851
296350340 96891138 344707449 139831048
857952707 750239525 864027858 822203488
391005859 241120850 454970056 783682890
296788874 65788959 614946587 737248502
861227513 383540029 901875081 640636336
811727249 216587687 695222811 867702975
279376143 15677415 972352905 858373120
74649885 13720792 118818176 511443644
383596646 324050488 678916436 413988042
604401510 341350739 322042575 784943487
680137501 671699172 317155863 62925491
267075754 122224100 764949322 768948548
99727190 34494655 95765854 473061853
397714611 52528938 772834703 374534594
578859439 567927174 533470432 310206551
541923990 270361160 719263517 331935502
60506006 7137775 338839158 146096274
217176403 144785800 280199772 120908240
139643606 99108273 51404473 516572047
269172156 210960616 404390922 662511562
622567565 499462583 292693681 71951113
215036325 169889617 460682401 307720556
481442389 472570203 635255056 372984546
598325727 378605736 384926707 444749510
348273881 90034514 511031422 143829759
657785313 644027993 920415075 978435475
609837683 250919714 686432547 541092758
743475563 58098304 198856209 432646428
218629409 24655474 947042521 791032506
274340581 2147631 816861882 123170827
287271300 205350775 649985945 372744274
784197191 602739236 590239023 424974855
937352476 99069731 362052785 30606294
596142814 438745174 478734450 841027515
619028523 557969800 955482171 981143829
740368190 483750663 717538395 522531188
84302382 3801132 923306378 721260690
655397383 601932108 322366696 765643469
235039851 229589744 714416897 228818029
52141747 28757711 471726116 116525987
553251403 150518122 804835615 502946248
914578274 22496640 289967833 41577697
42468342 29940979 481068469 933082651
894410227 222485887 822090483 709487045
642618564 626670439 434764928 785464864
178277199 25614676 667609807 771639243
309913162 245030596 625543056 587515393
488654870 220827290 733640035 112019789
521908984 252088478 390154500 487877895
695509150 630476267 401343046 897120979
817629191 659103818 778875461 172954748
12746402 3047236 246230059 23282567
461976892 34878215 490096831 400670593
913819942 471137919 504676982 725757929
599070140 468465711 312707856 220355524
598520786 80999630 994321332 763650382
422629347 272356582 626121903 782986180
756689865 586694430 187339865 880798860
12515169 1904082 129385327 470907152
138662277 56363221 738918106 498240067
961209060 391330592 333329081 235397224
924642997 529132727 233206287 72047648
108360577 43353748 358983895 407813481
394397978 318050483 187682643 840751449
736055446 317673820 734509813 257406135
996478195 933660200 482508798 473140854
546016879 288508570 982458274 34971102
348303581 154569333 277724024 555559135
258320759 227928513 373636320 798638053
579252141 494868386 579153461 33157703
622215369 343957512 757894821 945732673
418650032 142939037 432371831 135914825
718026423 271241162 478933480 764657853
112813241 36907320 913016079 48313341
388232950 295709484 354674734 442732116
6331751 754320 142254621 935646716
712793551 67672967 776796725 973090899
54011885 37569679 64116135 179619504
759325614 208126609 751598470 891398374
250853989 24180075 170745328 31989003
429191256 225581314 473428336 360300853
882848748 72473506 819668915 220436196
56538136 53772074 255325504 910157947
234497963 184701414 869595193 116671224
925338315 493955165 714549995 781820173
903340357 598623050 48550451 98420289
236994142 90626256 421901007 213808786
193440755 111264140 318246983 606684378
845532749 542729048 357388194 12745550
164417521 69072074 655909193 642044216
230971097 7942457 231115908 109923990
853940737 752038458 298987323 257786591
782898800 568126862 362975202 447978777
939874436 725052776 266430890 660037902
426059089 260223922 440703558 936711000
794129448 31351938 539999382 198987835
941141215 604802748 405378529 812272341
215373053 124402526 404039671 746159243
14105828 5490699 239961575 206156857
566125110 552612429 77767500 974779996
526950637 402031444 138511162 888218129
682863077 239284449 841091965 178326525
33156264 24773866 443168218 945354111
305869296 148994360 479999790 423120980
440412726 392759200 508362395 355594887
583837096 46563505 416912910 74237160
386846978 17054944 847809663 910037284
119224720 117677889 112536366 441483642
10415235 6378351 10345249 581047799
778249312 147775792 998128148 122120184
248206584 212522586 435907946 145511523
563186071 437596266 437309590 939241093
453060417 13037899 789716812 316682060
325614009 73714591 628205769 327636642
811830881 72100518 875741968 200530496
558999358 230085309 920539077 305434480
256397105 240471600 984873169 123327314
440904487 146095150 723590233 488764838
451173411 373834950 420030276 732597565
248769536 98376695 941986607 440618733
817484246 727166360 874968794 597201654
103680290 18935406 912483265 805270828
810983393 67204335 804330755 106055545
138855846 25123600 433583876 61956969
447852818 236441193 891021668 637355908
696329343 485581727 360351641 68839551
35236498 23774846 740108823 352662447
284550895 62172503 649278018 762292031
626554441 394092114 836833163 780476346
599078957 592150206 581427511 346425515
136051111 125040303 921384475 356066546
347778847 99795719 699695616 158914042
783449290 713459485 323613520 881405773
750800406 408755970 823144222 38163658
32168348 31829128 772098086 49245292
699432246 679822265 377894340 178072693
994215247 820828588 386020286 540446086
520017729 415925645 206886637 207993619
106469733 65197904 733479691 273269794
73692113 44840662 466743627 775041637
680702269 548454239 679502923 143929500
489508056 329984515 709290631 510359398
577517212 418253549 176546489 191200544
784258560 682796287 612447464 14268578
892126910 818069257 86678839 575624425
351080408 316626636 204709833 662432106
283086143 28416348 612124964 184593637
998757341 929194961 980483695 182912912
703569992 591435723 454756326 41520955
969040029 616628643 421819876 948058806
436003768 177480396 679100361 316870184
545886223 163528412 570510907 818816542
156054443 41358828 801470822 595544546
244552860 194060580 612925905 126564593
510049353 17447606 556167770 74327933
855872892 137440271 157562099 421099041
906791321 887141683 960230451 944053765
520340498 435510944 695586418 540546998
496999859 76133471 935339431 215879137
21312011 15040711 373587255 232137049
383035403 291690247 883008327 430169695
722742865 672648359 870919770 372191310
142882208 123018300 32517121 648669258
169849396 8823533 171106329 107549049
550372810 349698696 245025781 977717874
397412579 87260675 917007866 761247452
925875083 842751108 266113796 457875348
925280614 706661157 338996303 77658042
864151860 808675629 469956837 610744300
342601175 171710191 619809218 974005762
202746727 43996183 192017891 795465085
741850344 117015302 923062842 403091180
883202385 615772358 501470803 971667621
918214310 421447574 747175746 565336635
634222336 562785191 497403868 233492855
113015065 86550287 356406366 308480111
364724374 117413876 304578392 611306298
925378316 308111775 920093133 920146527
981530012 878225785 870239548 224525292
148592049 45917617 438656782 883364960
896650109 880816813 844004079 174676898
554895093 489774680 695882508 573417953
716834805 105798511 861004184 798593069
458589324 346746974 739853959 180994141
327951042 157976673 568568770 149964752
895804763 883751378 946086118 341328092
787332272 692198230 523223351 829376417
207285968 108266264 961757316 451978020
820481822 230472723 632057931 961184938
907184874 459158714 877871858 22010219
273066241 201472765 520838707 373333009
874264708 817312185 112753812 516646558
613763120 161192598 691736762 61806473
838627369 753763617 178784023 857598862
507360575 371497939 270541021 942141033
652437974 26861034 451530514 117050236
42275028 10136524 629600776 259748349
301592633 116214410 969658946 602120542
706723643 7869046 876502869 629004909
354497649 193035492 688313587 993975693
415289027 164045166 442538666 862706590
764856337 368931925 939332250 959248463
305844379 290616215 502315101 61247089
67340517 57912429 536334914 826896128
493952290 364228564 746425053 111237879
782584359 63136806 818690184 528655549
274950197 228831990 940086883 617686838
339585863 311766315 791203480 812733582
476477322 15889559 798415160 780011486
157642378 14071679 674364407 133121411
793257878 299974305 871814916 222579841
965867552 575162777 690999533 477923898
609100650 525261134 974825344 750216286
640482728 586952337 81079246 671170758
512323480 495071805 510324975 763056345
691986891 574716528 152509594 10338077
27217313 25930364 966537460 635078058
596265367 364346737 756901310 905277158
912162382 875808291 730842057 4089006
813534208 407148923 961843246 582287202
793299318 708577302 110453248 841943992
714878175 285698369 588282546 886668307
223217933 146978472 63558460 3881523
622436675 29841128 933657903 975093698
251902791 189343274 273775479 651788807
10201686 4019295 389619480 657918790
429453121 98757596 617791257 704710761
410400862 323693572 625201090 465398382
839533345 509600291 544231343 848174665
392016380 43648805 980942824 716024653
456823524 453039467 246890881 785701065
99810044 4590267 996865149 969013260
238151466 143769804 586244391 795146402
454447871 210803439 785401340 833304592
133485720 1934197 583438994 140063891
236524039 21000074 258741938 291826741
800785012 594579697 961708311 985805768
77000487 20535373 527751014 107495040
925456401 407437564 698386357 775214456
54992968 15842274 509636006 512462695
142514706 127937761 513475087 611817851
362191428 141083914 495358033 961214484
708157616 373321535 425516920 844600459
350623924 244052469 207393149 509915225
704629282 28995241 761845140 310158003
314849106 152601811 677382390 947477981
221179382 193679793 812553254 799156001
575169853 418475 996887924 345238063
241807976 29531951 376573529 500181666
101974339 49957110 792173684 920817424
677491306 274020946 544675605 903856639
794862243 709976566 653099689 49019491
606950658 583590710 692790686 177356790
753754836 214759229 635895321 72240789
985054372 497472062 529767425 811130153
391040026 243995771 189793564 369154570
348775200 139957906 871076845 987547440
83084393 37993840 650131085 364929729
851380725 233252234 910562091 929527742
980130516 602897216 735528477 783070318
88980255 42200433 411655646 837413901
152300881 92616778 921209715 928271819
560405411 553472200 882972643 929775564
353993661 114226298 537179768 126315734
488681274 252757581 503174752 334147759
119415399 8907370 328477765 302381148
908246959 613735148 773102535 987713006
352067096 117748358 701966658 734296425
743291050 172632956 892337115 88794762
77893176 18686167 126301209 60703451
170055335 139990004 622887874 453602746
805377657 469652722 900037206 973657866
941483162 314065574 958152426 283905645
377822303 312085041 758962554 442230241
360409018 253820979 132387546 307904019
522430761 15825980 821678325 562368058
984318038 664225081 352935369 929531387
899631955 771967967 180383497 245592728
947502415 586950092 257134701 67425176
84133708 79592297 395206772 785711824
640982732 259241663 783466695 808723399
832186680 471589696 652025227 598778043
725951434 295959905 595232312 327047442
30244649 29857722 5120626 938485828
302725381 204485710 610730864 662455477
693685648 575559918 401049381 993770063
50446206 36091785 656651212 375458803
636313795 129910234 904163537 278944061
69486336 9478810 929563735 282058885
604755984 168847109 927773211 977123333
949780092 475011963 348965496 86013912
221972024 103073094 346115776 872107570
601910316 375958785 979988595 30547805
688703517 293535363 141731966 148134710
211822151 139353090 218454993 894089803
272933039 251247892 243060632 961498301
595527006 451150972 43136338 60056573
872070730 867012597 520052547 606219458
583250283 516061054 848034033 982506712
283154472 103956372 746313153 659226909
720782810 531387564 597615315 361886396
11920549 11568012 718687207 607425178
18427575 4904584 730400623 452495156
525213364 508396572 560037966 546864543
875542491 754424793 958131594 818383542
455106933 431800793 42788629 541021834
117884383 43636043 227816451 767332429
312240324 303435727 186960882 354627700
586901752 22051370 990678179 917613876
325391104 72147525 323443145 848327481
988267061 581366064 774308037 449793543
434405514 411555473 230420154 771650342
219178996 191220519 916196879 339928211
470770282 313467233 968758142 86230401
934901198 338158735 980827528 440194841
638176045 363981437 355531487 65737980
537006554 515287940 684351751 241955731
899037064 280803221 270138492 104316323
290647186 29680033 385619851 922552925
950661384 817877765 160270661 794470060
270161061 125547508 538554648 213681578
161928384 41126161 598383317 537178450
499554931 206149464 861113800 214360552
27743758 19893908 719039720 641315264
95170281 4263558 146390273 468272543
180640442 82001069 994175385 476060013
441450029 416543641 380933454 302456416
385486585 208000660 270182762 64879918
573988288 35447954 883053121 610327532
566305758 125840062 562423411 662874293
832509903 726836984 112152504 500543114
189466674 153244484 279090125 435119601
622124681 510499641 307852875 708997133
235031388 208802536 821491999 405280809
501739676 390476792 317914753 50374553
71336734 52712758 872195208 691918784
394267712 167745466 299553794 816577858
104358006 42647623 511763902 296870643
400842138 164072910 673660137 122128940
946865453 836083216 232863466 942865378
405767418 299784591 848392152 69400519
300413136 47385576 295039021 420653022
442018294 162537125 798161259 912739877
730111431 446915278 901783957 104954423
700290531 73541051 862940809 48463582
635718774 572708600 987877399 642056564
961744912 395067818 973846000 910141423
408776382 119664197 944878014 863353810
856028564 129522588 303005215 14367698
282053458 159658933 543789841 913249541
531897231 301584758 806610143 790633502
707185112 604650852 640660370 568185709
588605702 480220840 761431010 24800734
113699922 26178611 251704566 861333330
257628082 56120157 258179100 148122191
282826564 161219926 402178224 565486029
83282376 75671460 852220364 454377723
310565062 49230348 544530590 727373533
386805182 188798044 340890606 723777018
110119314 1265730 878628520 253010926
464352107 423803679 757412292 347131166
762360013 496518727 329708055 885090657
506082053 178277524 925913574 255897111
126014460 93888732 375429682 201360975
368992036 317741843 682129204 701124688
829185104 692325169 703933036 637462833
627599177 379118371 459950607 374790939
751193481 728079565 810828809 199632777
331005377 121943616 777299710 594566369
114909275 18931895 122288024 712647127
704115320 345440141 595303561 196430070
251749111 14860256 966179272 615435699
923610516 319645811 892780933 632295525
928173869 330741976 742433529 472575257
351800544 332355785 449865277 105669326
129653196 95621479 661330942 611307260
244504950 132809176 368677803 855246937
774777389 677439541 452776162 258651537
727191025 78227992 783688363 283630511
861877883 545963148 470536219 159218770
821930763 746672700 185112783 177198182
644616814 266061297 722423820 201155487
327615632 295842743 513299020 294493868
789116826 420174544 894015400 716750916
377771756 78593462 398860258 380476691
861712738 7714212 252279394 402211775
171235991 105015278 459879138 200091398
107238305 72585011 912417003 961876436
43827576 32505386 536004141 433446212
260782462 205267964 862579296 898434864
199838404 1611451 600195816 952864742
411849347 114685159 675708409 202110245
324855618 228623689 709263724 359966286
85895705 60197425 65752152 663378194
668297021 91079758 835448326 643229957
406677231 38204085 397944232 447863507
800341349 34368828 905216558 580449603
631807420 482029627 732513411 774944284
901534886 417977151 933204354 946965138
406345449 264937912 200960710 563993115
603248473 347262617 872719632 1247050
887786117 341753832 610973939 120901444
451904427 340367320 265282038 323051966
635376628 231614550 592986511 968242398
208433243 55847645 293507023 13869407
750109179 443007213 364782179 852646106
130476050 26716136 622107173 496602085
911529436 105141934 658124120 90003745
705520358 356519027 949044793 798202589
167612353 10417979 198610588 467907803
907803945 357429928 591003444 255456186
995864770 460511366 864903596 956250870
185054905 147474547 945258756 651775513
187073694 119585949 737027329 339156361
757511936 714338412 807073231 837097665
325138058 202995669 807678802 382777917
494762803 376483731 792691622 555255643
752241220 586638228 721046292 59411771
663467856 417338670 975743242 905523149
813580019 801022490 819728132 435807106
289503764 181395522 318573290 158526732
706180642 386328158 470798572 495687524
938248024 90538665 536311119 292097719
564259961 551246213 731059872 85664558
700284295 543829345 564203291 210532716
231521876 147160620 879746746 788353403
372188940 22190499 742733367 365280055
838363415 624455807 489431095 333808226
228306946 72117192 356232899 974898020
710723864 663272485 597031276 696073981
204543037 115073579 718338766 316708444
193747151 71932908 796063678 820724930
597814729 404050509 952907429 123860587
356772859 306764251 732973806 913484761
436719680 261201018 541578114 274796889
35834542 25482131 241711062 223294353
995282137 471713100 737365112 535915996
729504252 548776428 895417882 180508931
123176960 107893935 799265196 616605048
565372662 261579414 344936964 75111179
935707842 834765042 742542489 849445095
326535117 314570645 691183340 897999387
7390556 810648 398961333 769265528
577762761 60836395 787334236 877202940
251130731 246031350 394057338 709814259
266748693 81230642 680338539 580717551
271238634 210243572 464993336 481698226
562468587 499446336 379427182 42283413
383905544 116419323 302784546 801531342
993299374 828935828 221466855 308829365
23870313 20544213 627971715 44933039
427894662 330560081 548448814 449863475
567886891 216706680 378016896 528988157
990175136 685525036 589491113 263468795
387938494 193490561 562223014 684833120
344247337 62295477 947358014 173054877
230883858 216239365 709187094 765824798
715049718 317038522 604974850 419322713
968382630 507671284 200957856 18187743
958515018 927145996 988251911 900064908
364607723 114557490 710087930 148331376
201108503 169581641 623743484 332938258
303631835 66315251 872069493 890694701
541516971 222000566 802942916 548348930
29958238 17450525 330228652 147046574
863131942 685465426 466450745 401159149
636484630 293936768 352945654 432204587
185007041 140397901 683223533 682899118
476362617 191060452 633742832 689293372
687444691 311501900 952825201 586490586
176281640 31227157 682765126 218273691
756788226 34099541 910217431 461255137
861017909 141581708 965639783 900350775
812114177 218372983 680544782 85612038
173079186 28898531 431806566 867086898
922340656 748963892 592143036 113916120
277081239 20693592 968842490 292313596
411869783 262579481 607822925 592590411
789157714 711146613 992574238 686903401
540923862 458396566 358536429 112028225
850573611 418955651 869813240 547248211
402239911 376402441 376913382 359766161
253659311 169404407 198318886 204568290
972842434 963514503 73616976 652414760
885603154 240789062 979198948 748362631
87178380 26916777 84891930 643157047
730825434 308224885 725062156 418079045
336081215 312339980 379220858 547100726
505009307 155904135 978783334 412643946
540112828 265050847 803467984 877081264
476146365 236573183 716762914 841810848
501270559 327237680 911373570 380545102
810933804 716715057 946423581 138283608
166170341 36752442 170737631 78820142
943746046 712321391 343631794 629727132
618361305 228317920 835893113 242700093
220138042 7976159 676167823 597182558
704295100 224939330 210160252 112486975
697117040 677861049 960903004 735053285
524872929 506023077 633701811 560311813
762580132 538788766 979524546 619999905
110344933 74525405 534631899 846654037
280455644 107096407 255916185 918640335
394078824 215586106 753420748 350616349
105422760 45134369 390649212 795967556
169998544 109676811 895218914 61927506
302917372 197436941 803596460 388948970
774575456 26704575 831998885 33393521
163437425 1496630 342231656 67912578
381737447 59522353 678065808 542335030
871222523 262062804 691897623 828808797
779445989 387311471 759717698 597132052
491359258 466714213 312867469 855325963
247154777 101185867 901126867 805994179
94145385 30397292 174147576 676141595
40692872 8239232 722273209 624716734
138352028 122261114 939217874 312220133
724708969 52818935 683795203 749795363
55441805 15484501 212922703 66696587
426106321 395520214 203832278 893597021
831020934 649680753 483481136 129711040
250376179 116175328 973712073 981897640
705721133 302871200 292730955 49516165
559262781 338999510 871394567 297790771
646747339 296688881 353606091 267662005
132446374 112234487 563106865 934788452
632146367 336974363 776632076 724832680
34837060 7070361 779350660 545516563
776768920 401845284 730435331 192530286
476730653 326366104 776126038 599087415
676471001 340745738 605842784 337525019
855752970 682722788 942038827 774847593
391325145 58310086 703293871 914075959
863981535 273329467 973273237 55847449
529628291 290393732 669612983 816240950
74608337 39475668 360913360 915891754
664147717 470168714 206074832 274462214
860888653 540027587 657839165 699471523
218180874 143759778 270988949 775430192
279558890 241790327 168393978 3385132
257767945 111907998 188773675 375120676
837796725 688040342 322855134 595900718
685761107 132763084 974021301 584878394
518963270 162838486 514943098 497242077
