1000 1000000000
659383453 308484521 692234173 707136134
846350529 778165654 187657536 760928164
697108946 564212303 635028090 504634627
688938129 489846031 373192525 596473327
154516708 120601192 728302372 586356512
122422860 69357982 755097873 990927508
511519354 11946556 28976232 130728060
946694539 205751213 783078598 504452622
316986066 192376723 347537722 650068152
821925298 696734859 252383250 943209468
852095040 176722314 895507854 427332170
375215202 109167115 269086502 40665435
883437714 141558936 987845356 950977460
338050554 76796638 351723915 339304900
564144581 214961940 638904380 401152278
782193686 152850160 939555230 640314254
377486663 234829115 146059874 532604881
559314998 553773087 549916168 91866350
846074128 316046445 536001929 585878309
411587521 260974017 639728309 352387812
884346283 453011203 521981405 347565037
833680178 332502395 829852125 703049545
211124076 143560897 305407145 730558930
474414212 340446123 440564063 207715919
346543563 178544512 537659031 81197898
176429747 164300398 826159070 114400194
644867804 93486036 997725446 582858208
72418055 778771 842776287 786588720
715542968 651811024 135518577 542497492
813741465 520526358 726644615 106707048
307470811 273994241 147961966 106922196
193567644 139730180 405572790 646450684
549913891 408209002 445952126 722457250
797637675 514764414 560208832 75955106
365587757 297184274 666610071 466109218
257258161 136440617 419654626 667831789
85106809 71613912 159612702 820596698
708849389 390459486 334272742 544448495
315906535 289328413 321917695 180515108
613290384 237102847 502582195 785191273
583302733 230779836 606678191 33978574
411311059 187357414 370250164 98774540
192774922 117921825 673867743 9755165
168520614 110898265 259946963 381185612
802851905 384792072 630756360 118011386
707216476 147227257 400094008 70402404
342187506 292266612 118860635 155777603
236800395 80200649 671491845 157659868
791946208 731810927 254039600 691819769
70990898 56571365 114940698 895629662
929606671 342694168 660967264 547139397
261236617 157081867 362639434 574092578
976244591 821878565 348434927 107091928
241162171 31005549 678044320 519831855
640290062 289988532 470075825 562943973
944261855 882377110 252791631 100161967
362749758 286053160 675912680 574119750
946506965 698392163 286607844 981182181
363614581 325475236 802842737 763883479
404236297 393893394 895837311 809039226
474149924 107015972 665542625 901702795
668734275 268856006 978083994 321975711
391838479 226232728 824469025 730864215
509336406 154579738 531888948 87003094
342708050 269468239 916989700 711117670
50095275 25343257 138140936 553878967
503119971 411450236 323767496 872375102
860525355 627381539 279317677 170000184
513402532 489512184 444633698 732603750
748875319 458210262 606484474 797940737
368306400 79390067 310434516 816279673
801823503 77718154 397756717 105584518
179050240 20053300 897395420 679522271
490539984 434449843 875853842 968612300
746925290 579796805 753099259 87333921
353128545 298569967 744693472 834834149
657619316 159011940 533703713 496287082
706208898 2983593 957551945 458186693
295348709 263218205 604759198 572557462
214237408 138601596 580139379 408808000
599726674 555732927 423168949 310422484
21231632 8721656 118803553 836601742
127461443 64636699 104952581 436757886
856136549 197960217 489555335 49320099
411882231 99901716 459177996 989328346
550456306 258611362 337495816 169635378
207880701 86383921 986010407 3387155
175217974 148858027 254213714 541364052
845799885 745411960 996736013 413021189
204794823 74114702 783107195 759378220
165713303 159199770 829829527 928332284
433383618 242803630 278244571 902828566
910070341 142424931 848213165 292895734
774967657 462285821 887032763 209772588
963840042 522557011 976833873 404635837
878729063 630357930 839789305 626948580
428883988 39763438 644085145 641660813
478241748 372492825 931370293 740466028
715866766 161160793 693013399 945210207
183172345 179140252 688289452 218938357
890472501 265586447 661419982 718661891
350706533 57390594 345583129 564326810
687631939 651422380 833408922 398477269
294212739 14728193 949348332 377246129
931152378 75990102 969625687 416734407
802416712 389627867 580230699 522664934
182442878 70512459 398414430 956556690
588638437 469289948 886498675 916894564
220209895 217511649 431513310 19839693
30284598 11752954 297338860 207874799
656591656 381914228 322737668 716967423
539610409 336870533 971176871 313774579
140283638 44922478 692981234 191851324
992906471 873474074 862754948 943864763
58575184 56612768 878563093 941991642
429750200 259740978 764649703 634041883
735447286 223260813 622440154 726007935
672912172 540415347 414146593 351069843
764487527 430748670 363984411 94200812
791052838 156957784 751981445 800199609
768136747 340761912 528635636 333239825
98193117 21584848 646900844 95060967
557352790 551907302 351038863 582231462
984120758 932144710 198828984 573879920
825377687 495316550 403465560 331658045
413645638 262005695 994018665 245991204
297219771 265284452 959603730 866065074
983019640 562491073 487963667 266278143
231015745 117779771 804209724 243106796
800848479 643209935 479090050 691807452
141637976 124186407 816436374 317824878
606482965 437624078 354645826 585483836
810766800 298488495 949301113 140858423
506180065 452839776 837534966 613163848
928669730 758764384 313443598 461556908
377326541 103639831 907322991 221659284
11813083 10227471 139119839 946429239
134385318 106724268 844618786 965606552
819746476 539193784 888369848 337041684
285201820 57325794 546202923 921395046
858596405 858446115 468274727 454798508
105231935 2597831 980407970 136014690
340900328 262846353 787915225 92532155
815048441 559744052 610359444 873065405
130001817 112391823 761412353 993836352
480217851 185732016 525274001 594717371
271790033 161598945 616123108 191816695
965720705 891800541 976035893 603944609
978494676 836057436 930228994 618516521
824881375 385779845 690116049 860505021
173115308 42730909 658639824 50465929
585219924 431509237 302477569 845891931
382356479 374002801 330918516 497207624
740329917 18587625 238397898 330878658
414245900 105316495 577233405 49453305
463891401 253869132 795289384 435126969
434233536 323394313 971330868 889410713
664558613 497188908 828449428 937720229
112045791 51862018 219557405 183930306
703512770 224207929 778193093 432333012
28278090 17025376 150143110 101933270
426595494 357579422 422848702 549342533
619294936 312209318 503473686 989327362
599056123 534829229 815313538 850926267
303173271 118458268 537399952 804175133
419052276 159999388 347659082 29917944
672839025 553752522 131790595 355327829
783291445 760433003 242719323 769333838
962630711 287705864 801640565 263046711
956597487 835580211 707747224 431744962
572459808 478681767 909646089 707618508
527314282 418430731 535365567 479194037
358197809 10827329 357389606 291184221
442515094 386185307 85240681 689974436
358562009 263747060 186135471 443973139
245427482 149106078 160608963 94207379
898655637 676212899 932903348 624793693
642380850 117582155 156712304 279356368
373607178 141428979 786859206 103550021
58472875 46435817 483257430 154570162
983253736 905867998 115080049 735133140
26293925 11939051 408216268 8457587
562539302 35927537 738393868 675063819
275961564 246163701 291990735 417756225
358267328 61114982 348031987 755395489
644033460 397210832 446517320 221212797
303470675 264032846 865056452 462428427
295045269 163036172 364811386 846082324
59084521 16527225 144515277 756169204
373216738 350105288 834489358 477391895
280806573 213268418 566807969 150213267
546947024 368592868 279404395 944818860
257226610 150460473 263740307 899065638
373791807 53535106 455359548 471967525
585856349 239961267 953024208 651213682
239088712 227613407 652646992 303638303
38775414 15091589 715268716 884694360
165368734 49650505 637715377 253529921
129815084 97691268 211170788 107693659
41508112 41477292 911763734 645191401
663234795 256154203 700372540 173355753
674063623 639480699 414589424 762603513
115685400 79190904 419078421 759274787
671579424 666546719 659801367 906365642
626119350 561870318 894830880 521990542
415255268 191682814 370509444 376547141
224142876 223050863 318958860 147272539
731404640 157314782 826236516 132984075
30150015 3726445 569081084 695888528
982499016 968023610 919408716 892079691
861137380 64293604 987510975 131541807
982079494 508660925 537788324 544324154
286511718 254048495 582708063 725719287
322690281 6714454 486716744 204188635
507560867 134740023 496046478 147064147
562906108 149700525 423867452 861391064
761271562 362764080 728874004 479130861
978981026 121396858 890408751 342171113
637915888 464699400 455214657 223301877
103787110 58736140 836041885 480307082
840400211 288598318 923213353 446292874
515679464 231974675 323487337 797337615
436130262 401547213 564454828 310815385
91866543 67803768 393906158 235501577
488251802 429791315 516348605 95985718
736227568 141529018 674972315 408531451
715751265 260911170 517064531 401915149
99741104 83975236 855676582 283495548
786594781 390274991 785024749 303833427
821818051 84063647 821363335 444636413
141711352 124624010 537204869 490469575
785386577 780518531 612771762 891023479
596532264 18879199 622336725 88184929
753673273 636133823 723324967 589591022
956968647 109850598 234507870 158117185
906619394 716446389 843513542 913953788
413815601 265567462 209260325 229899703
715835242 78727117 807437912 169740209
979770510 846840415 542301795 174116580
204487468 21983366 245136226 265896210
742638872 427873324 768727506 666346545
467670626 202424627 617030182 830487625
633905514 529196983 383776025 98361468
429076269 76709221 811736859 158884799
787476670 698454434 558684007 638625524
999766183 795831905 715132643 653835221
93261795 20958915 986343841 526112027
982088578 392248295 837795714 144476922
39816916 7973857 118929299 993639788
960532208 423221827 817498571 394785575
801367882 589318512 908469108 327954549
795669751 231699450 619029297 400800199
779970709 668318391 972090630 157325873
979131350 581299915 840779370 877394708
177732168 59272015 592862727 584076428
485483851 42702733 715014914 933810576
22065462 18401298 820026553 503722697
466663837 142512399 883766919 54604455
510319890 475767861 349867749 56677534
981551134 784792012 756951962 713444706
300367071 31069453 742875051 777125546
343660227 321651048 56299142 691868187
292327185 235572262 925449360 360301633
798459258 457843370 628066144 821140843
197147722 59058443 454559055 830823611
657066439 264875647 441180322 551833916
248341663 173652163 701710986 624366497
297115498 90576296 404960308 517228910
586952653 128849504 978126582 958401141
384911270 106584874 895431885 740557910
193305092 55938273 876128445 719060326
509937086 299581650 219919053 384304092
477132573 314032423 988838001 32505315
707013499 626103523 967800394 657934005
46061556 37820330 75189697 344110146
789459193 2632166 43463653 713570879
720744539 367216922 158521599 59709049
171831480 163299779 515911607 749039927
455737314 89113254 611850061 121993133
591239018 460230603 219988101 815437412
539877726 323488824 544884854 468114919
467855203 444594781 858815944 643724392
987923673 337156334 184866751 336202954
712579206 594052993 500396276 54473260
277463706 114410120 725343908 559707130
345167397 283137059 72599846 972013862
341528175 98449534 277912195 575603924
168133671 135148016 780065779 787664871
245958307 61472261 401467446 304412694
816670219 665808153 406880828 105400678
924428817 808009806 549191292 245381822
634815519 128154870 608585370 439810284
431431237 420142659 503579256 771049870
78833381 31001116 535580378 748640942
687822202 277163934 543876265 728153898
663969490 350170071 476725112 123256816
916735338 463481848 656089939 979464781
974342382 859096209 416103988 515461666
762254362 728790871 297325701 787694614
248685755 56438611 808324198 972612733
425368015 345433598 759347508 525400099
703395550 246237000 967574479 247519486
674016857 636314204 110581536 681295197
869573350 523126589 903615070 48612296
160077330 146062421 358530977 61733487
724670616 641790332 461842631 632878064
38381590 8615508 699769097 908542146
716318669 609007525 701305503 180336082
100654224 100138815 14823246 733440964
113894061 48421347 807762351 209190600
664040214 541646260 126660253 118771664
24737481 5321411 554476355 641713781
800011447 777933495 489008842 286115910
616772296 352365891 360234501 953152523
858929672 409949200 990397492 809512360
794765972 541237132 996996333 183116796
172983076 19828897 403204607 805178533
804897412 443691934 399068226 530848687
14075283 10716501 508590174 80711185
322249743 223258780 863008552 719982300
565712273 508151364 805245883 750877661
312621590 302410170 454521039 994100426
987935719 363759800 827585091 974041225
848233865 731602535 881573745 460431761
924719975 765988241 755871981 415015004
344226418 28120406 642578698 638831250
344046187 335504744 325943846 304116788
804296150 427555896 899661897 615308051
700154988 329948360 821035326 12983091
493161513 80450783 645819553 584392381
300241288 101444209 803086000 417444390
972926648 579119017 873772006 458032512
140014118 106186577 858437547 2953391
845911938 73943 283396326 22160542
707641866 247592437 646508503 633825170
599991880 550476143 122793467 245053695
323814511 250970632 159083346 3663105
117769798 1696613 263483894 840266891
767775640 531219176 843204345 891407241
909935252 19285842 121335560 146864688
642121317 479295322 524325011 871078942
613234110 426349186 434921589 389855129
991961057 791881669 391280936 236640777
675506020 630094790 900032099 584284497
408693066 150165730 855423229 809000384
586315212 231867387 407744244 350489893
555575611 213755335 659238245 71600602
906763595 461555288 630471789 410065709
897873022 510346835 923266379 189197433
120294206 30559982 688330015 102859664
929420864 368674116 96538690 412252108
295162976 263969173 296873444 736124587
391183998 77164962 872208152 293947229
920633569 232655326 779500950 986888718
894503326 720467370 930828681 502658311
726715460 294619018 167636264 229003824
778730145 767605777 962617716 19265501
692704453 436133068 258887368 271995132
841179612 458118958 953562231 860268188
137230573 128099659 161503677 659915099
899474790 513174009 434129064 407612877
81125519 72329367 211834214 983615671
468918371 153892410 992230491 551107292
324666841 80029730 259933438 775417117
589671980 90004344 904294461 396238775
913891026 797433958 977670966 973239658
595698628 525531265 683541424 409160000
52646733 14941073 670574519 252572176
948158911 853084561 648138158 509958137
498250780 450042235 551392852 861173450
456959142 141922574 120269046 165036490
297660859 190819087 608780488 952138537
311700889 290286456 887601126 759231079
271226184 55927427 871289205 795206982
715136065 30910842 888719517 363160965
650048684 363784515 314061588 365108929
798520603 504731749 613039400 572090841
276406834 265286884 760134038 269757014
718012681 370673938 966285334 472754510
852357991 110413625 307606454 388202754
597865549 229566150 769875745 13812345
628381546 582246776 183508262 58776388
66789430 46595587 228257760 259169078
17816393 14389932 461562837 100027136
331220535 166857115 763528696 959787996
369659889 214189881 574611546 937011227
629752490 532043066 332777891 137605734
801155767 562678588 267568992 174321319
386068562 339569531 263411657 332463257
7856598 5042215 389165219 710567824
704375160 504636903 389981306 232409752
518778200 338947954 191916022 789313925
973655066 7601872 274997155 621853404
646469528 139221464 812239884 607429013
251633835 224944798 171806691 646477688
582041350 455105247 338617864 726269777
201271751 83594527 206359701 219341592
461289999 213077399 311068354 279484992
625838430 525101426 317229054 9335428
620346360 150254719 697435212 150501940
964908950 931905166 817117681 922228030
520543691 372757308 546446883 19484007
583633494 275316262 908917703 168128729
162569804 64463259 606008456 237965241
243434853 69742797 548415460 762832179
17897535 17722537 273731525 252933796
255091482 54358383 987820890 51922803
210801573 176878716 965251641 9848182
485055083 176542674 913335681 544948913
773939147 514562763 902535712 83465196
817227251 288775863 828031078 343981427
160159403 153717468 892052622 94915110
461312786 77256752 499757139 660600080
279991202 276514289 363403105 86380939
817974690 565884864 973266031 169077402
692268707 463059654 275337396 155421717
666717090 87475957 608049641 735153875
942573711 851180400 346717262 415703492
90338036 46086569 263712507 741181721
722996986 619138797 610790727 780783921
837885037 449005576 458839503 276872417
957578957 552414326 167310556 196021402
479399384 174383571 881186716 696944435
249828160 90464875 448597023 239673161
245516182 15058895 812565906 830086158
423819262 78006650 896155095 3790471
146644376 21579790 843331108 89389346
782894258 180476882 897108623 841801416
937935044 405649135 618307795 750280888
310129271 228120120 636697188 862618189
653098576 307908841 840558664 55038032
937794353 214969469 206526445 390611937
516178719 498982222 415273078 529331745
717643758 280967671 932433402 602130240
266256769 81220160 950013398 274319687
683817421 656883490 60385085 434466044
355424853 139315248 634345318 652285156
389437698 267641395 301731620 671966983
121711431 81215352 44948627 249341521
405943660 281099027 664322242 637611975
461896370 111154582 630740704 969295239
357555610 182584021 653502292 923870567
167470626 140586869 504439353 812306920
653997090 604043956 54041341 574382625
397759827 294548064 551042409 837522306
548917941 29042037 723281309 636340944
634614314 562705341 995682582 481144709
121325686 84497638 644786479 631565730
235382335 190230329 805238762 215341739
266345776 90255764 446623389 456324417
41578360 18986344 896453005 278107014
478166906 353979251 440041710 150368613
100629418 3627041 615375191 805774597
372853980 288757272 343026897 879950733
783797699 138675874 891482963 782927523
143398753 5149894 982713902 240955849
877802665 255390253 851274706 591473217
314686732 6064993 500640947 50014788
575781978 296266749 865399873 213033644
853655549 498036501 417474002 766074658
198163003 162363060 54835817 487922270
547540481 491587923 665737563 43301937
221562063 70028077 831853743 772926670
682201690 399945437 990079655 978522766
85054027 61698154 32743095 422756709
705150622 134608585 968825798 708854411
737255833 615236868 492703452 88488786
824159158 760817440 664882504 529084809
157269907 126097794 611213634 145582920
164543299 90278583 591300634 740540218
341313836 66726295 857422626 761758124
270614919 152947708 399490233 512382427
602507220 442730320 787303129 425659673
477956855 412817310 844452760 252910376
362295128 350223181 741658191 9425964
982280589 805879550 711986724 49349708
97224268 13331908 930760119 220640006
278169610 249236176 64141716 992752465
483860918 31943640 981218408 271458954
406979455 211805264 535870813 271874543
172046920 41879672 693271189 200546178
233406915 134861988 768675038 409849313
174201190 52856804 706407574 305703324
953903618 105423925 119764946 295455250
309548890 197086451 612509570 635131008
343401408 94432751 304809528 912768401
206175209 196127428 272427993 20219170
129520013 56080630 795313928 408425442
131002062 40782401 716085615 487478966
190112502 48497000 880308254 729660915
166288054 28439092 344878724 862445926
423021332 96921880 446839097 658161389
178126268 84641917 629793234 840596902
473286345 311675719 532500477 852444057
97724826 31723722 427491497 210583420
495745293 296430810 870487268 360295883
192549703 87577602 458975513 35471667
850111599 589298770 359339308 912935700
487665111 436146899 98684587 142563327
978718915 902552043 156118351 952197888
789342444 781527143 861943081 540183243
832732574 200265084 741180253 910392841
999988620 938765860 97523518 776156750
680234961 459742092 941379192 449247562
67926875 7960804 243565757 368025563
376930156 319028656 541160284 458419539
206394987 35426017 706511262 450575269
370704609 204979180 354763127 718536375
802099997 187674180 813731510 138319440
768252333 475950435 954427366 832108248
537593435 416890123 756242854 581865619
466597444 320204919 457179564 474737058
940490771 893128051 748217030 717647802
459169657 31340236 645529645 770019648
673040263 319197098 524636537 341601398
427596542 305776783 908474645 792296390
462218122 434383581 594519470 55150060
32537523 5984192 702988830 516535727
869887435 406543026 835848465 720166570
261216457 142680644 906984265 262981271
172177604 170146934 281394804 676855408
57980565 11581143 448893992 484182235
148544513 35724825 368067112 52452626
473553166 113941306 764257292 406619428
261507310 109503298 616542439 839438036
349727331 12572923 997757380 582875575
655158841 462523034 613484024 925804453
927292884 695777985 666262053 279868885
981969660 788448564 553368297 632649820
513817590 141996610 973611063 434118247
178963967 73844498 864686765 730486644
99392721 51605933 367404846 655013170
780637957 617528123 854118172 780634082
376050148 318155119 699113973 604143809
443918439 25769455 594176253 198138969
539083412 320963499 917518833 735017154
207744105 124662839 388390169 738810146
324933181 250393245 197442443 878467898
249855405 105282592 766084190 219528083
822133759 435586278 608062073 2732956
355500995 68213579 576957691 602484656
823354929 399269823 846779364 646107924
406282288 210651215 548926312 702282051
347310801 18737004 700326183 723208117
121637596 77367473 273512037 278652093
850340721 123862916 916885080 622254424
436765172 429180019 91084080 749472288
209952630 117228000 133514130 775215821
470904635 95478279 642430795 453665313
369449079 38735527 750185535 845849054
850796272 686993286 987306099 270807150
349651512 251398685 380030462 981261154
269822313 73527972 204099509 651850691
376596350 367081252 442235139 624486489
457299705 347586268 151073378 204525118
433440467 252873912 479510511 385045519
591921470 240710945 692374514 609306012
715768292 273104818 595328809 136170601
711237060 145647923 853293883 298323114
719586312 614137823 645842474 520967005
108371160 53415745 283785350 996291087
681889742 647795677 92226153 443664127
306190588 142552243 312156180 990483699
557995501 512330032 470690323 196652141
727573629 462802278 678970341 866605755
353330659 89105213 917669040 693971079
833652618 701886287 487703487 348610742
199240655 58804378 827551079 99999936
408138073 241000744 674056068 470530423
670253987 229952042 492408895 340321644
248665310 45400840 808568787 131911150
124883494 37951262 890681093 664662518
491640245 449335340 368566778 415580197
399306834 163311069 365791363 311096868
489594842 94059143 824409421 164796514
319500178 214312556 686960449 559899761
46252507 2000049 115374619 265703772
520394000 375273881 948299750 245075727
395249364 255023276 228948319 776712642
951527192 331823881 953862704 192991052
448474557 261365040 318300667 557075593
801087799 668367229 568292714 965120718
855319818 602230614 661883184 512874584
929651656 445651442 912805528 84210172
138790908 1336223 655210962 584194516
234639342 234482095 843278821 485002669
290681565 90552557 311892606 605856597
153329000 134868496 339047104 43738339
924958033 618640476 650964443 730117013
319135360 290460173 529484767 219654050
254649788 4850923 446608704 935826508
837504645 401117679 522584349 367281732
375058212 35289037 927814534 772005694
259208712 30931820 707395651 642040517
749301961 492593154 800177264 445070724
650468286 226612054 590477255 970556687
587937230 444775879 444012342 699840049
558415051 113927083 668125480 411804386
923426749 118780222 936591803 99667141
849102536 682108413 405182023 740598700
806293798 801184231 918138773 754526946
460645673 432412986 524751857 585166523
645131059 545819106 272610827 72352193
699554803 516951812 292166776 662082621
558944368 303274262 334069243 883087518
951418197 620038357 968935827 451171423
464769266 20586014 750379873 528655774
208069268 53399564 734063358 721594700
724249138 64060620 185580085 468186627
181522219 157869316 154768470 10700358
963004549 563773220 936934697 136678583
338023449 197021199 224910161 775043968
873415079 488722339 808576206 560015698
107932796 39090619 940021311 919780996
565026834 302016011 434840304 397233010
54654923 50661813 642709019 837875919
861953751 752355059 132400499 431561455
177266840 102366313 562688073 336350324
555978848 551874937 131029991 991126965
526755148 58369485 188790969 197931055
558533328 518315621 680917728 276353165
948797694 910820283 506190969 484570771
648556407 579373945 896594127 326846392
393068083 196330565 765837758 950599319
740584958 534160729 731794689 922997240
242049939 208309393 709389088 672888902
406025898 238099346 769429076 323601584
726432425 697123460 916783872 130141735
75654184 457660 259518800 760437330
601017839 385463434 295073410 432906337
442255806 379763367 491956788 931133763
335698140 281315510 490836898 380005093
799837098 682678476 465502260 873497209
58108477 1518253 205964258 452792325
837584248 638292230 424774472 855645583
799822123 221778238 958959382 873434342
942415745 680321600 670535339 894400944
583288815 441157209 240772629 988392986
539007006 435378564 320149328 484353955
349700006 277738290 720308743 380701153
396798410 280622877 693536344 940533111
891176455 5524044 673675447 202985898
597680639 239276880 532439612 428992256
598459688 531662748 858365023 389541277
689182636 420712765 626836613 40574255
793705645 279628760 843852109 446445692
249176475 201139400 802310173 224584100
739512549 137848556 676399982 189473417
104212891 25765108 97441874 651852418
426525184 164158335 360894471 736911
892555036 812943190 991799299 339657519
602137638 308843685 881175960 196503762
731227771 600528082 635246174 250711718
774868764 653204709 810961145 570470290
618559820 458123179 635925908 247272880
630062431 456067314 482706457 377000020
837709965 799606815 570397948 875690514
642338773 387444039 431756622 301623633
283567605 198545964 397742934 618206604
247120147 205979571 804571231 484117633
299291758 240448111 862601549 153991457
497731289 407838584 671309007 472412458
833862476 25352158 938612655 86296380
251548806 224102 924293602 363474535
178003833 171540237 439254982 185171223
546145996 347663987 788395274 891087115
681927898 627687607 233620619 29388348
333253518 116584072 987068179 465384681
834633141 711959604 893732834 652532624
36716166 13866418 358980408 722093865
354600420 18407435 340728764 381924652
290552887 213254242 823924621 22920884
587422109 447935049 909982711 884861288
602754524 134125689 206198316 135881748
951844475 631355194 441166130 258269474
234978061 187909823 875023919 274015962
692733179 590438036 671933164 849514286
814594577 220055177 924747196 949055483
465542786 228117411 368621158 527895326
562930527 509789300 123206455 281419951
481910648 452905410 565630225 735710594
161157540 113290143 934494394 854297617
159566185 114754183 467710864 23034254
845279755 539534021 993199600 526706826
867671400 440016743 696291615 251052741
560831630 275902156 773191885 205996405
310498201 23855749 821831703 328436913
183401572 95155960 549459498 160586535
338331651 111543631 754925147 595073980
366624791 302089406 310605645 665938606
784361058 643545184 481404576 175547290
945190643 853676804 854425818 656430592
716498866 620520783 137737982 74571854
752041675 181644750 770963655 397364998
958752085 527953709 961142995 322722311
919969995 92571292 573227492 199779287
108352352 62178454 580871611 927341610
908467381 625738125 793534981 829163019
744459148 33472013 834294612 179081642
156064201 144981919 217504884 518817803
918571893 769863326 907503564 305441321
589175674 347484981 476148503 215127442
759800371 298396707 893939532 29904632
31801094 5032984 964119570 455285042
803708991 527359177 490310544 601748463
477762600 72031303 755070009 328939663
102003240 73210820 33850344 74205707
809093917 266989104 604788704 680816243
783477691 627975311 160884388 772687931
309277476 246217342 945636297 824973607
629315817 92144009 705778002 251369111
736417105 502174496 932788033 34087171
752533176 310233974 592873240 563279644
742001483 385593397 506290894 575189856
614431537 195559378 758528408 180737979
222801210 44579253 744325599 348244066
462653162 332290027 392649061 634060992
500043868 468982451 742302204 317355365
91861865 74013635 562396292 174434765
862115594 182640057 338616012 16512024
459804825 137039283 592375905 32764831
949531985 752377543 823180758 54227835
947382915 913355773 907502510 914470829
567628201 252054949 839179828 176477827
525428945 282273679 605050782 294132031
838625749 785695922 770038196 975479033
624009863 236807577 789712496 696504686
613913526 269651679 455583112 517454907
601656644 44637268 796768357 861835873
622801133 404967474 778526853 254528773
575660256 557520384 502333500 901712058
348708101 190348417 356826073 184859113
661327014 305789014 728582125 525048198
761399197 590097917 586381909 738564334
375337945 374114154 471877509 685563739
337330537 79727744 455218962 357217796
245555075 199047575 231403428 608699470
783604255 489736015 547668001 412377001
168531307 166995751 323923959 562939528
742964080 486776967 417273198 150021849
100483786 55419401 804301741 145009677
339081808 300869601 383762804 594858380
509744422 182172901 379586807 506779392
357921667 147825974 225980972 77837186
21134955 5865502 833197428 977171081
328924708 160022654 654127466 662395146
366042135 248151476 370639157 139724163
922591739 484087465 217222936 36144571
592913885 189166084 754900237 6700281
304474360 255308558 667489865 637608336
759192351 515214325 667414285 515413852
765055308 272601287 860247142 161485282
171139398 67830238 475726966 620657356
710815269 459071104 860192804 1217106
160854397 41403729 778811571 450085073
899327705 825571640 359681380 948231877
317524076 99108758 577169930 711838046
294302740 103437518 820219011 311397615
255113990 154167925 389868167 851433022
96694800 78846722 612344793 296936942
832977340 344986966 903944249 972989522
668118485 319204805 786087754 906546816
937006782 757675895 973071428 836051306
890434906 590731012 385174361 66988163
833949309 725768811 287584330 378080799
8971578 309769 168301137 939648104
215684711 193394894 926147674 579024827
755766165 35801999 240111018 345128502
140452964 91350358 627460812 505818713
594675001 427304502 781356171 397892988
416957798 178252428 749485188 896774676
901454491 524045449 702200172 176874016
661431484 648674130 112479430 810732482
652516867 433434896 686212249 838053329
237662626 180391282 864784978 546449986
841259639 729145743 656915434 649055926
750912148 520054647 760665445 170049016
927092409 247136495 886458609 933738825
679265278 391424760 853905675 218058595
79310928 23760209 937866688 50536283
18814014 5621327 931619951 706894485
952124628 748844118 980648872 563514826
402464042 187748073 356492108 34039126
263814706 259747904 743080096 742059975
605985964 549527190 70103795 761331016
583843629 231757235 868313805 592943668
169850637 42893631 485364867 235737866
475730905 60903030 763122022 716925388
139461328 137383552 911835977 19850757
9823864 6421683 392016745 353078895
917454486 202500842 839159314 526762683
339984034 274142078 350045919 492755567
267948937 173125313 846146578 467160437
446221717 236585436 218530595 263006155
9248496 4075635 378728603 769648593
310437803 224278225 16757028 54498079
180724639 120586457 753158894 132219602
362697021 260366141 889712133 29153948
520279868 393472384 217977130 181160187
710613561 695247949 56054193 418784692
292995426 237500816 918229494 173220794
279346922 97135282 853433530 256289228
682841133 44997478 827071965 814761926
929507720 828488624 490759839 106023250
801470496 376892819 753164274 307871051
248005501 34389806 835673416 599874561
925620915 748097153 508107452 588069262
405157953 70250 720614218 33285938
894987613 643190293 915691678 912702786
489675236 450976125 166130202 336908750
560136348 402690289 182443898 493803920
540182438 155914781 920103443 620199974
676061453 134958994 829742906 147149029
667355902 398795070 281124333 236888411
410846902 353952497 628383572 885424121
502486370 310419058 381363531 933482501
80574920 49530384 922372956 70357027
676033658 621795122 342274058 313752055
270527447 40235770 551827285 836242223
447675191 84903733 501135778 422836794
848528569 803383592 854512751 851831264
241937481 195465554 714026195 390967427
906490043 864236881 103587836 312515272
762877813 332533850 583790334 42173897
207358624 39343149 696390409 363854815
446114258 135646215 412726869 2560361
35971330 4152199 112142188 951909918
438117357 179507560 752374236 859609430
576830618 385689255 622356809 330180380
247931496 21918258 493158802 945928733
676446184 410946815 891655501 632132286
306204802 256122021 486270051 44599426
162886653 57190202 130459951 203881358
427116397 144413195 860216599 923028121
531139312 349815223 544773799 952795303
472031195 414449237 332564322 540978544
602044929 317953784 335472879 705765409
684712340 235919332 791351496 924701477
612447860 206428403 983499025 839943992
327797101 322986538 858233934 418105788
835524781 530864117 906978681 354558011
820458716 597581496 858418177 859978665
578838384 150207542 690873411 679864053
11494970 9297310 374370169 154770133
332804674 296906901 143419298 216842420
306131034 219392002 992958912 704927216
289202116 45750667 473483895 807228400
176402244 111949762 749434352 706946738
48750659 16273658 629997534 452453265
887201638 91651802 536037419 163149756
35401116 12627162 930446568 644352309
103224926 60063261 414893616 169668920
753569674 40674272 241376109 103226111
888293477 347420234 905059909 470322183
467611231 233450799 933263399 455107849
589412922 428641146 533396321 117903627
744500046 547603645 209680519 747789137
879012086 150598535 865759013 57182686
150372739 33920643 405544971 708913833
375211054 126757675 477691638 875701087
773322728 171213108 828388782 848578080
758522339 730961961 636079658 326884943
417043919 62994040 440636851 951135792
471675414 118768051 374937219 174086296
630526291 124751972 613416290 147717721
749797152 745429727 504637396 842540720
82759470 27763141 183878671 751272570
391180253 152364867 973624471 595919106
719750835 70649391 737764142 534381122
974752058 807339977 702946331 945101175
618675963 81165991 905173999 290649545
14855467 13872418 362335611 989729663
143136506 31884385 934013909 726836409
382322905 251318389 228647006 420558095
207812603 180288703 686429913 822037875
798381988 680367764 932234291 196788817
27525193 20589428 217793615 815835089
325405827 220955434 892203041 535412862
353694420 63432636 454924993 818142698
886529066 772349726 687799042 155265436
427515745 67966648 505354174 460446733
422111085 3218345 561911605 542044850
716004230 636777391 954221885 445819622
834980565 422033784 504623023 47964788
603933552 308891520 306952331 225839829
510444167 348036012 257914129 200166
878018948 372144472 624476546 148533874
346393946 304718576 874269522 588838491
31669957 7100654 382179591 304160709
568767000 564225928 167930768 175114299
990263811 682658179 774107530 516714530
981351761 760596113 672152313 435921060
461460056 408964034 135992118 132568405
16487257 2567056 517559801 498307995
322385626 108034169 533635737 717755448
719024256 501554227 484307636 290562887
478397725 437263523 336108260 822643199
60801338 48519757 168097571 61618132
490662606 360642931 266211351 241922244
492822739 368899908 344943571 656555736
347012795 102838901 608665488 774094006
849311630 430795938 659475455 526078071
575939519 374037243 686248868 515593102
542330305 486651641 137856826 834496353
851424854 382522877 636214595 725794025
216736935 169617740 990015334 770370005
753147691 488312302 814553098 317389347
916813451 823883616 966761665 19655793
74933336 37989429 695910871 888491144
728043688 590126677 411619076 29677655
272750908 215250580 389246144 749848020
920650157 849674980 254368638 787642884
299034421 37191228 86652307 38218655
673530262 301787770 555522437 284143985
349671018 183466736 399840019 395611553
407401297 259014455 423279655 235196655
79110007 56558042 386381335 263880995
55025321 47045354 42844014 466589722
494996812 428657013 706233099 869597921
352890323 347665673 696398879 113424373
968569167 226499367 466186762 122842986
87729034 77980502 406192678 801883362
139091711 122951885 680556516 935092583
814233378 98096579 752743700 37086824
143725240 35255782 663616653 539272295
89723883 56781043 889953944 550842413
397693605 325030177 917934645 60575046
877764071 620974295 953702339 819819458
723752206 123641762 957838955 393936061
72170217 3009173 289660112 572907455
308461755 155910617 972695299 331177777
75000597 70294491 932944699 177794327
75450703 10188818 923619554 837635771
945086888 483454287 820718219 152209730
517695032 488926794 45408766 473340738
670746711 245565292 827047874 118174062
947437168 126977299 325816171 210683544
548056962 246552599 536437381 287795277
211165447 5183720 42362686 150383423
947734637 650492777 328435253 257909519
551746709 385486680 294218237 521352923
357436122 348685738 737256616 758446271
355048978 48913027 588692884 930037860
507845861 425363827 350917409 53254650
879946737 383710253 932206209 330186301
528896024 205320768 684872156 104554620
674718914 627540564 544315265 827198081
8950393 8077139 416905457 156496499
132430809 128021090 993609798 604398029
389282807 82031388 926172078 935449682
421035832 323760944 605089983 418794690
658391211 87508717 712029867 930042155
87293669 16199152 329359250 353167860
263118828 93949630 819990295 704826050
523383341 214248023 775085122 978222739
43821826 3840880 890318241 941771865
619151352 406803786 853303344 808427430
981014651 679323229 588175885 491078440
816146640 562847755 537646403 754587693
442176963 163484731 358985734 178833058
177406004 64977291 454387220 42294693
46080718 26166542 201589783 896514324
474170432 26981528 704680567 436195657
665330216 539805641 869675355 75915556
292636252 112902215 991729770 600465947
905718683 833342935 932131282 885114027
589339278 309589864 893131400 163352059
990550952 579992065 726953014 199424157
24307365 7935125 966616737 722533767
297941686 12788580 691186333 570873193
704908446 648497225 418300243 281983628
468337660 152307086 948157654 215288019
881584823 129030557 977822104 412966288
378516618 240809427 347323014 417684426
706424241 690618562 53095360 362328479
137476574 68453912 780404451 679615593
544353867 230958547 812300328 852030394
363483064 173938385 356484074 932948266
488562587 362304790 757716319 220564812
641204323 47978632 838918117 162465436
620116147 127082724 553990990 97698822
544976116 472870709 597586229 637539948
508468177 355432376 716310448 197392937
363369081 141294710 995933272 914246379
247423958 216111109 639703091 584302849
738138548 682054472 78227855 883243643
624310592 332110511 944338159 658385224
260537486 196195993 155960221 682767952
402339842 326468943 462218515 616703250
201181053 104602784 642413142 485741239
241828765 52570799 625674574 513913251
427751435 328493620 880070022 674575689
277275534 142953079 866282615 805803364
366666300 284796722 120363365 340640412
598846600 389388982 461144142 894713613
419856688 171457588 324760044 411224173
982494964 116209963 970684493 664918564
672391806 2260863 731790348 564985544
517031243 247278753 401432084 760940383
550566528 298304164 722982814 995676199
