1000 1000000000
970466252 100778301 410607460 884229342
441141577 413892525 634041491 351495607
440116561 361277870 602109092 176205080
111826764 434447330 139504143 223582556
791395475 489244234 727997998 205053924
234789588 281828974 485766568 91572802
179753433 601633758 311742250 162890031
810794735 577444061 800531076 225635026
751391258 24338288 483772902 103180034
680168223 824618951 685594895 285010881
291366340 685507688 521792664 319223286
946796317 197927146 988443337 762408068
363125580 648638411 166024637 727589713
920802956 146545968 781981435 430081899
189906374 774493052 479334652 420231692
183079197 149655340 709398764 850256983
32246043 945771823 48866342 775007630
318032258 232413224 7257739 94823609
694274302 192332426 911525669 390164142
369453821 704229129 484964157 794239091
857342562 901681438 174482510 64820597
182618061 184083602 290152370 68529051
149494389 279969549 240939831 469824635
930283678 674031391 483284116 994630783
197115044 435149229 662116885 759942836
344728833 467644198 947006742 896809585
323637357 543742378 437469080 478008580
208328865 289398482 54559574 558782915
329510256 542396788 280869856 469112350
403235315 575402673 401575029 390782600
955387389 904014765 999388288 583796485
593679068 299223727 354953711 891108640
409563968 486279543 541336844 902116931
895919621 335955139 80217342 774446596
26562496 559757154 958451757 863685438
698846318 91745866 14377542 260999744
949877470 902371370 698983837 233181616
276425598 290671996 720495294 55924066
26466217 420533064 561560259 892349615
817211748 595739229 449386042 169709189
501519335 786412984 517178492 478721004
932097080 375313803 668578259 31902372
347740015 282717648 43519580 746890259
575910486 593386781 763232841 685709625
344722562 772426372 504237521 639400162
865800255 661443317 796588309 136355974
869100749 215147121 827140704 760251858
835233480 73746889 454623273 357294969
40695741 831736035 688020961 42401195
356031559 390920052 328718695 651096525
804488493 410296574 755937560 531169485
426195992 329856481 320262347 554520713
438059157 395681425 57512206 655206427
66752292 224180230 193738410 563414742
769518424 213848166 809054075 651098399
863501921 64204825 944600583 129573933
700851525 627139643 383116739 437838139
769548605 729956735 15509453 901104631
969305460 262948513 524159125 341252045
298777628 565685103 498694370 950879031
242548355 598115952 536625498 786024302
100775521 690512968 830266132 169943425
764688560 382000580 137667043 567893153
612378529 173897357 528655996 213489448
860968309 36071698 423132637 587632784
209347348 886229766 824526745 850469119
70079615 903203568 737234756 240970007
657522219 57042376 445978458 933792917
914801562 845899300 64721922 935810840
823150028 559885613 448825462 939489404
242631597 810309809 402303136 84066763
861826800 587133149 745553833 59972232
65048547 421167989 191117279 558279389
454255907 68328706 792342016 822642786
617800010 433731309 751264259 423688111
573283329 569677617 136094588 244561574
26512179 95736832 438704379 871739325
661040688 27685594 815330586 329263230
932194230 287252420 883503427 596130153
269706093 229963773 487818075 396599598
925167285 748119616 223582473 892968758
410696397 466509988 633904845 277398647
434268192 931118491 420294973 934153444
647145760 661022524 53681637 672446508
624404662 557290702 119066808 308059545
311374053 239677198 525698702 24711178
506347622 288133522 273353340 272047847
478649565 722889766 987224603 97012302
666919383 248362013 637016116 766347602
207382526 555655013 339950601 219895300
568126750 249933074 503545090 517067718
337154010 431846948 675681708 206742723
430319976 111078130 400151420 846841975
383921119 627494281 71894440 744269798
240975158 858924838 831164683 261265410
586839268 816397350 725322441 156012679
346177932 420664938 712696942 141442192
895029088 11187129 501385563 77914294
147934184 129232628 66648209 921969789
207545588 100195855 217655580 150867093
510597164 705889555 917545677 313019809
72652290 865394681 471273357 366311409
671537757 274366568 651742232 393005343
282410934 272536255 578818896 782843887
169782487 962807913 106543071 583799081
562508321 597921168 634946142 106507701
803734276 955625166 365479315 880138471
116812779 233186349 855051932 767803580
78095886 840264407 367710146 71612093
506372018 464590005 587044119 452085270
808407063 57699178 705003089 815291428
535264107 741853341 287919867 696502550
361684739 252033491 810644225 453496543
104337377 653368879 889255137 136099596
589367736 757249551 253524117 912348343
863596478 193559676 614831963 367428051
282964942 719488271 502872577 122558812
115186532 289334544 692443115 569252586
410968548 806422874 612733940 152471975
623388955 699644351 692694282 203248260
421224584 851429408 305486540 832142846
782481834 126383004 854256626 201531060
783254678 127021737 111581578 902594906
623869001 88210589 579154910 43038523
785543557 719571010 529205095 33181426
791550444 663347781 489532569 5776747
686523000 207647925 66519196 628772731
846642549 575108496 76863164 235997961
32723407 443917900 887311813 492261902
688294305 577466649 122667658 739265652
988252443 305487779 8751781 771784227
696283046 821333685 419992122 497413442
939694084 886309263 183774133 7529870
946745738 257448313 149129749 19580582
672209584 244259169 179394539 570318931
669813085 590369989 691186752 640849440
245898134 13678328 511788123 713131223
235619682 397466867 461003680 409479062
519999822 432891130 883395612 249125896
911297201 267758449 929096954 734660916
608157564 391751606 978502841 640161013
11340858 892804159 344347483 416376786
457849937 669817714 147365325 272062345
405010226 582292606 888932670 971946356
72767019 802669437 51359614 715670413
748891925 462720562 99516791 214749802
575189541 713051150 791495307 464797528
456345067 178315976 692892926 404156578
72005315 921508001 979515778 925664563
608673649 84938692 818452060 356194282
500440201 962459284 83828283 952098067
915233246 305293869 296527777 500600328
605845201 8552347 58092745 704270673
573094910 772053093 451385332 462082395
556022120 63571906 335276942 156914872
57632973 809491159 349563410 889003662
830407301 492523796 218605014 977769846
301226040 726865168 954754243 50122907
438208416 472494401 742925871 969254183
371490935 156578616 491181216 428979855
458886891 69607444 635355642 264689623
968065760 705836426 92033854 467802293
61772466 546416771 45769356 440468600
157712395 28939194 530151482 397131257
885594163 892376048 222713561 811530986
20420213 291357359 788266575 631074959
675835890 876915722 983624328 900561262
995023918 693624285 759173279 475307373
642388430 4880940 568479370 886987455
715481521 736392807 693323219 534464593
641752529 783223815 407060335 322689774
999940761 525285722 681722494 97101197
502800077 940887707 327831537 409454013
193549736 815132596 102453324 530503146
501739806 104507127 638845503 234281486
533131865 731525186 321302478 12551077
78119151 322474707 29895830 511105728
652299988 512731880 255479672 175183955
375458461 693854659 253249232 360455491
309546901 145149840 418576057 618188321
709929284 666292992 344433977 645581661
54579435 901543 474391192 561742320
642184148 349864810 760776303 10160441
132171775 933907356 368591120 656482782
841293836 861697791 176740042 133270357
450887971 977748637 845299037 775543325
286680830 365189223 789279016 334481906
879399502 983488861 432224946 844680680
787190476 511831780 906885767 100487669
494150811 808270601 372780494 111671119
734473288 888703081 69784214 218240498
651674493 345744032 735531086 559970215
700633521 787935009 202327105 306372462
787589928 989440942 629359553 732414852
82850912 89158545 375169847 441094844
963340287 231929587 324972652 631967010
387274916 357615325 673837730 608226798
439513548 428891291 670393931 162601645
926907500 362117976 743382109 549375303
351204694 522949537 756393097 375668205
915183401 878599694 976853750 435949590
831674869 118276414 632047972 977483832
379277713 25414157 202972557 240880824
833812038 610751337 503106487 127490201
388392639 110869469 258456094 168516042
989528485 862154388 362969236 149679173
274933866 654807384 205801996 287718374
864145325 640483037 221962575 129562268
438038265 331578077 710343061 784604430
882654518 863153862 741702698 433489907
107514305 575905946 173761072 286903855
735721296 933994296 211690750 522869853
384242828 849301771 898063883 348518063
910764887 294010914 682824983 909454088
792443338 439701939 437654971 631384747
616953020 639565594 685619990 331668878
639221403 309925986 277414859 568122857
424705434 641328679 605470257 128442095
319485061 837417698 210315927 832289187
256403792 764989147 203344564 870256035
346688396 188121400 478572792 132720103
942617383 246844776 819425751 34140902
414750328 10476638 899239676 481631666
341074451 500227034 166377454 256663017
924291589 41920639 488776632 780738010
711098402 144873279 153166537 376623305
117048679 64422660 352578072 14039131
944901161 327655129 120677528 323188156
693239984 458051435 830342708 879859317
136885458 490281530 613130126 387145157
711452473 85958781 332610717 902450336
662983983 25064361 948821685 882497310
149858702 402527061 719454006 403336504
866636669 277637581 454871192 67963065
647561958 281375253 201117095 317928823
135078917 819482539 286126783 467481564
421392322 234106919 142252928 966118373
167127478 272877646 403002372 911926082
657015536 889798535 684189804 628365560
584259457 836298105 680845497 746719675
597698289 360731572 741262699 835277222
475349123 677179439 531015231 444883017
117212437 455674053 966160339 945182402
112177345 73352930 225270556 310881183
752301336 127278609 616220444 980597424
128873193 943083065 297277547 793537685
85466568 726485291 938680731 56189893
889710923 869728940 285705843 678437656
767879750 817597225 129901153 789654508
799846711 334470282 251002747 831922572
335025356 940745235 852400817 686179846
319149792 169811798 592487808 693799862
442871814 548231503 334196782 203171427
590318063 657793978 500277725 722916721
401670919 22493227 725800521 522820696
77584227 581729805 482414847 369224803
16845869 142540670 856117423 736118148
894472034 379115664 42690458 982670428
678736888 959026962 218472803 983680625
958527485 107655390 364675638 806557730
754495415 189332114 936643104 17563075
267047612 327547762 951856173 765292995
901458085 29408225 560099069 353877648
157419787 432080817 609908961 110263374
799210257 777806353 449015613 538372453
680574224 650054548 130230911 101562592
687081025 200766401 286556215 808633240
708232007 31136617 313672724 612494631
143904591 747906357 217179383 841615394
495181365 806355787 971165401 934410550
915393696 457167359 613690572 978362875
276106672 580802216 877993388 659456559
601087840 218527854 928666135 501562064
311880179 459596083 150764951 743003953
801900613 183833220 714771630 952435468
69827571 246208603 191788459 575496379
287047321 889156379 682817567 765527112
690295957 913387025 471787724 797989775
225670498 936060048 774145817 119076221
193680801 697848943 145859586 149202142
49202555 782829459 634454281 870700859
825681558 20316422 493923986 257294619
517861406 613922765 719179676 408553727
865966154 935653794 338820208 581797155
818099040 315466152 135648059 331237642
31824330 209753597 7395962 141069820
742255625 555604870 791807473 160751751
895393513 637953321 300109135 764542709
460945762 360189175 550972139 111912238
43612240 964604628 206005453 720443014
267310059 320080129 904345283 596043568
83937717 95937695 852259267 582363103
705821909 545080053 679077162 230409738
779422640 190223267 896336254 437130838
71571695 965954924 803308177 874798675
899141652 169864672 710265928 593970240
200554220 327562565 337606472 851596213
995068467 746669342 608771944 34588866
278819198 158730277 350454806 136147864
985484324 979208309 879207399 307812757
534599878 896758057 788184012 909386468
442138806 214413656 996005309 922566994
414335104 928050984 365663057 812071343
458365095 904626618 296824238 834260995
557670835 63854503 625261131 20140729
236747355 322319707 478909928 167218449
887510102 909934024 321307314 603124292
238634604 522017156 189484609 676135173
648269707 632474120 361463703 931740201
115241828 278124872 320788568 683620267
327691037 649800333 37845220 261837595
808570728 198397958 301381484 497229172
652234683 770598524 493134066 43754916
194805737 109961176 456131486 503464680
701444412 772449088 973433590 999352875
594975543 884996210 838951680 272337055
653322764 131532203 505048819 192260406
639936630 93153240 748020465 670565185
713855878 785643761 334905928 952521898
370177494 957978636 62747261 139899570
108113579 391536433 849795212 914952854
507374457 746198387 963271979 304603874
5305965 994712102 150581325 566456170
322797895 540384495 479305409 759442387
473778350 885146788 852293235 357405129
33619784 575193297 296114911 996312045
831149542 875893505 682080475 869188618
756900386 42658136 286195911 973634241
925014226 668819877 722065405 575718721
297130923 610709777 780979579 265904251
805353106 622435363 833180988 309825955
38019391 347895076 65054686 850959140
827872454 521593820 14512322 964537943
71898890 17912944 577398839 444063374
589616225 467415524 717449929 612703860
982528489 39944703 572876829 774778375
303099731 219480427 847076821 212522835
395648318 146711844 395048641 288543475
663061157 100006818 895697016 701431087
564387311 794941059 860792133 196564814
360581943 716540197 873654327 177087646
476023312 925356226 46591277 333795483
769828057 250101122 16875646 157985356
41547580 715328145 238963851 486688255
667974882 474717354 846927623 747745540
74319468 539896653 982439044 398840861
738372922 335217638 375591879 242719652
545715515 926581177 675461279 541035651
852652547 456529838 24367628 365081204
497666697 27769726 222174097 497374980
700827329 584225630 477504568 749990497
273798705 608749221 71265525 145885438
724542759 673956237 9740106 521650847
510551035 343635569 369972010 217371535
228027289 840809836 758186336 355721900
823547689 77784404 843185846 418576931
748334140 800263662 111273198 93992949
470739670 180356248 556771060 849149680
959350453 738411650 631580393 34439100
708447882 96980736 341429433 764647626
285956954 119453272 109118917 388768510
903770354 716212059 658599229 103046910
40814823 622173860 527161163 120726714
199535798 142749962 70547909 908880541
285806680 103959836 659972744 933756125
414713060 586432952 872608941 308842859
689208237 383263486 446105293 268866076
879781077 85874571 841898462 592166269
346746122 236029167 401212452 639320633
267200262 728798507 133440051 958341941
174433777 239772918 856211840 390459694
467384764 308304713 786445856 186638840
432992576 247915756 185103256 6078662
713763137 944379724 299577346 599643036
910770465 776785861 415420303 549162807
987857866 112405795 166285814 463149609
824637993 325536074 275060579 70047559
914349808 387650557 384229708 17458227
106752009 68806131 732421198 372051438
854739480 898253547 114521080 429842845
784601934 815852216 472702426 863921612
155601655 559041279 906315854 641958694
167885760 451445536 351758481 667478206
283997225 839147867 88484521 812119854
214880169 987973291 504185569 871601212
858019361 132920157 556342194 487457092
59070034 543352977 231683980 745309149
861612967 342312914 394005861 737862368
26636705 88721787 548670114 695140302
811240361 131880166 773418743 720142036
333943676 314162929 687194369 83509902
265592867 374518503 183161358 593049761
547579916 123514740 756332289 483347374
986177350 480502179 705494386 417684335
791638759 983900633 790946751 521298413
678460118 415283246 434827709 596661328
768092120 621076475 501981964 330355256
948255257 202311573 404514897 313948891
223247373 464064357 246545961 205267345
487637335 241781665 410574452 869745855
815330606 605508178 786774924 834184000
471294438 88023903 303633915 906110477
797953425 617444034 390629374 453679953
710212860 69103696 357165379 872948680
645470756 977295262 253860866 257560306
242723741 636800224 487324178 543439546
486533752 984451545 841105389 343647179
999571801 18140572 129552212 258498896
926675596 19452945 887522179 719290461
973790638 591448239 972564010 994759233
766964633 595315733 239485682 148441996
84101912 682830938 288507192 682004823
507737292 444594614 938332419 623168979
159041770 968110342 875533080 440101855
144621440 690481279 110706023 521193283
479476833 579309937 715290714 854888568
87801833 477454655 361693164 893335838
559900054 321833563 994451566 125837436
646825098 544260750 940085794 146454401
228787242 804778368 311171726 998790258
429791481 24019197 268577196 887039874
587275693 107277551 16032421 452573719
481259292 951083900 822997762 85073614
943591339 171596058 300772471 485644516
493972435 721272787 98058345 156104839
142739841 742815555 905088608 134900886
393648704 495504398 846436745 747270305
634694726 426375511 461482905 439385978
46389672 649099220 46974584 420201234
116318248 262276498 173806990 752125921
493550733 83707334 473646106 8688963
591769333 427041971 834770631 485215518
902591725 523984277 750790295 402900626
904175920 845111391 654749977 690921630
341460477 10517523 359205352 287598802
480101461 4630360 550240747 326259443
989954813 670011703 495683203 720030643
995295466 198041226 622921739 603475307
440992830 532880665 838976353 409933982
507289720 485710681 429991270 641479807
355681723 50320122 792540503 257407484
178329714 122633018 625831284 820431611
604455736 598417964 914348130 149527763
795481773 66156617 386059641 702537450
841434173 347477426 160502179 735434309
522224213 670030316 489093108 458710449
509667413 929164801 988651888 692628114
665703230 246342653 644813066 898651595
792290970 673228270 649430894 266991500
459908633 465870614 880813487 757492328
328011423 340347511 768479527 381553123
689157613 403769193 299159506 996563533
392271070 901225589 343807954 20525321
784872385 650930146 33324766 676395791
318430151 363929083 225865018 595170794
621733098 668942072 293108837 850107771
220839504 99515164 379002872 323825662
924632914 633952545 54104834 31706776
865106454 821267603 322731798 138125209
454915757 326564265 5563233 41317499
49047622 504252276 843575950 275950415
648176592 771731575 730228304 662935233
692650348 671098503 326623539 974613951
972594573 328652767 520458312 889180662
511062348 630681513 643334775 474663788
932270572 233909818 74849465 106124591
7415670 715454288 471359761 601548307
448702048 144559889 132276548 859292727
877156224 451311933 833889012 336634024
136486044 293596266 99983932 600148231
907883092 81294306 741723928 640132828
53015383 381352180 419837003 218575937
667796109 812584355 553302083 731999006
297014614 111451964 913781273 743734849
705639771 495054580 752309433 877668583
809661421 329282703 630754938 968847485
635085726 693169376 556562847 293370288
937230254 496397291 203063610 671343345
921046638 402800647 283564599 173666572
755252819 598369880 145709800 527142679
781810659 13022970 822502189 436271358
308853986 375731328 727778158 285975751
371582707 905748241 233144380 581276879
663374003 172972600 859813040 602592499
713009144 615346749 857273093 788733345
434244103 33864549 662517957 154988655
792424854 83274734 989069663 389639039
377598345 546905898 127609433 387935996
368813380 786872280 811552643 614707892
213797260 802981472 797053892 951943037
837623171 480692817 572567065 221650029
496031872 317451280 918285677 695602955
365384907 712501188 432374426 471834596
388555770 353402698 956889529 334072428
786871158 962509279 248705536 798269412
303447370 228126206 235742107 312311442
979155655 813620723 748306862 437158458
55592026 151081155 725504539 856474728
765248181 830975720 728420 30302359
137082488 23563095 798220318 664804844
344294510 16529608 383952578 7138688
799379048 741615837 255250183 499030022
574995247 884666910 623147585 929624723
723174462 679896835 253287164 145706020
476513353 663404885 529138066 384392530
631889857 409106549 521299132 432353960
759693044 625501386 797797440 326408010
796528002 723865076 1033364 294397816
914291676 197407142 328013390 515131762
126106345 59849128 162932410 451499516
169885675 571462529 220533823 31678522
422540955 809261918 653270262 368064286
967596223 443831494 627379289 639651738
944380590 779824198 620771538 769595456
265828686 46796682 853676986 551477857
665707422 622355694 209770108 291032594
259149782 656467190 128559301 862978425
429418060 973674609 577795208 871957827
9462239 400972968 958229696 631051476
78953512 934764775 186936568 917492332
600387927 871608508 89110008 138521188
479309862 553147237 402266541 848494257
256911860 275267282 684691312 37825902
255247755 565480837 278356865 911968626
607598622 370157381 830324038 306077934
323354571 590021322 361798258 232376146
53496796 627633455 484538653 629465312
2043446 714230601 6559778 988810066
898325113 359784756 930689955 36468018
484442706 531104720 718978084 674525394
558301133 472198352 850738262 104224889
982931646 906142772 841561143 796116318
472361199 723134015 784254412 437701914
365536139 61886835 816339732 407762763
777723188 477655030 481236906 495268556
75048113 119889865 836459824 613231063
458235029 202897136 655871554 843464866
751974037 344076576 743406872 629891398
59368651 289342745 181932204 735034918
170102734 51515174 814107077 436062171
616713828 166767888 548888837 26583217
984812018 159029198 835717734 30702267
201895148 346325391 967642998 198552598
338660290 77732156 178785025 372928458
252366793 185712700 43794824 582538427
472093964 221343342 480848402 695128214
83009937 572582333 200461878 546210522
894535145 669766335 879193326 47539360
833493975 977454190 208133779 785303145
627294498 93415108 421476657 51059494
755720167 190064830 794740107 569360047
517826376 422982610 555043694 573476292
261212834 438578380 7180848 562754452
692246694 590753636 794367361 470718034
692650502 751776728 680905898 59300080
74744266 427955766 949607769 900769497
420564246 845810603 202952727 776391399
183010038 698356581 905090536 536583311
507533767 410397582 8950064 520929023
624356613 720566412 698080480 670380901
677989546 546867982 616697631 23979896
342049176 723763230 325891650 563991013
237787578 585445542 456470637 362964923
519810863 543491131 919030015 516601923
485116805 55384879 663017875 394969797
242574865 8726601 20195486 664119200
223629285 101429154 375138919 582249758
354157332 512226927 337745811 58911204
71733587 785316196 963227902 828571094
614806037 436486502 700457613 391865729
344284729 447557385 265766574 64239964
794952997 132602947 836524778 439837480
210890258 846927140 452271519 689513902
265770824 270861947 584450377 953015966
521301457 779350869 792141278 483420415
397426621 937629654 958939251 452096274
572117403 79442907 611485820 575399311
201891462 106554359 64964359 630603415
690970300 552669964 887319420 812507364
446720511 555775804 935775604 158605788
765787502 697061644 48692357 653944847
66338953 778675423 865950948 226959275
290323790 632160612 616562868 175658307
5142612 666079436 15194748 930985932
996866485 961818493 885985916 365495508
91286598 790429559 536756240 820338435
504741134 351278046 456089470 648061875
480904589 566322931 359515700 453902297
103427107 624479470 39077661 885979396
67662597 846599063 568510240 680002077
921792700 402847583 210284267 114472979
688814939 781900408 630551757 837396476
384679577 560203435 378618709 418538656
107228803 110973776 446194357 65759500
37532219 533157098 756855361 899892914
666914955 342297550 522579646 61483382
989946165 285616768 174128910 329694116
100486694 725607530 704677850 525161789
375921124 288515968 153087947 818918405
633578002 472515405 31632361 172715473
683636588 925080349 71115641 943919440
969946144 944378150 333772066 282514462
735726155 760401161 905386900 680262533
355336358 77664551 546168184 572878262
128031334 696115120 191986502 916198546
417443735 133855736 608060322 685882205
524822211 370577577 644816153 61868248
112913147 102014680 903307347 948107389
645673113 347021948 562793907 736961157
657218872 934225684 921216277 138635657
81810273 100720398 596924330 638175213
22445119 474517070 979178711 688097915
250503419 94584286 117461090 547616073
682931415 247353547 894070711 163394745
58304170 277791408 257297019 537557750
36957674 269594657 67155981 900254007
456793462 430021474 532687490 773402696
798991996 87119622 830904709 304725379
479994327 630769295 318692645 968543434
312305036 515612554 725103782 246857234
268406449 261622656 817870082 532101842
582927323 768726011 391640294 290362407
59138132 414251241 129771568 568101299
152720289 989875757 878540749 359346646
974689177 389902859 129056984 740062876
456091221 434019732 698588818 557710354
231921803 268472860 113790347 900628281
931335772 141157533 6309111 983890930
187719590 446029635 984864751 184009728
44848513 952993760 963312846 613977934
710185882 971638676 633584746 227477918
424556692 898577364 829568379 617581327
961052601 277124978 744963468 546055617
173507771 830662648 683741231 520070635
24835547 534256650 369773584 965863331
418669103 748157913 959959117 105790261
848464035 329561407 389429401 767049619
362809825 229777342 645668408 339525171
942514858 833028160 736325892 81556303
330821992 355253647 277225392 6924069
856383772 745018165 819919913 763837708
563756739 939118087 164808520 697429888
163428365 22032985 970349437 371309685
875802107 878634243 642579477 724278952
259884297 821988008 741435864 27654925
974094322 130067703 255559041 711443913
299050997 985547651 961658853 481699482
384685691 114702220 881036101 771695841
925737928 681679240 782253642 805898005
407163052 580081904 725671078 807855275
703371037 853870311 68137736 938393609
296257309 188222262 704759351 100330854
333678506 798986677 486068062 679100304
380622651 119124197 613683372 937009760
57830465 215619907 651818314 677734957
815750885 97714616 630251686 213199026
876358818 362256698 153707546 405603430
864050548 943598837 53129201 281352858
252204252 856724273 942510878 523354243
268219977 728474608 563088825 596680868
531828751 362233339 9975421 153112289
60230938 425353809 790324789 450341744
333535022 590342623 135736247 368841299
619972114 575329878 481495186 956895900
924842289 429943557 878233233 914639043
425137973 18679184 525822347 899724644
757142451 401953651 114143274 868923697
619952535 864278146 825543149 261039932
669641349 350974007 926548810 552870504
454435802 331838531 41851705 747370725
878169235 721787675 819877578 211727907
104370703 954519468 392078832 478727959
302186568 737320106 412687402 652127512
428258235 629191085 491619885 776545736
629846979 926938802 550905147 921413991
243616826 123497927 4796020 237806409
237146191 220545680 84740905 269853316
631400828 500604803 869928102 996944335
171602636 902246759 392509765 625724571
109858040 92921345 675699539 165366144
289184122 822971031 660197745 760917532
353063366 407435425 554750640 943262910
398670300 155111829 761352919 827937823
840784525 867911301 357690869 154934783
873151481 326268226 224433264 573465304
684887770 649933092 805786567 276410572
245676758 104232024 151359403 810006404
71301763 418943875 514443341 863139603
139655000 468098180 773940826 909092494
321777561 421496395 607628064 280125211
847463774 683234401 964123322 756886114
599760737 946253342 635431548 602519932
558349904 508613317 492605943 818149775
858351893 826295855 759997063 997442455
468864812 866254353 938895079 602360903
460819077 733371474 619156340 981583339
568980247 700431529 664621334 482106167
689894653 947950841 634914816 649520630
82065895 594142796 915332712 890964768
867682088 515832174 204663273 665567101
481093511 338160220 184920103 935410047
59749715 140694530 182890183 779713483
366604479 971679835 634611949 484530678
792969502 907109049 694394026 419741445
537760378 887147033 316614216 77128248
265185875 90040674 129552615 79484403
525173746 921749575 581828173 595175050
825591402 196413652 495189589 128948033
527435215 6011815 505374367 689967414
323399196 341113621 827318936 948372459
313536617 573313869 147582424 929153006
752783458 440637908 732278925 899439781
829576441 206290986 321003965 162607112
579620678 438904302 960777296 41472723
103845326 635274225 520700132 516613983
745201435 780950801 317799534 850677287
31963446 670464721 594171321 777085169
187640450 163348604 17365055 132875190
712764456 864129701 145311893 119262099
170135583 359342823 680028473 765526530
828345355 411413317 870527762 110004245
422053230 854279768 586001650 486435567
526118020 589125001 627107850 298459882
316586950 726934167 723845278 233419164
758519737 123877294 454102804 944798492
677216574 299862075 298740088 962059470
75275549 405028373 149694928 375490026
598571964 611323577 793093018 658518732
104588989 950921697 36225127 593165692
552953063 519383164 884691842 558648125
814117897 786245605 746977463 346165672
31494722 140525074 705998311 495275516
241404726 716180312 143791276 780605966
548801312 238861008 772210021 827860382
896568755 804040839 184311257 163251944
96274694 100012791 752734539 507050646
168543824 754671005 780773220 563600070
655849469 568533025 248169633 656682492
175763667 810912220 217374933 240825550
337384577 669548289 788424126 428603434
328141352 739721595 379886111 830518620
606385419 37045052 147904404 838797903
734048640 264674722 986734172 321781943
227776200 127609754 196579588 750788881
974023888 112459686 198633734 16180690
785010525 498408858 676608149 109529172
832791234 78540636 184651522 286745326
114723288 298715488 906721659 640666753
868153950 397867372 957876595 938256935
303418737 764445903 170685833 137875547
490425796 23467139 107041304 521682765
726400361 989037960 718315840 618294171
973680075 448529816 627866064 342662839
541085098 366650715 604313767 920000930
482624653 504489735 918253818 747097244
37922671 659684834 270981126 832059167
393029235 804873383 820733616 993092967
98493303 23495662 680800054 825350796
982682817 101672228 222062895 719895284
146986363 424047371 498172615 7834078
866570061 626848254 687271588 116886918
267323432 674740078 845690799 443736496
287889142 430022215 659450639 795224889
551690545 988295750 858373044 667814789
190869348 483689527 942149411 583058430
397573756 396872084 945649047 733701405
350846583 642651995 665461561 194335110
205534374 949049153 363610584 915412443
843174403 815130374 110253876 969457700
831645591 901347934 964824818 702990429
994578679 661810253 252609599 849014390
969585348 51236778 878801693 163026523
457530343 394263419 907420781 706219873
196209901 454252240 489660068 646216132
312051036 401219587 970797975 739842715
372345885 632298304 730292994 577908314
470066575 754029527 486241528 641484902
543380466 990166343 209490170 741287710
28365386 763955307 829145486 191835183
792124607 24709015 632059383 569863805
258442800 93880811 652068425 147302191
956964381 323705385 135485654 37206791
98824987 167396369 458723627 706638469
567643056 255369460 411656356 892560161
517571223 815198894 421895894 23218950
971391374 51389910 94203961 891023815
433989285 384744220 785744130 537506170
292497620 19618347 200303902 529127023
345958479 595414331 321625258 298471332
769359282 467913542 220913027 656007915
657578167 341763607 807006211 930715608
497722507 550611246 626612985 326188725
757082566 371849440 535784112 302744934
155705666 354159606 433381675 132340551
924730807 574227279 722990173 716206163
85628166 215665611 841089771 57987608
493514256 625552043 866776509 965268300
256091461 405125221 419423588 917420284
147669268 513010167 545355139 485394603
58492839 929480766 467516053 778575108
334632094 295242371 668756468 468201998
944510812 763498693 738645730 635017904
804003689 540645490 597712425 825461674
945011389 102603385 821992530 879801131
552658216 774606119 954893511 802998312
843003450 805540008 936292586 384904844
619223984 330754236 361735739 410123014
624956791 435868500 725374120 505313308
39480569 131846208 281028077 318985878
856438135 551092799 606802685 16208891
655588533 503168540 389555380 15237260
707791245 915807796 354676180 535521491
694892581 932085152 671302144 226470836
729479948 488645966 359328311 82145128
612392709 204514775 719032992 417195966
36455685 459693536 273849166 614741602
856601527 559222705 496647271 544420721
862792522 709024359 258912683 532112728
196120780 157959922 963511357 496614872
274083563 641384479 838559015 782238817
259584703 258766003 458753614 877461067
131614017 160179516 526405226 365260448
79385639 677345032 55927330 875229134
201251020 889481679 5857147 374049459
459576878 794400129 222953365 270255531
201426206 677103770 267938585 284190582
849592184 16723805 101632289 507803420
822503573 540725878 360026502 505963950
692635274 35016058 488554945 89241852
621008968 766866952 12806772 990269007
816774308 116216562 83204798 73757098
638887897 391903453 482223397 852005966
78819108 538513479 341242378 467674032
837158504 252368307 387936682 215184592
692494187 543437445 867660125 487927897
926086087 735267179 493488962 176205843
690568607 656460152 448560519 429971898
579735777 150577208 778608773 308307758
389909146 149464230 344123271 745925775
299532712 318652451 288046184 820061154
565477889 110143941 463607138 6193377
609338776 601078333 459278303 21463466
948896326 383673005 227174971 184139368
187636444 562561136 444216995 193552234
441780927 795282317 991187292 437631295
555495734 604584684 607910696 972672398
224432601 504926964 214790742 622837150
270217083 977204817 78787146 37354231
458513675 582380953 106497719 144127815
499834207 830135201 907766859 380884614
877455579 696158480 446112497 164813439
913329465 477088325 622298612 726559299
183736909 500614504 364763000 653586693
201959253 901506618 244839417 579030802
319943701 994245359 647639191 258654810
213069036 685912573 4908940 675215236
733959293 78756098 60023835 441067275
257042813 343897254 873441765 988131154
597006607 812861878 822935445 254167504
679212340 537865566 207437601 87734068
893878450 191698594 126387246 666711332
585198872 247481776 680830328 851325014
247149983 928557300 448149199 254082795
895953724 409466489 845426890 719469096
228335727 532543094 244045167 902529511
182108843 264852344 670536473 323626840
855856285 838090085 695757804 781963883
987156926 18740407 19062681 237514275
785875885 304080726 34750224 602703806
338972367 403314739 936448750 518443095
461325201 782243854 974293902 786386116
421590498 437754183 443663602 184681876
155216279 295374439 555391276 349771486
947810702 496428726 936680387 646711511
335529153 557081561 342474743 37073508
363382369 886853541 764365882 905640244
784355210 261367380 500330077 380077584
792548802 117381374 642419135 338577916
104806291 282433010 142830200 98919062
198996437 295885535 477310859 380080145
131487891 121735335 510772889 965177753
546918197 310402344 722921434 748348298
850269426 60577915 565965536 361785495
620250614 205938426 345550107 805602587
19165373 11954868 473473079 837891271
468586322 35652365 722868220 409992131
986274590 642846182 202714253 791946804
629245995 765913012 587062455 68518539
745570939 212924919 24209000 279784737
699285868 699188534 692447974 207094172
53765343 628126074 49304961 667635120
703618476 100999158 429577297 128132801
915119654 666905665 453111277 940244598
487764367 361267622 153730632 417882121
570302622 63358666 891967778 664213652
873530714 654397151 582489505 735386156
498650966 562723635 979468232 246670334
486372937 470547410 271204200 43485896
750063543 284267212 893771686 26049771
912791464 701218296 844881811 802730401
655408352 395461231 238077684 314270646
45306337 475251192 843765869 222558951
76421211 716502704 810309411 791613930
839898007 753733583 416443384 63354924
558921920 188914460 796330838 210317943
740613379 48174797 816156951 738707236
294441345 516981006 303245382 453568123
654121753 751956484 910877816 725921581
192762092 183646414 638086782 100633144
811993723 494793432 476842093 528879582
34147489 213422411 488067048 365694106
129739100 939708147 720552848 445378308
207520073 596407145 179878352 123363831
382101116 450270889 673578768 170408311
616958284 963826535 390706262 153380568
481933549 380187698 420618796 277659922
858438453 899878122 311312059 94011911
333306878 265613758 698257904 795687595
886867701 829318878 944549142 14730129
333206156 356092889 800702649 489448457
853927115 881178307 974459502 403083935
374336233 811649194 214342892 276114049
500615382 149419938 973398774 948409197
941515806 629042443 524173310 661448052
930382200 383086117 355117666 938283798
73566046 904718639 112130754 328546386
628150921 795193318 724966086 649225913
387734390 530661527 311344204 369366517
134983593 566031625 329825666 747531049
244843112 194813155 925150603 599697969
778856287 499308121 810284581 430753978
33204080 262813055 435058321 640758521
389149291 390707654 621853356 514243432
834497240 68635227 189260697 282192607
924485268 968187869 431863474 34353553
715951326 98000594 556270936 706644880
137943499 160036037 745373303 340717459
385000997 42621777 679890844 394487969
731502932 703438414 555083069 391871978
80352126 989826010 417039187 234942997
281616278 774113572 789623047 15494331
767978424 744567862 567561640 834457396
12256663 792008369 517253592 589804213
842707715 749507256 323245526 579338090
870472196 385874572 35609480 748252012
652494594 895619818 232788252 779466028
744545423 977446016 862421391 192044614
161891483 151480962 904787504 210346660
924605808 862460283 507456283 352404183
610074453 78149499 411938136 923222472
436536082 581456900 368129308 26054464
591910798 485420590 268131933 535118154
17634779 314450259 238629798 364705435
69352119 67807309 546759674 228183570
783486204 727250513 853326062 722097288
714898926 125068232 414328472 642508392
922337101 483575833 720677977 843867733
606017721 843585025 441671257 893421459
915150019 979365450 878146690 278400999
891138277 960680586 499347937 585308273
232309596 882946323 305096845 339204505
791965108 719345033 372857167 706140600
523972767 904405256 718448291 531065190
154553977 876454253 827408231 397561674
621538445 344884842 439663955 837706232
678439039 526865013 227481278 104495604
240982401 815565651 827558320 505073592
639608209 975462136 838298979 903554698
184656774 720730266 27937248 890706764
192596238 938982393 469694897 876729852
795513106 192997600 355525340 310595700
902644927 833471923 511114847 35190677
204977895 443435496 892543444 257207874
752890264 33505724 152338465 592928574
375589829 820260068 278382377 476961082
70848617 440898692 124831058 551120923
975058455 668003980 232268055 151683604
329898006 651344729 405596686 361855553
417817183 873884856 653825502 398626417
748075228 550586939 144984337 704155879
66925698 413071835 652753304 120874073
548002537 966930889 190346005 262867314
257590493 117307858 87653025 8243504
70562200 487010888 174539144 841964124
697241042 59330113 981910797 74380984
784803069 635519133 75361162 13783853
418240469 510474592 826109988 864558349
569912901 658250401 793966483 134573204
871561365 316383070 453026682 562814690
91952711 886674560 221737255 920938835
353632119 943905557 590259760 744174340
321811107 724139259 133080805 766887870
215225005 634703843 991983844 823213653
665828938 85912378 599734432 812709044
934417380 391024630 455389675 850729940
599275346 155798427 76876253 770019103
828338800 941754634 254730976 627928048
853733383 326025183 152634922 571783714
515176983 775175053 203409410 7507056
446521188 817976521 528050065 431816894
