1000 1000000000
144714458 241272865 273305574 435247132
48413409 958557226 35751930 783368378
68855177 287672077 993220298 214706584
709894196 491569967 750073193 144288276
6191269 375205364 646505419 91194377
752905225 311787528 747762495 883139142
628679106 337320534 331870807 517709133
183150305 850260728 107538366 293958591
850479623 12215454 501064348 234617096
49515580 915973674 947312713 616737407
174987134 194919877 893530868 487557028
433267758 855221388 468598654 416621435
564793125 407011569 150143227 140918483
218229488 204664940 467331647 716815694
803560306 377541238 327667318 542220274
687369916 404062087 666515782 795384831
429695860 314387588 663623595 455663490
920415316 797671425 198682171 912342274
272479054 532728362 82691373 97223530
958645524 580684743 953418514 524635998
308481165 461665086 523682652 197091180
400906603 151102048 933705930 325672411
653106824 63541840 834113697 771803701
379336797 769708275 10321899 691322936
720353480 656776551 239645890 988325485
602455443 604890115 836299249 490287048
846629181 935222791 195173168 450763509
91031011 82938655 380395795 545006153
841481577 845522026 859764417 643201610
738029115 592596719 796993730 820490453
801572983 868758321 541417783 651616942
771864589 857356260 359923996 260231641
303757437 967825933 89888137 537264788
925113995 34032685 750312423 957208123
318782535 940702671 743064646 216318960
866074778 382345597 677342093 458781459
165718131 318040044 630172519 218901156
452060425 156067803 454524408 483306254
313282651 976352884 588289053 198297317
240248398 970181406 428558130 557100364
868460899 668214196 487862952 107213569
760890714 108179900 69204638 658109104
542276569 363575483 443843210 406913670
780148945 985486663 615904969 620768091
632272835 861295197 766517084 822164319
897766095 962156497 809016253 601317621
656923080 885011261 638648678 772185533
963530912 224100657 541014704 467343066
309510647 387386364 36765143 170487377
883388058 810003204 717603221 483746934
616105584 325037849 180437581 174682190
288428622 155761326 505537928 629180134
918716942 135097516 688507341 318947579
266964653 119862945 565424867 870140689
259112806 834495036 486143116 117496127
592285517 34336144 479506470 912944553
912354414 422032995 448529670 950926515
866804540 545657476 218918161 836231828
414273329 969675024 873156409 44200593
251678184 707943690 997879313 311232007
373579443 413365157 696851110 566678029
11517346 489977544 7465585 210128032
501369782 631669671 133515575 741134943
596028030 358463592 886641711 397226022
629274075 869603916 60007880 123900533
24698694 430151074 621100668 547433873
742518079 840518159 99650793 435485883
808408150 942021640 158970239 21038674
238623344 323791751 197697979 828137581
610879148 241401581 238675353 229005021
389737635 786257140 861860236 270801899
245102033 934938719 909420266 623519920
871042089 386757401 807314725 761954167
677817936 560114167 514152766 857716805
519579960 970325176 56560740 785860094
480219728 28564499 293616059 461217480
953911681 979131063 126949643 14881878
793490332 740507246 387651852 397689659
232762902 60541582 625739243 689762251
757569557 136894855 629485038 493270718
371071026 810563843 838319730 77404541
624309218 894905035 82059640 416760175
912547807 779868521 884063572 567148681
342331901 907602278 13807275 10744589
315092949 632587775 787661019 986302163
287887230 234889846 210958638 866533521
403035882 311862091 221282467 323914888
512819745 51538435 879277527 69257880
104792098 376036392 799900240 833541224
889468551 299600380 41256573 876386246
921714531 764617012 882734319 919704975
226911585 141634383 205364246 791831829
871639621 994444166 681511347 200150869
162183471 279321439 833371894 26229873
701704502 948157019 288158984 229565685
578969637 744316407 954338992 243789799
758263281 999590856 146861773 557584835
634731984 792920366 854661506 150698844
259803246 131569705 544077888 368867095
395822323 31281164 683962 620420211
104515906 702311517 722850505 896700640
195423034 923784146 595546812 632563420
707311264 623333475 280538221 951520774
957164763 599477359 498636834 47332528
209606863 573071427 85530736 554278204
25314027 463057439 538890707 97125687
194132523 983779643 768632 779018071
769428573 334744909 670606970 832388019
462513543 627625378 715580687 139910736
634891625 195291325 997673219 105083198
701801399 219924250 737051397 569009580
293767985 779864206 594843655 904292296
811717810 962774993 203194590 913179209
382612168 101100280 56160776 385453992
844855565 392862449 90781536 731538276
485253823 676764127 778648714 242501516
243894795 532484611 273274691 338740754
224929258 910460545 957490265 168405127
809584827 529467740 965008202 65137413
50919599 809905496 505372782 397667613
916489759 504329594 133257413 558648237
550668941 445345029 805721919 864342770
105093338 150339752 656280601 588836960
787242915 324664036 161081373 702877240
883757148 851897858 465819299 608573127
573208541 899511081 73375662 298338507
938118267 310310908 361342547 455869248
219376399 803560649 12087099 373021352
42897952 571086903 572514990 78456610
932075078 434403825 687739345 833689745
272728715 851149139 373612394 997168258
265087632 112202127 498832015 943303127
614270455 515489278 589470945 311909304
776862208 949849082 656956046 927639162
917954305 455726049 886910509 455647260
924216107 271750893 767766584 13651283
540177820 821956383 290141086 888456184
442852948 181050963 50190773 400609344
852251396 551306671 643599488 971590901
210500980 452731915 19568794 82017500
169009629 202848957 30755523 635929152
199521479 536471215 87050281 798079222
395875570 530990144 666916027 771026354
531264592 14853410 629906832 24689601
136627129 328696602 994117968 317315932
826472809 744966575 898172623 938270714
858022823 242662265 513702598 98204341
778724668 275127493 181495398 304376132
741324045 984633388 752126925 185957625
571817449 655098230 592591901 237712183
312973487 481559730 357746956 907881478
342876563 414067140 176721962 472364532
209185083 441886716 366812008 849241443
887394547 35809093 531701363 280661038
981605537 593393145 30092361 147840624
129788491 523541900 839509645 42480322
440823639 4490573 441210492 644716230
156596637 785546855 949715523 195027668
293102302 162983699 417105840 326913408
355620021 359778427 149343839 401132096
994244859 931506744 295545882 304129961
357240698 70037855 434678944 658403619
367138939 352707454 910183944 493913090
966678951 846392377 103750969 382896442
75580333 870778037 491170056 681736546
818584469 846521659 76496617 654523869
44432758 869457657 318575497 301442474
919089792 551431487 909357299 799164038
83659018 436749052 863740281 771471259
104996469 106357496 856432996 82201111
575608774 916072472 569797415 856770977
762447115 885192794 698845091 985428893
866263333 387645521 93930771 113979606
640631388 581654762 79779407 119885599
700762404 815617630 743690169 6280957
351208254 681887585 709845118 473371285
162424343 763190239 34313918 696870764
283462299 518343610 492874551 166534843
521169920 607067951 238780465 664528560
365251873 165419469 85418403 702195389
624089333 955631570 703774333 712871526
31291067 634737303 718651370 892675501
475941095 132579745 382609058 763096606
165042500 294892065 571493544 974808005
325597207 827274951 317437903 786908428
689705978 993189521 870796388 13452757
111338690 704223149 875281803 96484364
305430206 396673132 577096335 900168739
205178320 771787795 207044379 129421522
271683180 485234185 610181874 931234598
4326922 63380893 84663347 18572242
768810707 483655243 357672754 425403848
352322420 41676475 446781902 723210577
306243910 430254156 445912974 440168993
781396215 792218798 182762571 972277076
118077911 511926256 216065110 535611327
667555181 773796578 812629638 778022339
696678093 633549259 303219713 177237172
135638603 403498557 83043477 152707300
687396044 852333720 289597586 438235718
185808035 588840332 579163095 698429133
816045453 433311014 222651991 642908511
297426624 209542910 815312896 937282059
400520041 450026929 772395046 294279575
295693322 61459775 333713629 65877114
756152758 36404461 933098208 919971212
730010422 948007874 229358013 375058025
170955478 181867184 11868609 707513617
373525107 465989644 877721912 197993121
42731074 585568822 187475143 859396967
843529571 850725838 302702973 887679541
374545539 115268264 239074607 828529227
74172103 698852538 642809404 280037098
483178062 345735143 285497530 838116894
280608485 427190541 711788919 517629246
301927876 121863796 602820016 671425405
940862290 690650499 190206615 522596089
968963010 727700364 412944686 926309132
185802362 489302205 209875260 683371217
509785204 743272821 208068349 641202648
979201378 426197810 721577946 453662083
779365798 314310487 668151974 476860821
834109179 411553754 352667054 994280600
925116361 468795262 980627597 601865344
721795915 598284105 888688002 440982035
175746506 181648647 960588351 372512956
39870391 24624971 506442881 506683287
876376320 805498184 456538863 561885448
383332866 153478322 96901837 920011786
96557235 288355885 660517710 110039113
174090614 293489292 319585371 233279008
76148058 404321768 7889383 975449251
195472417 529439180 262945489 724923500
115488630 188034584 778566304 69370637
208087107 87439502 481398458 674045356
497106435 348197533 943010272 933000006
327889871 809232230 65248289 633003557
987439892 182516353 801960163 500683189
48471389 705918036 340053430 263384414
945249162 715892904 264882441 584373110
318487695 933896973 709393544 962288262
452292649 896608293 303758769 893971964
265624271 654556319 493555668 877768258
492927367 429073620 989083597 26400170
716270514 815953047 878460481 779987535
276412802 438392262 534920257 522270565
821958351 200100320 202069082 202649967
760316343 86460998 668165471 81205108
720909511 130744980 399020551 706795581
45055015 401552499 566890937 983304459
206851778 390620138 776516636 397826423
85087865 875133044 203337942 416518274
625870597 158060718 556434368 310938010
432289120 258746564 87877632 530675726
709055606 500774147 677550493 975158432
58307372 243558038 891747476 197225381
314691171 594154003 104078799 917364484
462882849 225792303 742142187 297919642
405983281 10973226 354199197 818405959
604818509 178367027 875208846 615987439
775212980 267277120 200022386 313515733
976949184 854692582 50558532 176047855
764695765 200415649 435160394 790830237
344369341 249051093 713036773 275556653
48887141 223290504 208107597 723524889
279159041 896801352 104173959 294531603
562863030 60847929 810419492 515982677
13876040 935925830 267294148 504718301
735725689 328434248 214583014 11738264
160328502 444957902 471164928 878201547
232536825 168514415 507324930 656990388
218092393 40820523 516334166 298393141
410155165 352732763 598686221 518608718
876738270 956925478 802252422 582849388
778686264 219087968 946985523 814045506
376756238 748227169 4594643 571430615
650145000 52049761 106536271 743561620
367775467 788675874 804036983 181505291
609192277 573902968 521723693 629847528
775155428 119284465 734244907 720862124
978431530 32567464 356204515 712365801
679692187 33375222 178731008 29992353
12029311 140177938 277852494 942849103
985594859 866688635 464496736 867827154
182600876 927920326 714603473 926958149
868016599 76078416 26696455 870689533
574419340 946378547 754070574 838985174
615906557 181954190 197222899 884662740
62515917 730025301 746327537 165383654
27699685 482655795 406361903 927653790
570195451 676149697 689585023 647137933
735034453 331818611 186471783 54813593
654032266 712283647 941043923 190319424
936563990 806618244 557950707 208715195
286569402 707100752 31209811 945551834
108214586 601938084 795465811 935700325
774228145 364275507 358307589 237986697
677342723 971745041 530547101 938779189
855594202 244129428 446054810 286409501
719002381 657439827 150737362 454969619
748907307 76885003 4648674 839452534
797700086 546172582 689143128 162357215
633698473 903860334 637635736 744383261
860790377 11420122 885867780 402645649
405079147 667251262 887347606 894643046
733387372 652729330 440324937 931193537
439819576 815483187 437918430 292312276
453400098 284468238 333969254 669039327
349539894 708121359 353069170 642548135
869092766 297520901 912422511 284313609
654605634 437763865 835984225 367804949
898544867 437334636 826519082 840161478
818865611 746366791 846752428 853201034
898057958 553460588 463652157 381147954
792875016 88428920 910859172 68447170
170473720 886076713 702461020 364070138
436270325 582616281 864607113 750658128
64579278 862034671 273301993 738727141
820220008 826454038 662745360 117828772
177492797 434595004 703466616 251095868
583165473 831160915 797103482 451913335
733473387 844039127 570943361 199546561
553212257 525886716 830999627 662682586
888775650 88672719 938913487 875534812
546113061 15679800 42385421 327559445
862379697 227073473 999382297 3143789
498774391 309217350 56705701 762731745
549438214 403453400 250109503 867208022
424713194 549455493 808835369 510464762
365869614 801295003 480058039 69831756
336564087 91467287 486576697 52042200
507331322 288103260 162658288 269420005
994316400 320214339 916873062 884517163
923767724 487223625 643803349 365441459
633775300 506669126 150983820 719852917
869014542 841215037 330412946 212687137
834159951 233753625 409445846 222343596
839409113 278190845 926930343 688763605
587138489 558246028 865481192 636544204
117120315 357564095 536743380 240661974
318985826 317874732 34063303 511028174
177074 403152027 437008966 345901828
207686106 285528422 616882255 134837196
703194183 185886471 648997773 417651040
414299315 728494209 911612768 802708394
897366475 319966273 950574520 566312204
156003091 55778753 53896275 70148071
146253687 656645823 649330055 672100641
356615581 961672268 637889962 546120090
381176396 866627540 886497780 574691505
894272807 783689412 456003265 900281697
247514958 710893101 235568660 145504537
685292153 843911581 805730131 64813598
746032166 141945317 851370316 596399524
813444350 670590259 404988055 358462163
625803016 459281284 621881632 168847160
311458608 692031842 854341776 204536518
821376459 846160973 265068468 878558923
727454873 147424097 329674635 617132083
169738589 840181442 9804112 659119321
583776472 40241957 69059553 187894483
320990735 865555280 925884082 846355051
456491559 860152037 737192953 922298303
97680539 948680418 148428809 569115664
674163799 986703956 342439493 244021811
708984141 312412376 588332347 220157503
666055646 629961177 837379677 820107650
597428527 319552273 803112970 698498905
592458294 493396953 42365920 842996367
360622918 270445439 487927733 130330978
904285852 619762160 909702468 652007727
843679132 16789071 879567170 946524184
118348654 491381911 116732392 987318177
31054517 999023282 785745746 987774596
488596739 374568213 224144958 56248768
478083948 97450648 881283024 87319239
14129125 736747830 703830047 691825153
269626273 358912554 555372056 430503047
713876206 204760888 721830115 873321772
905355367 692815144 937764241 75440062
81458424 5241730 815652044 663155722
517599670 395418178 369543761 862504659
540559771 826175799 959337862 625974955
736246944 309690577 368983200 292406961
588077881 746241692 636441701 916755560
289139102 369308614 119121051 765763928
66018634 927494194 426177763 607352989
227714651 852494432 155664287 5695412
689822 259135214 666352823 157018274
457696257 5696783 955117782 286399284
929523632 740893111 923638776 933543652
893690276 258109152 444064627 646185815
447430653 890202092 135244106 869846365
41431247 572573318 153903150 517380311
736333370 3099934 551935712 345164333
495468925 542132301 38348540 677273020
776087238 458942890 988033112 245590302
727546039 245896943 213344482 95883582
267858643 657415126 760203259 442024020
541985333 664194507 516307122 915865728
790349688 81263601 54859714 312435716
969869574 501245901 77070798 856229266
942284898 99447998 96369229 942007831
581398773 311495392 586150787 824204889
905266118 838049807 149072978 344998495
871449795 53166748 964975391 862137547
461377177 522597874 682717579 868932584
228371037 103659272 69722568 157723347
380737921 664049100 741156524 394472293
828876320 612722872 215350612 291985357
267905143 861261419 788671814 121076628
692492750 556281637 599192783 240486870
542456174 253752526 737383048 986680670
949133430 364920515 468347820 835548017
85162644 308972997 929858289 107612308
23573514 806278153 726808513 808513601
873603602 828213568 982088146 596649408
756194339 879934118 312950400 633024356
546120186 644057299 804442757 45485719
789962577 606366732 775944803 314103351
657135371 906995420 56818960 379412026
645244620 140924742 522489284 92379192
201806621 960869941 268687185 443892934
593533751 219636865 718807138 195160530
621299101 44413818 419664986 39151401
929583434 786544279 88656440 762698102
277166490 206087785 998839976 265874886
702191088 936683436 355075823 328439602
481877539 649374990 624723795 915733516
605300152 301785183 856978415 85715972
698987770 885882197 761351654 185359693
178971785 728505933 264276082 405028055
750681786 987019666 60346369 223776140
480114215 844788214 802647344 949021554
314764106 826944585 248299973 278492322
688011654 753195385 899630969 424717717
2653035 470283566 85951246 786715504
779349892 344704944 28109923 729784500
803207631 693762253 800535815 829850071
850033688 810944354 947580254 109390115
336513150 284971099 292499997 234915800
853523330 579769557 827782962 680761786
766436181 917112763 493403311 663218040
926684972 18601161 454179252 324612593
686554009 807054469 125047753 31831462
707953473 513179112 947772007 806023863
32490698 368616163 813052588 233944172
320655403 467430306 777017943 535131325
662566531 537574294 376702044 81462925
445588657 767031284 419700930 159646547
829254774 873942574 734686703 706052643
669574583 50029053 807445911 293391458
554630602 96357244 738050714 368220250
961229861 862453492 972961414 646220119
184814751 398803913 726741033 680161650
526603361 626279867 695986880 47138398
858394125 208492295 900667699 940277476
635376947 168998665 900420634 149747658
122039022 813422564 338856764 300084801
324250764 179880951 130205329 189356498
446844663 790521515 32232838 660428317
658360345 672468181 548818150 98962305
331137368 662340570 642073807 852765424
429481565 735827609 761650053 21916345
880247038 202189480 307101000 278410163
893561783 197248130 37274445 891207176
949777405 29294126 169937123 169206929
16553074 44845621 372673206 286814586
634252473 977564410 757590491 141848425
226364042 669410242 798339519 612694888
781405636 179080670 914284159 942034965
797729370 139141039 226329263 657132453
406310942 338007621 710789157 973406014
759305704 912194087 314265229 891491768
11217362 334735628 449410238 821676643
517416374 457752742 232552607 68353151
611041189 788978430 891142628 329914312
716475838 600467613 639467705 187782203
39192972 144963825 337815087 341023679
35844521 268326231 983273321 366526841
276327206 511279722 635826506 332760359
583479689 209400761 982381536 426168115
46660795 276036789 412150270 899754138
449319186 977637580 825435927 623964693
665262571 266920252 661570618 176492013
686279502 413581185 690435703 338749238
352790686 591321750 730625098 863179404
654228086 622483255 323809699 256118698
808810418 721858069 386016438 910100566
422499798 233674491 845494779 127081963
312258425 602892773 423561076 590462366
270036025 217382339 334961759 997136950
772705415 387625165 657579320 535532304
726010949 905232662 833442806 258378029
997020094 955528193 254485687 290859239
198552621 105131266 464690146 625789326
549370000 315367137 891572909 359901
402686363 263977257 228679309 373456707
297847344 227351118 536977735 762373682
54915450 766681776 804692421 240349039
161678406 677131858 311167431 99356128
766280924 61186489 43090092 271649531
784455830 291303337 517984247 129033187
730328890 817708765 284455054 472256232
492015383 776575202 876612156 240820390
847341312 261138010 127567244 456865369
275232126 502486371 64716453 134398938
30434242 678972776 830956186 498669604
8343403 866152028 470024642 583328737
795783831 741383873 193368839 208073465
690245866 74347394 736671428 790116559
105802163 710059142 117081303 628342102
708283559 245473691 701696033 489365574
56139199 73668572 926112029 109280344
765996740 317437210 268851035 4751098
926178626 927948942 545002100 795818476
592823059 608909571 24583839 577696405
496054158 275314680 655269021 605698458
33680021 14715197 34732774 380564126
135379707 983246570 40683665 742353783
384569935 875736207 19201662 599619924
261447168 349873212 570232622 172308996
632591287 656362436 734040835 549216484
782647802 711947151 291193154 784202492
420179741 914205832 138310600 767030621
847914461 736577079 890935494 404978811
891349118 985462192 430027131 95786668
321290260 652619095 775537201 443877282
149144991 846671010 902313195 929686704
568009430 591823829 96628074 257594202
630852291 978150855 720042025 50498911
152333535 938633915 439023578 960793532
678564759 698086876 553966299 941704442
932299108 227960793 440616345 138507916
524036468 741484311 238917452 134216314
400124439 804366720 878811317 360397393
188859691 858363628 674445007 608659089
696713709 169312858 334786568 370744446
481129027 721551489 307953653 389344950
690213601 471343171 90323249 789662695
996233186 943989538 899780721 659319361
833938066 887357667 470966407 982124379
763674660 166710293 416766998 797220772
642763608 53740682 839510995 868457891
509626564 919365533 11090264 354333964
711606422 187127731 419090870 676936636
493177959 699101432 883266257 558382610
621764445 622328859 297100340 340028148
233498406 819872399 695340020 287424564
533498137 375756971 4893492 265095842
478153631 270426977 580938937 265310514
663223781 130480540 343302271 652569087
679069574 785683927 270234195 965421890
924523476 485654757 60788165 983691812
617839323 695765817 124121195 934537283
173348137 772353477 26379794 429764374
919282409 319768205 249285003 760819595
277793728 94816667 530470290 978943677
783336300 18437346 576961259 347533724
571603055 868154163 725017119 768544009
825218136 842380930 99783494 774797712
239572428 395438149 212841185 910237945
539947960 564071265 133027726 65851537
238606602 205936831 985109308 496742571
946728046 359220413 797327872 774292163
826929587 216905151 77134972 437737644
601454503 363797762 115901341 627063254
220524471 976248498 364706859 595048765
384577707 270041689 294789370 97114695
867734183 227131148 730078861 110327525
476162302 752387671 489713664 581132745
221339217 702748137 43460839 297878042
338366617 643503482 995813305 135737251
656988358 756061150 903016037 894789291
101979223 383429772 545820884 133405801
112300160 999357177 2217559 168082127
664204988 309657823 948658250 265994209
569632048 40314959 959536413 897267664
862000490 206091620 183745260 979699198
104398242 935269417 490825454 438371678
270126728 208727068 201262745 832634910
688328464 863184827 653812457 149988934
889436004 520318975 295420171 845789121
893102059 196664484 180991611 666400203
804776761 414667091 487433769 625208190
154318784 26471362 127409773 58914531
359666694 719206686 282448846 59568354
227311188 658250030 685332792 218991544
308044472 835402965 269517521 554202619
313061076 195472031 146098808 922820495
54921320 59475287 997246267 787969306
659384386 711832942 138342911 588035016
80533001 43277027 182974688 262943758
221180190 984476795 344036688 198393449
561350210 979085258 664853381 836958579
99483386 835200998 280282375 915114182
457823319 709135645 597986128 324714063
89487166 32931407 981607312 138252398
327699390 874875085 494628071 399739245
180211349 827317906 503267287 870819294
132024640 736600967 217838982 601685146
792830498 730456954 502073112 800280754
923349540 333539221 440566263 712758360
248569457 407923892 438593369 488943336
344320801 39506565 435388721 887752965
971019983 241607152 12027249 837617987
115788686 446307137 933561336 237246713
273932927 811158400 4240591 918500539
998276604 135332353 729369249 756981857
170402560 507900018 687659075 449274845
111035871 658768244 282086641 313321297
445470746 869137922 900350536 495350862
510620253 954299054 588305612 588806451
599692710 653297877 318515771 591375010
223301101 386050258 232270451 79115182
990041719 719799622 869984776 281904812
157214285 550034242 384745906 706992590
735156011 892965844 985472629 43720326
303014975 90312925 352865093 971748026
598317759 162852097 2836198 775795698
304815421 514965240 134744376 208209217
209950741 44911018 778516930 522645126
708689747 768559049 649663997 520393398
445248767 12389763 987186008 268962986
53401191 140992685 403929431 364924237
58235621 648943337 717787975 436024171
54291050 820990220 402218647 158520762
849424944 775292275 419044644 714766610
75581065 716408998 303207138 902265311
286157409 132735251 619663717 685252882
962042086 260414111 37412151 560794016
541078934 55858951 231240587 979076884
450187580 719171580 434374638 968067805
154834156 505728794 449579643 858111996
737811788 515179717 88078656 982330936
901416863 606153545 205629655 640344054
280400940 431842358 305557677 358519619
512530226 426576044 845740528 925115637
42237773 234453490 957761930 967871052
126932439 116372836 647760611 937894757
605507128 640068151 785626842 392767009
719803183 136286915 612052627 324278572
166568478 332791143 588702581 855068305
110249135 157297920 210003078 56017976
747495781 715761518 788425337 607724123
11667643 108911200 182646307 746574824
997661975 84110935 683657604 680691406
264937494 801748770 72729487 276866987
631980024 379859615 357002359 426274132
158880052 243971738 287855812 17345570
1861725 667824680 852582811 869817894
783696790 862948632 281454852 355051523
415879657 47631778 665712429 602344808
961562886 145083878 69432044 521404815
2017906 245013571 400767147 649489241
866070811 811493970 477541616 694050209
758054695 454531947 816119046 384753635
61028474 992268281 263430369 778090326
840900933 972794856 913946224 784551879
574159231 564835537 641837533 378796427
196623745 80532847 762967733 778584924
108062374 5396666 342037935 440863917
98551828 684494812 749433866 820387201
678138263 267751241 152611269 571638787
50491184 368689082 379482963 203437317
584324622 148318536 679040087 690410596
62842058 382572251 38258649 935375764
581919786 668280557 744773047 829953015
431643986 726387179 655501675 510676277
946550370 764881214 879179894 591612220
455529252 587635566 191219233 730571961
554558421 242251912 745960454 592728218
557673221 37311422 973143532 514054012
829562279 178845565 94615475 199794801
496845799 929261384 605532899 252405343
338319963 540487124 894486059 678133330
875865316 34619917 211056508 800935505
778782981 792968065 579865159 566588992
701472928 800332569 127309846 516946777
767312843 258060045 70084654 227836242
887366559 992198098 316902229 414912283
55457179 472818142 916819495 141259453
514810999 943175178 382403153 508295410
636972999 463091161 714309285 772125145
753900649 339925746 526777137 772784013
404269615 279256048 175574113 260574614
545630884 945552205 986143831 531352960
751036589 280706152 219984229 149919478
462254107 19831212 148457771 368538832
855622325 876378550 322584813 605938512
289293980 452615581 426858126 532260623
39008776 178077440 794014018 708024493
379848061 769683191 296134179 733644047
550859859 644791212 530094620 279482840
987939454 734183430 394892324 186092175
11360406 956503001 538745486 448668985
250934222 525857485 245301613 768140535
191967962 604753146 219055480 497407020
280791975 320758101 695797788 807113277
558641675 203963400 337873803 296725633
808645120 556479675 697817987 332245748
365515775 975765048 490986302 359754051
197690981 97513203 40745861 273303964
551430622 63943737 244138613 160858686
216121262 121892245 446544191 515829588
504570546 2386053 804407086 123451228
189061049 817870219 55556955 972399821
536307845 112708530 993890197 669910085
186952480 422858091 930006128 730330122
395545631 140666395 871959439 162667219
642069555 398381619 596979291 416685137
826963465 202537740 979257397 97488497
364807790 579948085 282081483 247660088
69128436 25726500 405419273 245002869
123017214 30588105 139458326 49969421
846155512 620307637 708026626 943376993
713633389 444753886 560188020 561931324
58905012 542378385 883810451 413120290
166230211 19474365 383280577 2713194
209404659 866130723 499301491 946309739
467805736 173213669 468411475 989705744
119985186 167512575 945749218 867452168
709501298 65761781 874546603 292887430
239627086 712745125 233190988 286042174
506633969 122006060 901955366 716424584
826110426 35635461 713910759 65670893
315344234 534772218 59265374 339538717
885671656 696990599 773260183 861466660
546448244 215480720 22257297 466173561
946330988 71287829 527264810 397753249
767363178 236939923 346715610 700700119
713998797 46734705 790388169 635868758
821607647 140070315 741623202 814634219
41296767 985599744 647267979 361342886
341421834 852446313 782238957 817773303
437800990 580864603 609063448 404973859
786738233 724255182 718928986 459137559
246355439 391377615 593767209 485093494
471599939 939585894 190416886 399023573
144329197 736527380 828488967 162743032
494426884 325195 649459625 624164612
384099858 331206221 623933392 316808651
373009857 471393821 943864448 903500882
154563084 536893439 706882623 469743295
684357961 540538987 764641112 936106363
960425849 976087480 628042539 250655155
646056294 287285138 875876008 890099754
556354786 180614538 722448929 411686789
601860737 511875231 196026720 684804120
773944450 18130589 339361133 192544038
153484479 743642636 332413642 264718576
529014276 501725420 21204525 547216715
106156697 751814043 783088644 82672005
936312962 203635206 836269741 817802864
912137937 835191711 126348236 202741914
160006401 962583302 829386927 175048153
451641090 95712838 4947502 967983579
336485279 141944033 941159028 255167632
353000327 10241869 927815623 599259225
905090212 436227339 38771963 539285102
602398747 340583583 156555896 688266841
833898289 933179303 379650918 174557447
305751764 428802306 649976260 627773106
362743035 831549871 971830755 246867855
645658344 279458986 11823005 897332306
7940286 49896826 10690716 410648201
7899174 818070302 77764807 741160132
250053415 425305692 186466321 972436930
64306256 202130649 438194076 717689999
796765488 693795473 952210223 574918743
357341467 741641541 298521956 161147838
18355985 352506311 810482991 876489765
269269121 996331350 600430031 282825930
863701121 613824099 536099470 510327405
724250955 116571629 31726954 592655882
158029395 597572160 781797380 256372475
302536720 806036476 716253503 425726753
258696916 516023611 83930351 592844492
570460098 852805954 465908742 277185996
879862134 839563977 587963936 508346384
674168523 784468055 423473930 242273711
256064060 609104372 374154887 767192698
61572025 769103602 466455470 197207178
53996847 728842401 164671487 894204277
231786669 473159286 652162049 460337878
980826651 199710393 96725203 195838900
25367707 239175052 348887283 873489141
759305334 366304144 194441313 391410814
545353473 972902643 547231598 799844552
479609517 976488982 274385759 750778935
722762060 103439422 473436142 108671816
470180898 340709927 635746796 942495042
652562004 590996244 696886278 385341982
205314671 601048462 438407269 733210831
606002852 452003997 480218796 969207690
472674682 704787396 600640341 564846417
930110438 537065555 215289859 234030537
415838038 916135389 843305432 243307610
617638912 737607335 11369018 404960634
840910927 214070072 935404283 466489738
769382947 681261302 300999951 192068584
270416051 64469547 51789728 641636063
152932253 233348653 185555504 268457494
960737706 146610274 364026566 338291172
778475875 327092113 95658814 580300421
52474751 688005382 526624313 925334904
787598260 112946600 283997674 126199123
618667628 543945893 466294347 548176246
246915333 44782956 42389420 491852661
161516737 463308685 487770013 471866776
934039738 134312417 742757214 135204358
397954415 262147108 525780393 581988075
269154577 249132578 20182655 135112530
116936610 707328504 15053404 675263754
58841674 249761976 804703732 831294008
525801673 370829734 142571249 69564431
715545406 436212261 722492812 754197736
33465133 946350609 721714512 746554961
854090781 994859011 751445832 298906429
894826142 254469196 917196047 87789718
283951502 345845787 590087099 373803611
144085982 172470560 459156780 418977471
889520062 773320460 553051205 811259285
720939157 325314852 765923455 26033957
859505984 319974790 560453702 737258568
412705915 828652006 61947356 758779353
639601484 469315982 239270043 409776364
101237578 955328318 306452785 51601822
329580602 174698869 888246163 140975091
336836524 351065195 573844780 26324457
121513770 310379775 470888721 53895456
547987414 92244690 807437287 980619951
116193863 296605689 644526516 37329437
345864887 814991664 530295485 276456192
988797997 303928947 352652173 520448949
710699450 773390803 537288636 591285914
116217368 997143879 602393375 601365487
83569713 135943659 57800005 496904803
487844652 829613802 47432000 5812154
727316306 241655114 717421082 687383708
563995671 456152236 325419982 623365953
264566393 921525295 909339082 209792295
138952107 516247295 936810014 985838519
518848297 363142978 442064715 769053655
841470617 271952724 216443860 277992797
142993782 220987411 984549750 316976522
247030006 509130503 775476250 462201255
337914016 278211755 475854890 870200803
627670208 386668451 472042349 163633074
425295176 674349609 231090983 514473883
17218288 110532488 211266087 846511578
645626372 973774655 973400394 772523872
596333888 588201776 858161162 579909592
642145239 992977680 455962757 374612183
90416397 543449020 526416084 347047519
731483342 526928643 587278126 680914796
239847647 981810029 304550684 171070756
532376936 40874099 527839412 625275189
735684733 462975750 454260475 227513048
317838481 125555023 676811480 119554501
413165475 733500493 340605086 603287339
386187978 681137203 512151670 502798927
465719782 105498251 330282347 528638465
847327171 88696339 462726702 475357537
318485968 459343222 110269991 659423434
13748530 184452860 123070406 255019228
186523673 238741551 276324265 802031798
454676643 661982208 648348704 370375036
768685831 426066874 684328934 249373879
470522962 996301463 298087920 462634280
301127687 628787226 207292593 628786453
458616056 867056993 883473203 971712520
93992676 502337043 525487915 840400416
499276670 783035124 988135304 893425412
250215143 196436518 442648023 141871011
708566598 304194883 335227713 167598546
329703319 884021020 151737598 796023254
600985287 448415603 626327551 854476904
382288660 6247784 305991610 981790246
967821871 741607400 87983468 174631378
395811811 692945601 382739368 462022703
231847149 463974330 912593146 897564626
560530776 998397918 12054103 97501617
900984073 984009288 951054012 683769560
888200301 310348090 476154489 140024851
491567636 471255275 222366634 815679187
992216078 444307059 362656080 59988683
292103877 832917032 467791225 439955251
150410030 421838837 313691567 176059480
280441002 685091746 757446564 174898779
456891533 786098929 487448729 353281678
677920604 111886603 726760777 368335612
586521019 923997911 827886579 497245554
439206291 915124034 559754136 170317462
302575424 361894936 178331197 699276800
740017243 433017803 847532789 553956716
59529747 130852022 333779277 531631778
555684808 73768524 642663711 542742944
92511806 425464280 691185731 288436938
646315762 574253889 771663903 307846812
486201686 750267156 401362174 90129404
821942860 303518044 924745010 718991857
903307532 524378238 513734656 211031188
190973372 961028704 103277985 214552061
687087938 698450056 241299839 811210812
792556141 845626903 894805689 360578527
725311373 183698763 561850453 165327369
221644390 819572265 772851845 637049499
102773087 105237458 583213282 856658361
250752956 885310771 481670990 759566298
282501158 251447961 830816539 765935474
233706322 879950625 619731370 844031116
5865493 590224090 185333365 619430167
779522694 147875741 195708241 373557710
702740891 700124572 99587538 724138120
695912030 120749637 366791647 367808448
730869841 448911308 404478640 721273407
516454943 519922136 513470382 393705147
577102880 187070983 246126575 874318082
969120335 495630452 549949832 654085848
299858428 531639003 71976751 283101773
593711639 969626973 173970367 925611141
709784931 602625926 632876943 21130182
764131743 645625522 16346196 631216499
664726442 46217704 422813188 752975794
218813585 166824896 685773453 687704993
220170492 476956616 379687284 879909818
853916446 81033887 965512075 483322153
453991234 82452370 194779706 509641346
286082743 655224795 668294907 366729109
802674366 261051778 940888818 771176367
20616510 954147737 38090933 479301102
965267054 639316892 248011969 368623504
899425283 413748483 385481730 448616563
848078641 376159514 554763226 375680647
308915831 571463489 630560210 182086371
633542892 687611436 663759538 20932780
285861759 853486783 132495789 906839680
410164273 690548802 764075359 526911276
492180907 718107246 313422710 814137475
178682709 659072955 111515238 976246628
647564946 179308008 761166856 176231970
819985766 828203403 229696349 360453219
793847716 186127846 239634568 991179390
54361535 664462763 499319678 896216554
733539656 189016198 886112130 112809199
41228307 795887094 965047617 140409868
427128445 609800907 528705494 56163213
113521823 720942519 515095489 669444331
350916156 661348268 500723523 226890148
329408315 924782738 381448103 346852136
419692739 971424976 927178962 871642667
344583819 718327238 667749968 661184813
437932187 408866480 78304988 321612764
257576538 666961467 551643349 248071998
741607071 268286851 565922475 364838704
513073413 932201803 108469996 907976358
228650459 619978442 832765773 35222741
17959386 621001062 287936039 643312421
710139193 692307759 444117962 40082700
934251469 277509078 127329197 429496452
609402073 189411632 296834328 414753220
928759432 31220089 163852082 686688701
444598825 728596747 114679593 972574880
358868972 405903037 405192110 824263517
354242555 765394529 676922341 183066254
322676194 355272481 919151674 151606127
61553357 182619228 369305099 395246842
406884224 541200685 612876991 577212513
956659458 213785523 949469275 165949342
129905674 41441705 203844403 314038688
695947772 634698088 713483030 135522771
191166649 2664310 395673092 295720647
35232943 987310134 387765141 957048454
65000733 109752306 849559157 569965881
274230864 141109317 402804073 317338317
254974774 467055823 51748809 38297690
770975014 254691836 132995709 193903674
807230724 622560411 811374393 774850982
69729667 845653237 460422197 500496651
162513175 945828224 165562844 414417695
261836377 797828291 586589343 633731489
516910757 390263192 120326227 598571175
351035811 612980933 2671598 870606324
765908863 632371139 397163733 803218170
294895955 804599121 40660237 267025851
504799391 307299638 538441525 694143358
750061418 270201593 909658708 628541936
522985141 736111826 443644522 646958555
248359303 365401079 935334289 862170810
387072608 752778215 521910912 492788803
978629015 452974500 111594868 96711182
350803034 714624501 385146944 312054283
663344354 85583508 878103519 299800528
703624710 424885395 783812119 625509683
371202563 758433306 217630978 472946485
531975067 117956688 862758676 855265429
485952727 647637859 142674388 446735477
990552033 304122110 437863560 407460333
86833195 859704558 27039035 809546534
