1000 1000000000
110877604 139651982 497593324 504418995
504869708 75540979 789447550 856655994
100402782 331516964 789042199 781463172
252282779 57061352 997239644 186895099
881076942 198105270 767644960 639341637
568100042 46900249 579472281 99658880
335292880 599851283 796548842 386947760
580518299 392160966 71188613 741516322
775262546 310281350 245055392 751573321
961840651 525489979 519282775 265646893
454906285 709638930 680546564 941391620
428841680 504502618 346321474 78170736
929048741 545557209 219469351 759645817
146034609 22753556 252916115 498521542
622015311 967023455 515698334 642131988
45262840 971094616 83705561 180601863
47112744 29087871 493950775 886234833
843863013 305745388 821523312 857137089
923867149 505714274 406437183 197662582
303070171 97746644 46172778 49605689
971619242 436997072 268721384 717187079
467156625 770371242 479659423 880934697
433145100 876437691 294052252 385628360
669253767 990278251 21012163 756557871
646570569 323802715 516009158 461459168
242392545 372959433 879144061 980649696
799953554 245489211 52292842 431433355
586809615 258108268 165043448 102273028
505616855 419016458 234081901 194848138
260154121 591219503 942122490 683918448
213031781 622575480 754570843 301279311
885140442 324141760 129610320 324134364
699742047 57454913 501722968 869163647
861017376 55978164 701002017 678450594
802258456 149861833 549027450 105517081
779687799 388000809 353661627 763106373
913340742 855557811 375379392 91801657
512646018 641463180 831497700 243778639
550190153 368022845 216834602 728184702
726099480 600483576 93815665 490686093
756794138 185701965 458048535 362836630
135504919 173633430 780548715 538862159
388504465 556975380 963972635 144776425
573280430 740277273 356638971 831391260
446027757 671238428 556670834 542557688
646757575 816442335 291778788 109050002
837033636 265859528 799865590 481132722
591490484 240887903 954633523 513131726
675096147 894349221 589772242 757275573
942219487 167662396 615614182 275930899
66580865 247630919 603126381 328627185
411001712 31976521 970267015 262224169
272348581 433029972 128417269 665427973
732264558 826271320 999634387 581396334
838743460 107511210 192480887 561456376
718698538 255188131 346161798 484515679
755917822 571415900 638926953 257743676
773209035 768369363 744315205 989793787
132322337 791707855 668948844 736839445
690442502 504883911 336911142 105603058
396747527 621091086 565281481 544130547
488614458 784234979 898805910 69520910
964807139 943803163 810555551 126680541
736288577 591461274 355233782 149118649
988233136 44317417 352249461 27972327
645159544 428706389 97301988 715186518
420468215 952454221 274868129 101091992
441802316 809904496 123824097 730852112
557822666 548629843 237221896 277139480
427876137 787447773 277161821 234994940
198533564 886786051 529058458 444031054
435550430 837223055 90157625 857681777
112544101 478923917 887692631 726680370
820352709 867743098 345903062 425157614
414283513 687476697 871239127 710809973
206198739 515955944 93782473 205715764
604285064 349856044 852561665 682601249
224647911 933505282 654108915 367052412
951911322 909961249 776441039 623147866
73965916 749921833 146456413 538691910
251170320 807124848 828415995 981417352
716665970 634019512 114679769 487070837
644914916 545623741 273527079 876316626
673313057 433860000 558685680 369814962
495337529 360006812 715826443 419845200
639018536 931908136 548249975 423366888
421780615 848734632 212527944 654213628
970976477 959516930 815574937 608660271
940576341 586857086 284153745 461665321
424295920 606388718 630115472 259717725
871529919 343374431 78138530 181685401
209668580 650685480 865076671 965156469
849978864 875681233 673488520 264173952
855798585 659074913 881028766 635670339
517982248 864036963 447310831 443746045
539890220 961268924 295612352 188809262
262116322 350819571 885343489 301888862
938987649 323532062 611189856 775350370
967572429 116208967 37884153 73153366
510339101 573517395 710119272 677401552
609038482 200777987 621661745 247171564
537292037 238760501 981744818 256757527
717473780 927835669 181208544 779849394
831884943 284550227 103333485 997431323
902227020 525834054 664394267 193585673
914833291 578216776 71535383 663145839
919839510 26005250 401695534 418136291
319332662 426348360 46098153 303817423
966088144 562099396 824225513 880813588
241238053 167978838 973810040 612374769
142249026 218889617 331370681 979621047
670416406 307413468 686311541 854695458
836467985 15495366 689088444 437498500
754033561 396438164 699801560 568579212
926105007 223561671 472744968 152930989
84857788 308659216 717384502 355859717
245513504 936710955 585921518 715982018
872484759 519014058 89825617 531522344
785306206 305987769 548341243 972993027
188844421 137413357 401697933 772279634
387306134 249854600 183411386 777945351
202210263 202319161 696247078 643224294
460445185 613243461 406839162 12581610
283380033 334246663 727837083 5792531
192220021 928167028 79491988 88568270
900030878 4002864 178553530 190497726
453417922 954820975 161576118 809027103
607353387 503121908 36476325 921124665
215238777 137231035 708940148 227149076
354152109 817665243 635273664 644194609
149977702 916855623 593981321 512231277
415335675 779058809 553917356 244094072
506372924 312783615 712344949 268728809
402266636 7830981 665528661 981601760
251202609 764647491 521580397 966697020
503963029 375995646 463030282 396686757
415445550 129163749 673122485 240888264
522919892 145837586 496310514 228565072
997910137 740230716 490254731 656137423
585576898 272246848 120145969 462084297
465025062 139030146 822193262 458150169
755916066 377014754 912979057 853622239
619899179 598143519 410149129 378579984
590806311 854948454 375653732 519325770
285452044 730898217 635445364 291691987
69177229 952663604 52248875 378825300
807031692 329069106 447810427 255967304
145237089 835115790 606871513 155269013
730888497 721365374 316861409 215157285
323308929 129003417 93937915 430473957
481287597 504890706 32167217 587435161
82127496 463502473 421425248 407338839
265083167 12783581 940617588 827906430
285286882 746933435 691058649 226872703
759267061 935360515 941982881 262269197
806233585 205975507 845780585 156727225
216852291 882145990 132864513 200067710
492644477 72889971 102553834 528815655
429518845 688201365 179476196 598634028
543861584 382723979 799216724 826253366
700506252 404795208 857589695 293581369
504582176 470227759 892484430 673030736
874717765 516734474 495605296 479897922
524711940 807627738 778998998 347428337
287367479 766069422 222268150 504842872
95429969 144179383 517916997 335544303
649090346 829841853 379961877 773016933
609996339 474303770 723258729 934249282
512505991 400327817 391610892 810663459
734484065 685157444 637762706 869345359
619305930 421827324 168786529 727982247
619937878 330252230 107198865 823461971
408973178 153888311 406890794 42064581
429172333 772767475 313570885 441316220
327078409 902083302 426802216 205031796
63258378 266994409 635337617 508718023
963337903 227623677 757554085 262730946
653537715 633132592 260804671 160582875
376490055 400830229 235725797 501788881
407344793 833245717 744997622 557453479
606532608 982238186 955112356 79337325
535555066 683742749 410758480 825407279
108385694 406544735 757472071 941101415
126712598 502367320 973226056 35872484
541325330 463991141 330268966 658973993
232443057 113033703 122284110 901078983
438113786 662963108 863238741 941070093
302769577 946906471 62272284 659604328
96954847 810216294 385947928 449872378
233954565 904302356 502038391 125981124
408449457 548224621 451761968 832764084
578492740 681049942 182328534 454319595
920106721 479747141 268527936 906165705
40213288 780260828 980168855 930247117
992851829 333371090 792376015 443444909
468834940 339783645 376076156 353033421
449560561 769286716 650906970 776023195
394028263 549069678 820664604 948979832
295714484 570700447 768287507 156389076
545889670 216468709 283291032 364668989
911056191 60279143 376766519 812335885
197730893 656115161 413428071 709472699
811849160 720784643 964195106 755431808
304604106 750541447 291263168 270328543
647442659 863816811 875385813 541818741
203105992 360146173 567530685 243739455
953965928 47964524 994977583 60171125
356046840 489453434 287948029 177435780
318395505 457223605 129137221 415234436
504249386 380600726 11630284 487098948
584858777 552970981 360043036 393084403
127102824 253873784 704054650 405366576
884001092 797582648 371604743 911657270
247532138 132138168 478211297 107612528
341735203 474105790 740413841 170049981
184928008 25401006 164114844 869305229
308360908 686611199 626146182 296896842
671946221 983612670 311556270 737716297
33763859 516925276 917288250 493729523
566056957 257548573 952826524 495174108
632692168 221986613 499468256 274613759
965268906 290618126 184723937 682089766
842466949 444440456 611109388 452678119
536599914 66069356 560030138 187359730
950876124 587305542 275874479 912523697
957586468 485433387 499802958 535389419
116505297 138136314 966842262 612317630
645357696 926395810 832001851 326097953
75168150 840958135 951747484 315230595
654799580 447114397 796071628 344793508
735806460 465710003 555399912 235022062
758913074 670395314 127852012 726382428
576449528 578128949 427044887 489188117
138766228 762928271 652400875 278628931
713122774 106435166 917399750 804690895
29979492 433465263 362542059 937055703
135084938 410136757 696286666 364534342
159316873 825237019 852536212 198349634
82530106 378888378 460519649 800172759
712685546 218654281 353657286 781726825
376068452 153570094 125127835 12114085
391273689 503173686 339459100 167213585
982194366 885982265 991119039 171587858
248563603 793729883 12689678 361962186
835888231 59217611 351902683 114696886
381967478 243527933 634505663 687638382
629099519 619149094 797485767 619522660
812112830 953834389 916212559 837676396
117554449 896358639 666734307 67189385
703854497 687185736 970203432 106131606
386293753 861784984 212401391 375733360
906590427 346047928 935271906 729903802
64687023 151807569 770715637 424208490
113698984 408421277 376247322 867374769
200361599 719052313 296382487 595601403
196968571 279704001 664174438 678550843
409168399 901130808 156188647 134228505
924481762 403587327 784776235 905864937
133000788 487590805 403040011 89102316
208743583 435237181 36477745 503140364
4375347 928685030 96463445 221175990
548670638 569574068 357700071 947946352
933625216 927297521 820072153 905677356
613226610 738668407 963679531 187804518
489660444 681859505 667812753 7165648
187089369 984754496 398323276 210269854
297309638 305932395 607259128 413978227
724066447 327008366 253318227 533503326
333321907 79985039 919409252 541011854
428546725 251783209 404876504 405285122
457043182 28199259 645354222 489373993
576798817 748835798 123937580 449443441
114272743 526031021 932926903 688042430
795896540 71416554 167705067 112801940
460061886 899396213 248245487 632748612
800544274 837935871 785328229 146275578
520339891 144957280 700192789 572630657
586879105 490696132 579236690 620160876
710162349 428857246 516403603 606555499
145604047 885623821 782470041 893027929
382327468 861859550 37000552 111721152
515656273 628656261 388836849 54225683
532311973 88266754 652607992 134882548
316632341 920640245 4034762 444746456
546162658 189254042 213399348 534733648
144676703 490036556 161130716 341455345
437070022 668667309 327510295 925729583
557375538 558244346 908048213 63177609
100333985 96590767 111424739 282818031
534193245 330375678 643881687 714682460
195884265 124059687 322385894 586958278
665073013 543049560 176711855 974249528
438200008 952656952 231501275 449381278
901488362 94102626 764365319 588048262
83296806 265606053 214543650 412537647
365561533 451352751 996238485 256934857
441028047 348732555 55968871 142851967
145375285 148788478 771467240 503272059
97440288 668022740 912592620 356831936
353248615 592054553 559943928 73653788
588342614 784847350 132069824 142685906
887119337 192356548 476243662 867310053
248333977 294743210 833007034 756513820
203645000 815458154 432381270 79026232
151925723 516122751 123200838 764220040
280903396 744504456 794044763 273635836
447985982 783088753 218138491 395579381
956935181 636582555 314905365 566781592
371282237 241012017 733222436 474590227
398988914 158415195 400317294 12774842
691252273 329286224 316851720 873579780
550748666 412353156 309454581 571777552
211421549 242440554 584959147 875768224
893741713 391534594 346474973 342268162
331765470 275571861 685964934 780672155
366938535 658994619 999580800 306945811
887175782 853083083 700466273 758115416
319750830 957634043 771861673 660801673
632815709 692900120 800217270 483182645
824351902 962512834 15824994 985235851
47157666 678041047 93043262 416728895
22582983 838053391 683195101 889697105
250491239 704970826 639315869 256642761
787639475 219176175 217266427 621771628
942879643 134153622 560913859 183952542
275745952 359742369 699317128 156664472
222716191 610609830 356361740 718063417
762913345 992286564 646170866 123918709
364982427 957418298 509599457 55425472
864359696 453217421 307472267 215287312
338927079 921719259 61230349 101343596
292999882 753483592 703970502 265560529
734682426 70570037 821517366 488459362
77450478 14699006 914703517 118426499
588674284 522324625 882587964 510119813
47228604 354580147 398710298 117285050
21830724 748869906 368344901 982555036
170072878 706308652 802420475 199816001
857332556 321783573 410007665 555155910
981662182 453081334 637515603 728182543
167906083 152684255 432118872 970018281
741024505 924902093 375153522 923205150
709480742 995237584 242700849 558352352
195536126 155745647 805508626 655202688
668532322 255159064 745098634 572751496
165116604 791585261 297145895 621300697
653297227 563585368 907773233 184940296
299607322 640279565 850676422 342805722
67534494 18816841 52053922 739907393
256220111 105554965 752962389 347919187
132204128 284124983 553206067 62790906
338678608 91215103 205934127 236475529
292311613 852117914 420095683 314000063
115975817 324541600 840045635 75827914
868041650 953215197 490222295 446876751
339662075 483626572 493468600 462752610
905909267 627412671 438650335 821834306
151419405 332971040 441661516 983578857
336009776 843213284 174433752 696853660
385961568 864959458 180665681 389589473
817929635 946910206 874276123 15094216
887280305 596169732 768622529 551245226
211571751 93230898 597113184 151861551
408171048 533122972 931831291 532156743
189508258 750811306 716916703 373044655
829685853 761453099 944548352 673973501
925342354 690481076 134360726 447990746
771603223 931975945 282766093 531817087
884850311 938656228 560587843 272507044
448713032 467306595 418723059 853402313
218913527 185389413 149608266 400738855
630896512 203773096 424924888 4445618
527206154 134503001 116698601 503079947
5135137 292944622 719170982 625865332
13941914 178581123 798078142 285791818
508030025 478338571 746933538 474969919
279792505 798542975 772542670 341205639
317433779 834249409 202464404 250314707
474506011 975861712 589560703 31076785
506276533 185269079 544861026 567866679
27988662 542031499 7549521 167577403
19537280 956636207 446747348 621746276
686474668 526085538 818005525 529501546
130862610 849315419 588608803 306672622
613773447 162920849 325589612 999668738
181665168 708819935 609510618 99929704
943566508 608252343 709925691 569433196
58040996 410374419 978645246 100508965
254226221 756232187 988392888 669612323
32473561 465356148 100269881 670500719
835810176 287116378 306147672 571929014
941488650 510327105 429258626 46494531
754755704 354832535 408298633 991615707
545119873 241837157 693385104 815652494
692889888 27462968 333251331 624358860
419692497 102746707 700622640 552018895
169442042 977853397 84138497 983317756
843408981 684702192 31817288 377705393
69615074 733032136 180636889 126775111
80580327 633795291 784713700 612309948
334310268 4906495 759155751 668964328
733568160 489242099 529421028 446235902
806618785 512609107 155243921 824787741
207782087 356290723 114073314 31217695
776314062 291402109 104875229 556838994
891869127 209319911 552509469 569063559
606601278 380686014 688584215 288627053
592235498 228018020 116514979 239296108
104535490 17398568 314771374 558779702
347447259 84137487 983252997 887140960
495054206 57868973 403262963 158832732
865394314 998499331 855806500 784192348
801180407 767739025 1574466 852467931
355151643 439739509 815774313 825020916
995636732 134528189 927938977 454955933
805802642 703382935 908895787 592479383
460558113 856402929 43569355 863415859
877978 139243889 781956244 192458375
917036511 794675174 301647526 127430614
175099615 285701165 168796854 413890727
351623988 425154478 264605279 915148278
140510902 954020860 944616650 25691324
655907714 838619973 188298607 204451604
138800787 895959988 464670335 178489726
867417784 830421238 669969981 120127517
952156378 565258198 494171468 441716370
641923059 350099845 773962726 998193679
968478383 588632786 229111153 963798706
441582249 969348612 202903145 937985626
494121035 416202672 506225027 712933615
701973715 843087005 624226897 924258373
696369615 525160627 374947697 429589935
383090222 964048141 851009636 503087282
34734238 744613966 29730894 108400605
781356652 466983003 401723485 3523618
33518202 85268144 10698854 407574769
742217345 503891181 709547491 594603204
160071820 310285745 818771894 952264532
819319067 315037705 769982231 743334387
2827354 464935777 552247525 92312707
645854536 952019111 172667865 188331132
223908316 850652229 190397855 47784123
163772021 926061825 986335136 976913492
597957447 735565145 130690856 501630677
161024300 487594699 122022442 612956422
158424406 865632272 327790917 465767324
55691054 21216719 968584828 957117724
516768816 290026077 807976656 896018262
606250944 394830690 961052037 981842447
104220040 719788515 666934376 935787180
647658493 803561917 291558515 940705541
762238154 893166586 201888003 729355220
988038141 306625357 632680880 671844800
902643014 675342776 134047245 334239624
528408051 420029360 702678261 714522086
727051491 627305464 7147629 890191843
363197509 601190321 755940943 871206231
480434869 549701070 175975409 495392276
515759448 519454211 306982350 705479568
627401379 356741846 709294716 641014852
643284397 675810373 491546632 679109357
747677117 81395978 758603189 907712523
248731683 945061925 195126084 177334755
497397954 949678363 715784890 829458956
920055397 805786078 978755888 455736108
3342536 920980702 322328600 54470224
732304573 58635974 990021421 460692529
348305197 468399750 73628886 613131349
504058457 630946941 865954297 119990925
261969015 65011774 53476036 376731112
355087611 410818081 895290347 265149700
378875443 634206356 490558579 851818780
239826780 574511026 695198891 283396275
390807055 444199612 46872325 337470718
779783677 265452495 910334950 669669061
158758963 316713306 210108530 308956518
877379520 898792702 802782781 804903611
994404668 628542560 57147453 544748562
352630090 84441207 122736364 390346245
321054162 523639914 357436100 964251879
406255354 302691273 528840090 349717985
783037981 488525259 544227720 883239710
724197748 719052290 713057072 507348946
133451820 939849771 845982087 447900970
129675818 15553098 905609167 655728769
586777271 917613532 627332649 185632417
304831061 363874956 118195655 226166178
61580747 72731684 236836200 762802396
863827484 579059829 216870594 576628321
845027099 416652692 544130877 356094689
139403604 920091267 820295645 576970882
695806300 74304315 704365657 337994359
998733610 576631764 584782653 624368993
785629419 339205759 647159684 847898690
672410673 359507459 578113732 58761618
888257304 252025854 478367124 958313051
144743057 992655772 975342889 250105278
897379620 267792913 974634671 302609370
953320530 119036053 722919643 202214247
7377112 135641403 415459035 891057113
611879363 793975495 278860443 871976129
238175972 228076987 538171357 76778237
620825463 492553025 236245802 931822173
386818416 851888834 573569646 302368785
94070688 374711847 547070995 380807007
482248105 405421403 730108961 605555480
99316481 694830921 42205163 66889681
961015836 876919020 409360405 864779521
146207847 348356746 494447927 272512154
729265043 625104400 37130059 41439569
201922093 579001415 686653972 533766731
220403130 337564426 610681480 619969430
209881472 912551099 571393839 481002724
155275787 27006042 203278089 782642222
439122804 782287543 796992068 972492292
631540386 450653702 415193975 669756317
811394315 795315542 110360783 561038894
149166730 188447587 429373100 640256233
38430346 789139723 853252495 664520506
315058895 999508734 255116800 181266694
840282579 315142131 47500853 757626622
638975357 572436221 665589263 726925127
537364480 994891894 430868777 687581855
211089984 839028982 306265589 784933262
12608662 169060245 931417882 732006975
627659478 138158863 50277447 478636377
428037620 471337842 654918390 393375580
213428900 186169243 663781705 57281111
484133726 744664639 852837413 198980106
277322214 296063835 822497746 873593103
828153338 440007254 691362571 130952745
788605691 4082923 51452046 2337342
133447049 223153858 99211019 293277668
954520480 265623438 289111963 630199316
482818257 587331994 476743992 301221166
591104315 332606514 335784763 72649154
644266699 225435164 154281315 926513608
911764962 674357623 641955982 697064782
556061527 806768874 170158661 296442130
110065404 900892344 604555471 52775686
336833582 391874538 172494748 929522030
937837844 832824957 210311557 665776364
311927764 781324251 238210599 469514563
94944512 381781131 996312856 646157445
394567918 939891109 70075325 35815359
171142049 991085445 27071030 503702390
310424897 167593351 534455372 373679639
634552878 968503837 838859001 111256857
588465212 777256301 668020328 435776893
354048804 806696799 98157018 19704414
522923545 384563413 39163271 625317675
477821040 27741246 451109742 728545320
197682597 293478220 302809728 500271389
406858560 158569558 657239426 329692199
391800739 592936221 172195724 877442562
486694893 512400844 886989995 908667678
461427977 66408553 63144073 645234801
492176621 659656574 166130481 919815781
491869203 181916385 495354218 918280983
597942947 232381253 927537875 675901714
99878420 74621327 902483236 797634539
566455580 737561741 817558374 996224377
295946558 197387266 291844076 735830461
104278080 454146573 326421359 209203421
108355177 106431663 734175508 979032024
463891887 582016811 48921509 922710100
717356834 533344576 776587475 124721850
303949955 545550696 648915519 707367063
223469095 805025902 275536913 103475526
997852349 956582311 771493392 546465868
120625017 350744227 58177746 140549462
459328819 629447124 173093501 127063302
753532775 647444213 640731268 310062034
476098841 882676060 91395491 339476843
991100659 232474356 977034834 36297599
228917619 31612680 522376562 406875716
40803074 599619099 830835070 296563510
735182362 448762021 605131662 235353718
608631673 656316815 270628116 310250962
711153261 334560232 900554618 49800452
241222814 855988225 295740757 984246410
529551690 225602119 60493879 840024322
261901559 412063968 142542612 816962351
184650890 995058243 321780622 174462138
549299034 475684738 747896197 616582949
465009549 435139523 267613585 171340834
395580922 679403546 616603382 422286091
176620010 357057527 124632625 107368556
788262555 875889168 644070428 979902213
983133470 660277902 531609986 141284165
814120524 270714134 370932953 605946836
183916787 57469253 204716250 92229256
768588328 945631224 78485893 628017318
207814443 829820402 818994639 384194833
980621724 482056273 147213661 380051072
300380462 494686625 857450111 243809748
938352635 92542657 849841467 703535623
883752751 347533315 431015097 149681511
442281644 705268107 499853713 215765250
687927105 188115352 896831384 51022333
596579501 763131580 320883629 391028483
196707863 796058779 129782774 891163438
32245984 823137870 952270556 305803176
843949632 354512223 740392737 79839046
851914564 475297394 120608858 817458543
335608342 501073526 725299367 295971900
562479480 667626516 718776271 746783961
587528376 158170358 422413542 981323946
227432620 495394386 398197927 80886937
312254721 563738044 764687801 797585673
140440882 824692745 960097988 718572156
604220927 701731441 689147006 594744294
772413105 618176942 321368987 385720044
860557646 374268736 554366847 724287509
321540810 403888336 920882889 76645780
449808646 32362720 507675543 411063129
620162340 910909722 928045230 173498525
600566593 612608122 873041091 312865985
896032958 235510418 17354186 446406318
380990172 53193697 969528852 218790781
409690986 31566651 779362502 670541919
183862562 602567604 930831819 272428698
149162522 71437456 105180840 830138674
54305438 621223959 964386015 894409270
223429961 196580495 341166097 232150845
756980459 809119220 376033604 246484474
137158587 447733280 153308152 685519775
615294509 624080060 975316116 637472942
485504243 441202678 898254226 398427704
104143458 696923925 446060862 123520526
352141162 533199018 227312322 912751371
131181447 135372543 67848897 461318847
79633728 419799183 395616257 852022310
596729975 912965016 359720545 521518827
650067143 385187058 20640771 936289285
303542946 477560304 776400139 32475947
132682834 802571553 902802278 434927598
283274747 852203039 287628159 688618509
15503213 378148176 377886905 601930481
343223149 372051584 879734842 988107216
138486079 220720294 565614994 461108528
852295736 781736878 85088569 784994167
721561439 870241819 823523488 371725567
370556344 213313987 189290507 712745725
481228022 554724531 285336639 338425282
33308489 374195343 12231518 167514973
896082037 991417894 78893415 122778989
746433624 843441131 512733542 428418895
491081740 116154164 477175760 33871822
894022150 95303642 888085337 664876175
229515250 940945874 359074880 404875253
233421439 180061452 867315909 152439141
641541236 650291118 603467156 576614645
878821671 45499889 495532612 325586480
278403151 130353816 627176540 404362714
336298865 118568607 470018631 563223451
278014488 843383285 657038781 640117862
530995115 632450464 182613394 680936659
822709236 648386684 846312022 546405712
291968969 602833454 176161184 92263315
735314993 667691410 711756824 979844430
243663544 806224066 589634957 529795027
734907495 233343085 58902302 216072850
339995792 774370812 298601039 979121619
243846351 358682125 220246409 534254215
104519638 92625756 206384622 362865183
784857492 964567684 219818902 132854547
776187034 945590193 422185031 405421138
557283642 149830 659375995 104844895
310595024 252756928 701071271 783036522
531335955 990476804 771210508 997286004
878220386 812865890 30812059 883535385
582833004 158964194 78584518 512136557
629756546 224513906 678878395 357669324
287660209 112224585 435335655 31564405
82715821 994792429 148352032 819192523
41134617 617745362 436569168 567948617
382342567 639897528 725447905 891192833
120432259 764453737 919253366 919036165
149328352 920098875 553364836 811774880
654234565 38713322 126938679 887060978
649763708 248059091 836724429 852510067
785091823 383184781 168112656 730670695
469644475 464952942 404211382 262996400
167674062 533483690 152318799 147637460
219412773 473162266 666711274 558986837
746771995 23270397 904288647 177814800
319191503 715942720 45552888 328614981
710320985 362068199 251290942 866703026
289758541 642068260 802142399 361760048
628699217 205143749 281811560 978679831
443636846 93931212 277570358 31807471
387538749 227985815 881910400 105267313
643354107 449627978 501790444 485202386
724360197 262322576 418817501 21669783
756024317 1477670 724805480 9423805
400617204 184448180 906228981 715000860
613984582 70579823 540145183 471951266
712397696 939876356 559108634 776834580
50961892 386420596 572080438 759178060
34777409 436097379 802287629 766963389
731971016 825132017 645559262 154112955
288544749 881361019 999481507 446241013
973517696 24033313 556314326 448986593
126640633 39706834 753405759 990120437
430712493 850420305 227038699 4793881
137223311 401034167 342601638 416431029
845334247 407960358 677800287 381742664
436813254 202046359 414798066 317971951
305825611 208459478 611441741 394332176
602411064 523953897 628142064 893634925
296725856 559903010 539121923 174541689
613085418 852463252 826355295 743710492
847175315 785456464 248914429 683392448
494040321 411650934 297657708 814946276
206332542 785162545 480117898 246194182
371734546 691058287 217672794 631912002
566273261 900573320 122762546 586218236
555642799 450196892 377109834 441962607
490823317 936618426 60259343 860897265
634252174 853595337 900924214 160914736
590575031 526903384 540902761 569101094
285064840 527735557 537534691 874951469
756632839 454798995 304157202 411119432
583993319 902992075 678646216 556325577
400466358 328970534 368872893 599020888
320432415 741222934 849752781 397622984
934098388 141383480 74084613 279096414
26056079 607418349 533780707 139187150
965690768 6645720 684914401 914149737
318028455 518488981 757659639 485109093
439276033 1431167 946704187 621161585
665301578 667797298 325705145 524154319
950701075 156271005 47510188 88741106
416309604 642969943 299966169 253039637
954454531 643415754 521004417 409055729
831827102 783131453 904825539 681867494
240938705 189886970 264538484 631962598
316009376 476828381 300529059 101121753
761412284 313325897 978503773 487544491
737985147 718276373 746781649 528818455
970134362 376868914 228145388 726700257
193259006 833708653 850606466 929762137
545078483 182945972 751317754 836496700
47731657 284662734 549527301 349528171
275203784 685723725 420004999 742898577
207926257 981199613 757660036 204523733
260713450 843561529 288867778 124215311
796064975 416674698 486506211 171006393
653497597 630636467 20475164 475378497
796674561 403657920 904152204 361885627
937078193 915948423 476101379 419218665
700157771 286119550 148617927 653030901
391644909 676002355 371341677 665608226
705118273 508912834 28136608 725354002
28078773 666108918 936722850 323455676
664772959 675038367 680335312 581530338
269278329 120837418 976554508 2601400
321820893 132223350 985427132 601506656
173319831 242092090 739336309 957065089
361729587 2725387 644677201 718675016
152791612 926764843 393919967 901137971
404225775 691683364 4519511 766625492
645777350 806977440 931338330 513215227
280632347 239130676 147773150 576060437
927016832 676273299 509342304 359119377
80886616 4461312 474287482 501566307
429378948 35936656 400819000 550871864
278425584 785600248 938522582 941801448
481179989 152048068 123806483 499914929
262678141 795635730 502117659 567070524
190845147 355649314 25950138 913214260
934637706 325970065 379110051 40162636
307099733 962211007 250538379 83141823
240078851 485997675 614091106 83370389
724998946 346548886 647807552 718659751
461943984 683391215 780262760 804914194
468726429 841321731 107640456 686974468
837773770 473154810 898963353 651123802
286534609 251697207 120889809 868103220
913424468 565781801 57851546 506834879
363917335 479996811 520856015 281482096
435959212 681418827 970888224 448722364
462401670 10515712 636100326 469629411
45950584 721306501 780600721 883088333
83203335 500706682 459412554 432468506
144012749 795112716 9315771 283636329
574707987 731752606 102374028 302587252
224414033 58275645 244721761 479129259
218066984 591283735 851518028 439658875
324365730 133601863 772553853 61257422
710104799 837123962 875615983 958068529
101887709 244025837 112521380 10959231
186417620 877288415 572350426 602200453
130307119 509727455 318374540 300486598
886205515 117356752 509390865 37005703
156758899 764065945 341136890 827335857
799462347 139821180 394616723 599559378
950547627 930999405 509375343 754939639
701984607 51139988 896515639 36559761
465016809 576126451 415000813 669420694
384129473 394124537 221874066 441009344
882213486 907560651 846693362 607940809
843793952 401696724 674581082 477280461
124838526 392631501 897180719 255438113
664356316 781244106 718077711 523470056
720587436 209040114 663572312 480145574
681737845 295426794 727319495 729480973
770090962 215586587 650171435 372906357
51538471 221661451 413003298 502943293
827624063 635530025 894202585 503115573
260344321 20386681 332308345 833280918
764953700 746291198 890066514 464900580
772621574 447969669 829800986 572467046
455925329 513910705 498014938 684724282
41039797 900418108 134496327 339422352
686188934 444456982 103395566 151567212
493899912 580707486 767580902 904430822
692533072 852432678 625238610 76317928
971895318 738987393 335197437 916391937
188815269 189603858 965412527 300013596
90023760 2966869 564662210 188109440
165819242 471282531 169099355 453658052
517321400 794769620 69632489 879238178
693364042 356878099 148374418 864509743
632942935 576012265 689824160 49057147
291780150 407854678 853160530 832868574
921037579 56715302 965885414 451969647
898768775 471746379 194410788 818824174
631601589 728080245 62572589 409441770
570737282 269445308 770144453 394022588
274588355 567071509 920605287 918730665
10137922 835261727 784404436 682491631
944465533 124882548 29792441 215280766
442695881 574763350 395198428 924373632
777871385 307451965 559262483 453109798
582957573 323066268 364915608 403893892
651712613 105990753 60134654 443273932
181050495 151213851 881111569 635714256
834120870 764729792 117444901 197150860
400157778 423673431 72896048 807796912
22579777 838958361 503607636 826708841
17304043 287635975 272159566 966177213
124831757 570054480 586496675 893047585
518679305 281595139 808752999 343481532
20682333 114892406 111525201 502470851
665300430 594931765 20147508 604522682
7055247 778277603 287237595 142596670
638203727 214534995 831043292 760303527
149149713 306157791 535851714 383526061
251251103 993993611 417634502 93171722
462356132 220676096 413464647 827953046
564520555 372248838 775598949 63592998
273375941 216208981 749452085 881923553
781721863 107685513 319507936 141646668
173739299 634487557 248483673 529054624
128760449 777416196 366449098 257688751
149571057 311292667 461331660 920562531
723491195 186395208 218644105 508390081
727370805 425289273 438602118 782490470
440647119 602760691 748318455 311703475
881279016 376893436 250011706 723083479
287075631 958858708 489652363 318297425
20461077 989984418 637149783 870722269
234632068 78495338 340222136 855665970
314770373 218276308 5794280 218031735
815361884 129973492 234399274 918862158
211033341 127990486 10784527 283906937
391625926 813974907 399329744 691241303
961044911 231337588 227945924 886896058
380994496 319737850 335215751 155999420
210240686 32212364 361214098 748848957
6576388 932646024 23286657 214807895
724831744 855745083 108733592 154558240
472615681 938539523 24375854 641846334
268915892 254146030 350620644 396896005
19209931 381113783 310603275 70785060
642543306 831564588 382323409 893779165
762834334 828829180 728163155 600646564
705300467 221918034 562191334 390433113
998312210 320889887 384344577 862625834
349471385 946046217 608132146 33216109
750020209 484616716 225197486 29133709
486830951 308034309 189719497 898193364
79077010 221727136 941183916 680700602
714505828 349053678 346108132 698148861
115033466 503301678 813964925 228176753
647523336 274287664 228426085 202584459
594869678 753262747 558541682 908058866
39801062 228257604 245114288 847311906
625167620 387714279 275061702 573728398
420198141 501533554 538717463 85440972
302804503 171418365 987099404 662433994
737508329 425813915 366344759 367097877
292801486 249048640 249348778 869178139
906224417 894774440 861744684 446643473
805859128 882960851 59506752 20810253
790900262 170384917 195914105 901851149
485123427 834440200 511088658 878493262
110180028 99685146 865796429 826666375
307184380 384961671 218192992 323737904
624419170 370437370 549410899 402239299
63339352 878860249 277540217 377277027
749220004 244791708 75694156 522744034
667563476 175976493 820237786 85827735
247183046 813014063 473548994 263112951
375456826 534697830 986326541 648682418
363398087 457294838 53228746 331887808
998181959 361268043 250480363 10896857
699366240 497366067 207122878 781440508
874847157 516215048 108421620 815089180
159253063 385954770 749336569 35018987
698108250 192584862 742201391 26032109
153054756 918068187 438712790 476670226
910022333 584789554 589661072 386393924
997097090 711036171 511285182 163277106
469659290 440907106 137678138 950959455
976115028 317822478 396277920 338086618
940862157 699874944 267335035 675951238
130339518 871620800 352951770 745625883
136285853 457983060 195639309 916380802
857239894 144050858 342130026 450215231
899127230 170886471 803178044 894677393
915668319 743940974 367823755 172647195
275621886 455357069 544854036 627341995
801781311 392371441 846154932 218330181
448676394 511145743 315867292 53568086
342411031 123259314 822217718 910810675
196891879 226685682 477062168 107719175
639698913 99066499 538970885 436306444
901129995 306002669 789586967 187079511
127317326 72108169 232615868 544738126
379044990 921134077 806866918 646798185
691424412 534575863 222632665 516221006
466902751 960815912 302790232 182241295
157440301 872828356 109612374 713922138
383462847 202295375 393547072 367662284
693056858 138636913 621948943 102039858
419035790 405631413 504278479 410280966
764346356 172087818 832736623 945635882
992908991 994162013 755030944 308642080
283235068 334488443 443009016 733949307
362048154 308173619 940494188 120161913
930736798 240177937 797093096 23701626
517110055 786928403 576712785 670062140
783472892 618468646 781670040 894595688
800569958 574053410 708649384 471446459
269416504 681284131 818230264 600176858
509776048 91542387 144635452 821130842
233269707 853105085 1884158 384909592
893568819 573459657 326088455 491084108
869617747 355198381 193203666 336657431
867722214 768572250 203782442 557690304
956552461 189933410 254381557 562431317
542975465 317877097 703916988 387660235
147682267 845895763 700443584 998380198
882598118 631375343 283270956 440753982
634704243 433284846 843973395 48633253
556893468 677605054 974110353 890579846
569473286 182573168 849756077 388842982
920216601 108488336 624571669 267732558
273999445 819849891 880306461 859286669
116335866 100078962 168897471 392711046
551727985 273731231 186069060 383631871
456283157 23922676 351793636 519873460
869757768 10495997 713581577 964955434
155155440 825402865 765589457 247128202
42305844 661591885 283161139 491913514
424843813 22024787 397478231 238820781
154724042 142089909 609901561 850236973
633793417 927369463 101057261 774421560
140469938 794741795 941120721 626301014
144561816 873930842 356031703 515890780
601005745 106359642 672199699 658908367
5431750 228133732 118071449 616984269
401365783 232019843 678692417 823525298
481948854 711805653 893634673 121524430
944043819 330672109 732553463 228007666
163735240 824415950 226765508 443762622
160066996 46907823 638543384 472882041
523609127 460824310 201780045 770578147
959339470 287488460 228935972 461748334
45081190 655546686 456564890 393316420
572114882 611598712 640031520 203154134
546563569 777886667 681565989 338872603
832939353 540156490 631895914 654666614
131012630 714308890 921637541 92353544
763226414 940526974 497977181 748442864
316627018 523326150 233389437 645801670
622115691 261032453 355638945 946676586
570190986 307386791 389418744 494538705
396394536 345725006 3057996 423877090
942420953 332404105 554880918 491057608
48402879 685320770 297741609 488481156
194349808 505823174 755936126 323858673
503391923 484476823 678215655 777773047
584680228 896865727 641489078 71216194
735076235 220518570 261854239 654979133
493581011 580540143 250160705 586830588
412416065 150175509 759907070 921142226
