1000 1000000000
133260421 94748395 955690302 670087938
151095628 107712071 186661636 559915482
176048398 120115047 926105289 173222002
722679815 321329302 757487233 713148860
719275647 544805600 495971403 72370243
683877828 311870837 121896008 150782683
833831244 689220272 201880132 56236592
409742935 118576363 897085924 483376361
910616591 75160467 203497435 41163070
847696316 295657484 802065646 172142640
694038893 544013841 859560060 324368189
120353139 24065233 311845934 471517219
461201956 172725411 790657906 519106244
905724012 374090071 775897978 763728029
681143608 126539152 302397036 16730738
648523577 421483875 390651684 603933608
388311782 32311711 931512097 440842626
660670134 210617447 915907581 608055113
315100257 166529778 596353117 425256633
576761382 514969281 433895721 590846565
759451049 327761003 502367836 176979258
893957520 807434382 914240389 291637941
417520391 233663675 617815190 630475442
928319878 670335764 830400670 488645202
750079516 481764548 188774952 4475057
250837447 190162420 861495815 648383342
772747378 433442724 17962323 304754090
925112661 271543881 770133912 234153607
729971730 691834371 638544811 392995973
582162806 313152457 384850165 106836935
568048280 308155864 652905703 421799446
771767154 365799332 887588848 932019138
77367596 73352309 172289340 855802041
226271 119601 967594188 855103134
31040902 3656105 783922818 163365267
485089732 440497610 691336418 897255151
256768423 91489 911571599 258578030
783028321 231022796 932733760 483662858
527279267 444873028 481007008 701333319
401848268 225167011 740319752 215714974
387717518 225185287 555200386 806525091
721170883 572680851 732016413 211417106
520192523 498528122 850140010 520791646
480457416 301040140 767624567 116057546
234008708 208511986 77038360 106309953
558972801 330680361 497283890 562877372
647436508 286582437 619355857 905297329
696332528 567690544 989350039 210700831
324115695 161929015 863200259 580420713
110903115 110565466 572741718 527535696
147123315 99001488 545805042 942525527
857561574 411127535 534072817 381514475
519368795 138744312 823074564 801140936
467087447 374341083 228951994 818757660
119371737 70861681 771339313 675376524
946480033 824138568 826859255 153555528
255414051 225249016 408727865 781421126
356283098 87293064 604331827 932341590
644667376 456357163 630085742 114356164
899966745 484497578 747631671 771787227
847215162 682349781 377338745 896998787
55096709 2037241 374926270 364307831
803405916 270508888 822162368 685705065
195886558 109887484 181530129 997480679
896534020 594145109 786398916 872471091
899971854 395686545 933320437 844393595
265202229 92491907 403760640 778834759
652794526 454182917 219636514 284992774
69932253 34174682 475788223 339107601
384416517 376886888 624822539 522052873
924149355 368758735 725612474 916566011
16814071 3537384 645953777 459798508
824090013 602380192 546737786 351771300
56724064 21541623 868252746 483423673
688301300 641087083 181151948 484207618
263730881 135203506 828370143 952211698
737407860 534794690 886799179 648173508
323439458 249048139 551477067 763175467
791419324 613949386 921894676 977947182
103089001 86846344 302142081 943429067
986053954 805489193 279576343 976053517
825461921 798016374 729732936 971320471
628012767 569236259 823070868 682370953
333375326 132368556 854255672 544867786
206625258 5991005 399825581 719158171
432899061 250731097 650125811 929207090
394139272 326684767 439106560 623794004
445493066 230991400 933377222 195654030
572273874 368702872 861804468 78127162
880036771 788106531 547266236 567402624
545683370 528638134 603770173 355372369
527036129 454842426 211105589 1114135
773533252 59216244 975151699 4137146
612736496 556680086 524900803 383014730
74678339 33429423 747717157 832396976
683741881 337327671 869398297 474082417
503861598 39789724 191466297 262636738
262610915 254713557 196457331 58079421
444361701 275686896 453463478 389496068
159362943 14227418 605310850 601641357
728527607 488258933 937838799 758414460
713416756 129222011 757650162 173031841
548336372 237528004 597938600 884452994
361584894 92690497 356904055 81281428
331376304 105469417 630914481 344749201
745472496 568286901 777165375 445558125
759221328 751997 185568018 169084975
56054358 27957349 505143902 576133604
677264355 155607620 659730150 925783107
338976333 295406314 740714458 953681595
555798007 521983415 222682630 770402154
358774728 78821786 785045332 339473445
452083685 379173856 572225658 594775964
897106969 482994630 625794206 699791029
56400173 49987090 800943175 623411498
249109749 225830873 45921304 227594581
170094373 68069282 609673660 420936316
812746909 218573383 322475362 159220459
449696261 40242888 683911762 359117130
17375775 15825464 18312063 553887336
93364204 33782501 626649496 186121341
544503194 125338200 655486890 25575426
914106535 127773958 376154097 79358821
359771588 235395576 188213666 450603037
979398741 952735919 198632693 207516534
811343271 711459325 937341709 949858543
158441919 9826343 800355414 16873422
24326999 12488684 485800000 837632814
996862661 809232661 405887288 625648098
997628891 493750796 887182996 115139142
42943519 42373588 836909528 889930667
687617649 633272222 760833662 560786015
156354523 38217965 756745934 83680367
283951268 283446076 955493758 897250873
282163171 93583215 716039853 616637650
620720850 337336840 780635114 840934752
71546397 22597267 840535620 137383116
960056036 633550656 427866812 459038804
622717897 178608998 499858121 372413407
207893292 130242405 825996652 208488356
146625717 3353009 261343896 507985002
647432916 204118348 664733319 177118050
532976571 357819361 431036695 543042102
939031167 709575306 477519351 232482485
925727807 567920224 481903514 971942089
728555495 653695498 127883879 689052159
8576856 3204251 153428974 836482333
219163059 42755393 893516450 224434637
647052387 589822477 855808350 795469246
853152012 694095052 587613761 195998067
177698818 31219530 690153645 545908764
46507669 21459050 758097122 911601836
655695605 87003205 850599443 503533648
526754646 511724968 969442171 64287252
599502398 593256761 125045619 756274971
8692541 6962312 426111198 716181195
610568582 454166458 989928023 471347978
369238044 237365302 541985699 561164796
156575806 20940882 144939767 162239540
976651469 725372581 450672196 1097830
326069649 42060853 724189298 161819265
526089268 437181964 338501569 975900407
894494997 647498559 331081769 55072457
262030655 21706354 899825892 309663961
787193715 430336771 888325710 301816636
449616566 397871900 740448248 680944054
352126253 7160004 411020259 966565556
261255126 95920403 437421250 86019458
132068839 61860867 873857633 266750401
579751665 347442306 738800141 753798566
480522973 340530770 804040982 358531591
556912754 538549400 541174422 743058713
185717564 54789036 358604422 357896362
257948377 233071173 577211344 927370037
651414468 333986345 379809021 19522021
348449305 216616593 963818948 2674198
710136159 616564293 947997457 107455844
486728379 353015105 916154571 274663487
57523354 18064665 248164885 738479368
287516525 206627697 470587945 862977605
406141635 177557514 723414207 124895773
652183518 180991151 688113341 345652407
422911537 187015561 742647805 594490037
930922013 809008845 561795896 932965773
846501047 698644610 900527355 904316314
557964116 310430648 642624813 429275262
261415844 121312205 582842384 996760163
200454367 19135624 373373943 924935438
976168381 63035474 134878413 670862183
969482593 537048953 355537024 9800428
466311272 35816499 459291338 370070980
979922224 631217431 898510557 75185421
777990372 695391903 658786947 934981035
46169209 26444511 553332667 99479885
612856108 539310936 348142499 636869860
968055730 782045274 470887761 37369969
882089603 243201428 346272793 40539207
556583361 26612143 286080415 49818594
968443955 304805469 864282921 999747268
218389539 145014934 629727172 603337481
887756899 465895645 791332023 574413663
899454792 361341598 749290336 954945165
546264299 387738605 308439565 944862367
599884911 98496376 363171627 42322740
319164479 12362179 900022060 596185535
802118860 743669528 519182721 785324401
509949105 119330798 187299799 61079184
653938907 200038228 606219002 887430485
43639210 8931803 591659028 828613008
443541029 30060778 798723075 787455599
384432304 45162387 578152869 489543177
698748654 388850745 416346767 170120486
212107296 111762206 184137462 605483566
47201588 13791567 887929229 423728872
318946399 18327836 755251653 547587812
213714441 206764595 152857111 197004708
384695622 5452395 747572286 342475879
362347565 307063255 486532054 614964884
209961244 165308269 884139789 35841942
519173766 120388004 516099336 298414267
395612085 155276038 695509046 557485263
499543425 276003218 439556692 14557551
570352022 453203043 740700971 848585552
46938625 21169148 792883791 472853143
153063430 99077731 333853558 796551987
655940412 27491169 813673172 482842022
246869399 232221483 621078329 549814668
772279007 467772098 535821618 339817237
760998258 555773196 559851728 720304904
5770703 3628536 470278480 45486258
354440722 242132484 663395743 737120111
11268465 4329015 555065393 345090076
499315812 292583079 551362641 678049799
71678292 49351864 736896069 276317978
865538808 667090995 214033132 216591163
415238357 224172532 449153124 695593414
380690950 203658188 859898169 142800556
380029567 225478202 820106904 361653698
820363917 659493578 359657901 657167293
720525293 101933223 707488683 450601828
453612712 445611975 949305176 667581099
67970788 44619803 744888824 33974208
500178895 473223499 53817778 69082365
632897975 178789086 578551458 624086518
282203591 31728699 320035693 440186343
705139808 317094293 896671399 645021471
496325660 475029483 215540606 994291939
953941323 197686169 812585993 612680327
783023632 590791526 220923149 593134923
132153244 109695955 455973431 214338752
914659203 402898709 720985860 661980489
278938502 94150394 772897788 247304477
679998046 631104857 241278341 828999515
860661005 818965082 833672601 628977856
675744990 653848841 98582021 614245127
149044975 133903564 762756052 699983562
702317496 37361362 992430177 208985669
165200737 51809586 873894913 58858927
436844106 129764614 968425200 555473136
530030333 39629793 782808628 433021094
144382920 74675455 972711010 142278370
328337032 154435211 856309016 400014541
826422556 123790873 894944959 844179260
579871728 239527913 409453341 348452433
129828986 9125514 667454808 49620873
56665734 13602151 608260849 903269924
672988432 595880011 698359712 148788837
155312731 50061834 416516570 384806454
627639083 142751272 497242198 226104606
315337046 172275102 190729579 764879241
71187428 21378472 411984296 476650368
389966541 204064946 482743470 937277808
286128378 63307068 790888506 465845752
559354772 32940436 688989289 270933722
633335943 536805985 706658467 529731348
822622528 795489756 899615612 701330809
707291914 408200388 844177301 926860473
593494311 579223109 315250670 744444812
807153678 689259553 708849521 888758633
3388353 2271894 510034066 892092964
58994850 40578604 682791960 543610231
508652571 453179555 838419254 704495663
12258135 2402699 559225129 81125255
475263832 332174925 452912442 89198718
616849298 456835577 947727449 670324163
550367002 111584956 901452754 302447052
872129442 687667483 988084178 910442323
1115863 1027403 700693603 511751367
671753511 255912224 925266289 512059954
865205024 837842326 170211447 380333508
80201820 31855833 274571955 495577398
517254939 349412186 232053194 313582057
905039089 542829200 415739176 321866168
126067853 119977013 751816709 893153633
996242125 323505218 777688170 536125425
933707755 450245655 572478292 93790698
188796555 160329624 623812453 833624413
287898246 60142485 825579830 308382082
205685139 202034497 785395527 862012516
435988823 375566769 505038298 128303331
48896443 40202313 473722716 733331881
758467319 553581877 451367840 983441463
898801833 411552340 722707090 333032823
715811256 694026536 103176532 388977222
393542429 178894888 420623225 58836400
862048427 849786912 580870253 576377620
486153569 167876277 769680870 996266167
350392734 191911752 873800357 794654302
379575177 229701711 597781582 179771570
643655661 367338980 747291566 752757845
337492836 302824657 92726421 545807047
509452130 419543525 393598481 154300335
165029054 53220720 638659859 337375037
833621632 684549153 838456289 987687395
720538035 419899802 781164156 412950333
881110072 791924597 484485833 657016568
477524126 451530297 842515875 554927989
289543309 95989283 859625248 280315308
859691370 619451025 813341396 66930522
398622689 141260764 848077538 522530098
112970133 103134032 373069812 840133615
726249626 273332630 364666817 19302528
693824297 455112175 406996423 232376138
54073902 27023410 400314917 107502945
793740929 444402919 394921680 927202886
135931046 90205680 996619187 567725356
543569157 317416640 767892078 521508138
828902395 587847883 561379205 113208237
900604266 861084788 657602500 335593850
459223665 373612043 695922160 878585119
572732494 288697318 70397831 7642836
228072851 174055582 910063187 567807975
816317663 589663820 312782009 743705163
85468142 68504007 971601120 763799447
564684495 488663194 411282162 668405142
918507965 687575003 749357029 343742816
606063542 473007481 434188012 60447038
113887135 60345925 451023165 342196020
371245598 279174116 861620804 919141360
309289506 96838473 867567906 410190831
569252640 477171157 940650511 232681334
174011992 124411868 937294107 848980417
595936128 277278969 625470415 271375721
294369094 133551823 231208984 113947126
65819062 35880958 493106752 348202415
215168285 17854449 866880073 504568665
42886378 13106980 378264595 551278603
165570478 83848370 861681198 344936339
61629068 39579792 854491357 791810893
630953791 584844480 725303093 597843592
151051213 46435573 504756226 103089144
525341492 384533372 656771513 353016139
78743259 76768445 590017076 382008285
592651743 149790271 989288212 911229897
676322107 93227507 890399815 10105704
125739405 79363532 623043539 636215006
649017746 398157067 689751474 744543287
941007337 428453066 731157045 750269409
993207035 240422888 856242348 812221166
175760131 40439060 692636725 709320649
149432373 82531200 995770168 945639939
197051770 184123414 469379220 947170112
917453351 890327268 979967945 88616504
369780390 347363401 104323928 793963457
568339806 50708149 642014887 129376288
792666061 388463796 562586948 222716655
208977411 202167433 452081921 421385445
91791014 3577286 708076737 472009194
644551239 339183786 764888688 729017248
986073931 700096153 845652193 754105578
214650549 41651659 563105272 422158246
698410108 675835235 643051121 894077456
195107544 52135448 921863671 228654599
76003384 72621103 970633289 767227304
346852883 19000575 635413200 299240078
605178424 135492798 790440595 551844621
183658376 106179308 483384773 613859992
772525283 570580447 543779991 119176646
225740511 43249132 505152492 106323304
527690053 134381861 858486858 563591699
547282774 505802802 527718374 55107024
26630579 22193792 406130165 424364711
792529870 710342451 129376166 411031180
845844838 843800623 861158923 801285736
16897710 784398 313763920 410361089
230726611 113857195 825931867 175332148
308203026 108760414 337816894 762055868
630639037 414100655 798954728 691942081
393455200 86223953 939559421 978134904
342650667 174938237 961818304 398156261
779889491 779805717 296587558 252329691
4131828 4086799 274602811 799655718
488051784 409495326 736079763 691230344
116436227 76032214 156197542 912566972
313005925 204387325 670999459 124088513
363087681 119566302 814437399 430074401
542124176 237066731 839003876 484030699
387240292 291166978 987421777 936179009
651890513 511647421 968882870 320735420
838510167 175925433 929682301 525855172
882908103 542413257 539107505 93253716
589592507 415220058 597441746 289442134
58944815 85880 860989420 955830489
147698361 63910633 331214328 634874804
48111916 12838602 302052455 464310944
870798219 406948925 582797640 236616973
544452662 179439908 552168028 996739757
740032281 600697417 531799401 530805131
372276515 246226292 135662685 708217039
40483305 31481076 286950929 172289064
145473759 141623940 291815812 419167587
960513405 644525331 666839299 59964626
884331674 714937904 183872133 701835801
590260503 106216290 992331491 846390331
793791616 296048485 784585070 296221364
240028834 14712635 457634198 491232834
640657578 236556247 791514407 293896726
885946253 727187544 878891162 499198415
888106843 728807787 727242788 735355371
630576911 195662813 713855357 177077585
599701819 317263738 490036414 225074495
179828379 152219128 505048712 150563731
635596927 331255983 500575103 678830946
696093105 444627182 511676193 352470763
565979184 256514296 906503198 261560691
851201875 850749072 592014413 861734520
211148387 176788720 732335354 129214764
255822353 218418504 759965440 107414248
658715339 343406915 576015269 560554718
30551102 10969503 528925294 699300639
728927376 121524704 656922833 792066032
872854156 730259503 601486343 792781058
775105930 33913096 575679360 84493696
417667278 48247819 861220893 552735473
656977253 461392521 417663348 801816310
993958701 615393398 878718542 849666696
102472812 97573619 771395946 207421093
3757283 1739013 802394586 852474811
209669600 180665102 911867484 499919811
551077399 450693840 829509902 282571334
701839934 369487099 861699762 191298223
465512754 267433420 519975123 212345927
334005285 314427160 162819993 355347987
490021263 226373611 744064294 941298891
115941972 71411131 621865298 988618950
323308119 290687716 539355872 844842531
603730811 532309214 949787413 847391902
235278282 89744174 973546656 531951051
786418676 738143259 968202499 35281541
632572352 598726368 41972316 634814309
937155457 309991939 695423685 964953362
334072525 199637219 905544093 57214282
106966687 22653679 938239319 322034605
983611139 271071791 878370334 252253462
450171412 251395146 946957893 442075530
108570810 106731059 101721979 841211421
127337446 75800652 730229958 135492
66388056 9045138 345370057 969554080
55525398 30473415 382803745 720198285
193702778 4089309 267302245 799896503
830065791 429863188 742477636 513488053
910238559 855556652 412023265 282775350
85600129 55227990 192539618 283213588
211605642 140563894 805107921 955194456
786511407 737856533 898220872 790222802
805899735 250979557 193899156 10412214
421259011 198448358 249783883 252690039
459390416 39821148 772452945 772701162
841697469 522651657 935913996 251464691
226339287 194984734 476098587 517155550
808800933 185206904 325878646 198581951
294273147 35246723 594632925 427555491
144508434 36516313 571408425 128116714
738737308 47973474 948011876 912893815
879913950 822523422 856611592 470058624
68504178 63958572 813846561 326539960
866848271 715393232 261812115 226451530
558122341 93481248 698215043 44741433
269460002 234296162 265503363 588786518
805567782 751070389 804160313 607339163
700852658 310688695 762215038 790333425
398963117 13695708 678529752 318243142
33531997 27827541 413271143 484843167
832414129 65461587 587619867 40367039
105501070 27574190 299994864 819655767
629281681 58903876 692916859 904255130
125079118 74154624 854272483 779082036
142925289 78292648 225565515 383535359
29684347 1217046 879087015 389826898
705934334 207163672 895581871 761157946
713547584 646185070 278869735 990856935
322493921 264556917 712643721 505749700
193802300 122461426 90514727 812358905
213027452 212923732 190109791 759825101
255377102 182874648 461594339 391728884
566233685 535535914 97550700 772990845
241913402 103630073 583390277 384308262
158760080 16776354 426693192 466415440
932861881 534908423 882943138 613053919
689912448 555549150 777383717 489203133
231033625 24392150 647171796 536081227
487187950 17106082 824720446 254798469
21981626 13329632 522128562 114468469
871815053 847507685 470370663 173755069
613944765 581105702 309230043 836931608
570137908 223287844 473881153 949374156
5226181 2584163 971039051 351979638
433695517 408548083 912387051 773199370
64075250 42400798 873295587 143205151
249569570 56175067 398538925 979356681
259297285 248603769 966186993 157943352
629641401 555569021 378671135 598307015
753319496 442110900 107860547 106258717
456616749 232875160 774308648 945501266
333565358 140799837 566919040 558662535
204744060 105095582 853043883 603742764
41375037 10086788 379935838 335315970
140432047 128836113 631935314 553442777
221348894 19540026 778027796 141385659
639821681 211866486 568192785 774223714
120086509 36604905 964395769 506781128
414450235 6119341 696875329 148467053
46039446 16836495 164623072 4113337
303835451 10080792 937612659 738627927
264693861 14390552 440201563 478082580
631989267 605556834 757159684 797023633
904921759 524526904 595076639 95174581
435935737 303416874 732662862 775072762
950945598 282634872 705805722 866877895
836674086 239794074 999811550 145815837
752875538 470296890 882409292 409965771
897486390 123906626 295446236 258810697
65301809 29508784 679953703 817516060
914907857 557781537 876352249 822876458
423478565 132834486 610378605 784833918
339099582 282142172 92782333 884357558
203116400 23093141 322703408 703898088
472050312 417778816 899336911 366676139
738139974 680448055 852171368 437210511
409769557 86490487 626978446 51569618
80630975 70200228 584052301 409490382
38336801 17262806 837841662 595236132
165505036 31434369 552589592 908757263
206213547 129433210 157981040 500517354
692709742 529074836 184214434 710416029
163148768 149090023 238507929 995267376
937526547 444624400 732606540 734637186
487816668 292953566 581142266 332927669
863943168 50607924 412681897 150191255
172138875 152126244 99596873 177208432
275533456 227830267 105706371 327764291
905173574 336043489 617966161 586221231
893470710 324398036 708432718 726472953
832786947 657800989 246386327 150679284
683674136 608504954 635094606 336649304
83936378 38459645 549129381 307768467
361925003 293083400 433160729 50933550
748673506 574160500 678208835 499656099
389317856 164776425 502760656 517090386
760188175 384995035 795196715 579623386
403214439 282013575 584165373 327476880
369876989 141532814 914494360 245943513
303682052 241254531 287354844 854055856
779946835 102043858 764311341 328059972
661551469 458886385 662350446 5107711
6559860 6192468 511921934 436294211
419098652 218403235 492094398 325371554
835295238 441950457 644256102 557355572
68248429 35554545 407757358 880703037
14893965 13775790 241482213 815616861
980467038 965510287 644942513 138789042
178980882 40011580 697029224 521761048
510063940 159864876 414978940 74138275
435857036 427107304 443574535 897648374
154901119 124701484 651359958 501659225
685198121 474690379 580342709 897198931
353168620 310767276 92823812 481852735
937107711 496047833 941981539 992525492
979515334 127661517 441389556 253197735
252411793 236908427 383691102 217882482
232276850 164543008 539850938 363649227
905846255 750098334 619121059 669113812
48518294 48081932 666864828 593640357
279785118 130302351 937071984 93506976
572879521 449177978 312803069 273178233
653380281 605523927 701003603 741792356
445312020 214346553 352984857 887722417
37027006 10659670 46339958 860626465
849647331 326866573 548992334 648328613
809322460 298386123 547216081 501984324
398983374 242591387 648355833 308877130
680609744 578294298 462655063 977652500
165966576 31017521 343409237 345559810
371514848 253922978 580371109 247305512
392134191 338186662 934770121 891362812
444063905 215661223 709630654 800746020
868287345 707177875 929872915 900178753
549174191 254715640 40256027 216288147
191188433 82271672 462563774 2374629
835798658 716435125 161530023 693765660
310395287 223504195 537530135 233678817
943326092 445651827 700148147 218397882
712208675 170248908 804027991 427903929
400352265 269521213 715035581 994445782
197499297 113949897 575122951 909752805
560681212 345463014 301085698 652005208
710354211 11111670 314607347 3553637
948400166 389890558 602472531 346869024
292443833 114413366 988985886 75836992
413458878 278694923 826341813 578652670
710927046 554740602 513711717 665026127
525206705 521204778 37999523 486993367
250104238 174598846 215284875 47534150
617377238 473653719 918882033 530310563
849873255 367897537 904898873 125722003
714882681 489689794 229860422 629034410
262724245 103777945 509446152 30622572
143577560 38047776 375738509 787247665
674108188 628667391 277031406 381885979
178628202 169084278 933707759 863145862
156628447 75825229 268018961 616354239
500182809 195066846 748096155 394463968
76270430 29721823 371471973 347554076
860855550 710606814 216042256 236024655
617018056 301142044 494739789 780744009
219646558 141259181 833558065 732130170
609305069 506742764 169090936 845955258
927833951 34649738 207698795 667494134
51286535 44154420 391509156 494989694
578788668 495220980 639878423 469018241
328437130 104355097 647752364 976614824
558381214 264847784 390047828 393765132
903032278 648713451 660780314 765739057
190838637 152941935 514284853 622434344
988605783 471192133 881598067 105874688
824167352 700209697 971206780 873553191
283148683 176146583 818467397 808495267
906649836 64803250 558643458 129328963
283031353 258004727 620712715 933534027
535777988 443535248 481742598 39330540
875711176 561354868 781879296 357156244
886548147 17785526 249285023 581526408
781144160 281971049 141971798 75961250
989633409 702345837 812980042 369059356
774702897 578604474 634821116 505689344
975193717 25933375 466828655 209708495
225286709 118138082 588887357 630128132
387940943 104347119 896931415 443295801
594662661 26918417 613723816 574845455
231242446 165340852 437575438 541414326
982782197 164601568 856320922 406156857
219919758 179606761 962902454 120616160
636999961 271121944 369317939 618008812
326292750 97379013 775132534 782971192
530395997 327778099 912786241 615905963
610659913 212024974 560440826 311408016
887015750 436114366 742108017 713591962
736640654 128341570 986267740 995094459
888175676 524747366 517439581 174844978
348751924 314418490 721823548 200341758
809663924 325295472 887678150 32638284
291026074 282628688 848462528 637747668
765889910 93394410 979705283 498333760
458479050 224997726 737185927 400849776
584563042 109848094 647727555 324787095
639682314 272465877 653744776 543319244
865565217 196980387 306968230 324436996
405672183 271960552 365330093 26261820
765198333 272399809 856822560 546405229
727916903 668906838 647448368 803070503
901910060 246772320 673157549 249155576
184086184 179148655 597161353 46691562
852659606 38370346 202376596 605464142
531095826 32497990 877299409 362905171
401591968 180802308 943888101 358519208
578274059 207524714 597212002 66338787
887134341 589037813 656336924 910880872
836163124 714859347 430839959 130081778
629719785 510727120 701435784 309469572
503424380 138524047 885568625 906052233
85033661 7241420 677458593 226274014
95293948 40197101 486584081 224360882
889679249 718310098 825115223 581397613
907043494 694902973 309298515 837249044
895809455 663080449 948752789 327416602
729646879 505916752 594134091 443264965
574238277 91095552 722107455 485073105
50173655 35918245 806613173 755448524
65396682 29462642 575059059 527518483
495621157 191176536 631972954 515124145
218416952 183031024 744939101 988842972
243791850 171972221 481099259 216394589
554064866 65463032 945491102 317104887
800198019 603780988 862636664 692071768
365162924 290027491 817757912 604565288
79914325 77240881 603658867 229921289
74189998 31391619 410248041 978896194
532891189 9595168 848744186 334141042
780760680 265425913 560159423 112944102
961504477 890222022 286091862 944333081
210662359 130953304 317926801 826940578
158469543 68347613 828376167 860346193
786634613 276319793 681974376 877859488
566580188 168602355 403356426 927591864
148790560 103089632 596002075 169174165
226666016 219072231 531489523 300564419
743334620 446911323 748963050 4251328
118292891 68928202 521943909 89157944
960004725 844235467 249242511 877598283
237915270 40605003 235093033 297324214
490396709 180992222 978210601 672728456
298613630 157326345 428381322 474711850
746225754 693826393 608567512 10374334
105951274 91227603 96398021 774377991
672449649 130687798 835316859 949494668
170504603 53699428 189124819 297901018
53145516 1958941 957132171 298198085
630967408 277404079 448939597 316251174
213252920 47519998 344568405 293713303
370237528 244518631 942283184 233020727
135961076 115455063 785586904 686683944
996468017 620427787 621153238 342476773
908371017 615457872 960266380 618505078
78156606 37848024 552172224 23305523
524386286 490806888 93478912 459351556
599358323 464341488 888116163 8946745
566177645 295833438 285394177 50924043
717416696 588239149 920232922 174828902
339977980 271436779 307571780 82545211
789632109 358205684 505205288 749854791
869059347 129981579 968385856 947589060
174985440 57605903 631082186 138687033
711451144 489387395 489006360 481350741
328199139 80457735 410059423 760126719
19992922 17238227 999555774 463629796
373707919 154016851 703174012 585455160
145094718 16711792 999228247 297378890
145087230 98918928 896701235 662869950
611111180 300068991 629288405 687427953
672502958 289577492 771284171 167245135
193209491 52142515 290445144 908665760
357593122 198598008 208553747 983568983
264009939 106363449 520812201 744062152
157677393 114469048 236432186 731029912
755964128 171299016 933883589 366221079
463158830 382453220 491269517 349143277
565484732 510995996 453411155 887825792
623211456 244812867 657377031 407912222
72130708 37320306 644286995 442473328
547130047 509095955 173828710 31740194
228414699 98117672 779386778 435068129
257177578 217326546 475920256 307892764
668603936 399617699 673109817 899180421
254592507 92240255 749531689 357448513
33425810 15500219 850710159 537552279
515500940 423761617 739495340 102248246
619298040 126451367 509161756 102818237
576684930 139499350 997140990 706247353
491800404 339095382 531055568 828616921
746324089 275870218 747622957 168630897
85379491 66314545 549021229 643136808
176097338 155952205 826643621 986901467
51096484 21472543 530785433 125087283
95514336 5462429 929392076 578103224
159144721 37479922 604486015 533131442
475732605 12475616 765521711 870447466
443102360 112480301 526832459 841307702
998978962 652660073 958758255 698711816
278546379 78337559 260853872 350261122
345464566 205597720 620500253 237556677
525899243 232369455 429515562 592200319
574798338 28742741 704789969 404837557
785856414 123342746 835232720 443887508
111029370 80629094 371430620 267207568
889710765 448737482 956749757 543109716
358742741 46504109 785523198 876667327
526630536 208517023 421670621 186876368
987223736 285049490 933127630 229881746
642156180 313321085 858666537 77192061
835910798 510333618 830174523 628254897
864309892 708671331 543653451 823427439
645460961 375361667 662185033 402960669
658445355 350781980 675708755 819575042
847175526 538132246 884304141 229736681
421164194 413645046 64272447 418243895
601381499 473017536 239691918 668831173
507191369 107781607 836709649 811457141
135110290 34153665 613886197 598988810
734945828 17012340 986252024 683750194
706468486 279366343 707684909 146177366
38201996 9487342 626161819 616714492
391811888 29941053 763436537 11142960
63482307 6971293 990716530 475232977
493118129 223174825 970159618 869913109
912622154 763322423 971563293 181136969
752158007 436271166 552052761 277057171
287599405 142742985 150703219 518252956
798096059 632230060 546608852 161262174
225426289 112240062 993583607 752844328
318000537 229321100 888549949 774484289
668880873 416689738 977610333 416144920
1122924 110725 709504899 769834031
325789500 240197715 95915264 791243731
860304458 199792080 126226739 163055284
451945127 319001241 859309898 710555813
840842390 293729875 852373296 31279879
319344601 313771543 986318931 505003315
808163494 763977616 405649353 576948065
496336826 242632957 442486188 865135358
82469997 46614439 901389018 39566538
862644614 791960287 299639594 873031134
424423158 416415444 493406822 798493733
190692677 124046645 547139417 603055851
729179442 628447736 343998711 710962389
513036477 366833722 330003827 580983256
973001281 761998052 331147115 361074060
401830432 71799816 946548357 991897382
962822457 288489301 263680873 47291934
818153394 191438822 113509708 418524217
769335923 637170263 44487715 8086593
328065103 285958052 582285733 567162197
359722556 45925956 15510764 139113731
890413609 397145808 504727777 966632884
696414290 493805753 159416021 31357895
161859724 139163915 170586647 104031118
699171388 198202096 519651963 634968817
957761939 11758788 380479069 292593307
702633457 212410299 656506952 195118792
935083419 92140404 948268226 298859192
272721823 53931522 19709666 16258503
1091824 772908 385463561 762723366
994543153 993579138 230343627 622955653
81268357 72569515 113312912 238325323
1307550 878417 301119554 221633735
630054899 19098608 761046182 979746826
377151808 201810124 695472983 508656092
382159096 344772892 667798797 478501283
724807865 181398582 580898767 455554824
819132234 674873277 705201816 754451544
571510076 517233772 365131753 195040443
371425661 360004551 568267679 633265388
562385248 41026259 527980742 142200492
908292923 647311691 900187721 938913871
542636479 193880883 982085150 393256832
248666618 152123227 834903472 414956938
646446905 348539699 896586468 188099995
5450674 5175400 126929440 105789470
940955140 523334218 468479279 707922059
694497845 596110235 855815994 431374608
905327017 316253211 933743094 379235511
775620365 159202683 758706145 62963305
209838020 133201284 134205467 359771886
296732601 43519434 383762160 835366513
927960088 705146213 422613624 358677486
328654877 267831603 348051392 3150003
772480394 323854264 467994046 315580403
590784320 389178249 229679329 154020310
870238054 260375094 750739629 787610040
360627797 343404781 350152257 709208293
36897626 20520121 926783322 542872090
633179515 268579141 412247238 681203229
177000900 140911497 273756695 673349144
998579088 667961185 630026739 493385886
326788692 123907092 277115982 578816076
145466826 4715548 978772811 732099883
115162507 115078700 282169968 254550041
630830148 441061255 481695978 225270083
491528436 171600795 674566405 542081839
959479464 101213476 942624213 343420189
172495824 80579201 299261001 846576109
774807290 455991766 611576052 104446698
77688030 65130511 373887464 488763917
574690762 123823389 849856101 537105267
90552445 85870721 780208833 674198585
47124650 18719759 592230807 242459116
156299112 141507685 503706664 528639598
470579321 66947510 944238097 933955379
317746165 145326654 330389860 559512211
64108115 52138747 660240061 493162698
835683017 568870640 615131284 59363793
859779894 729948119 224110694 761845225
534552440 188588610 546843780 327218481
649754121 113465272 709300549 7589408
536630416 351680404 603444017 105778428
684592858 631992144 792962721 963957081
310164470 53395145 265171384 422979672
551494861 543810215 283544965 970852872
794008042 336556496 689973364 966687027
92410030 10774931 810654359 392082861
858908995 722785673 188928129 749862701
326988497 129305247 217188692 794755629
415082234 373857368 150981770 763626436
5785829 5295176 787120174 614239369
598437560 237921186 711535578 550125709
521594292 133554996 796559863 734796401
245791006 192500966 154137300 275894685
316054908 36550530 679454418 529677391
168182714 36383075 462764390 431794496
895786802 583216807 975596444 893096210
34767562 13764590 793085604 543816538
816010013 438676554 505526103 167385089
763792112 658832220 462207861 910790474
585673105 482135167 643678193 833904807
227224724 131207467 535427652 463591046
240796312 168093962 410612361 746705099
850239895 707454445 764943332 169289655
560572923 169159334 668796562 947400383
995666841 809233252 351807837 776125003
287012479 245929257 74909574 405519642
55846841 35872242 141478910 377549754
530678475 32324148 810007433 693666857
870168133 804892495 572349650 897289095
740300139 614333630 995673259 933038255
5125960 3570767 330824537 846495079
730959405 632680971 900315707 140881222
856287574 801513933 679692486 284223450
305399037 144494807 738852006 240419807
908942137 354846241 929099599 102559735
18279336 13151325 511650406 38873307
459230975 41738741 721265374 144521713
123999544 500345 700199324 345113456
312326124 148883822 749318317 495262082
563550937 401067984 410997797 693772636
738427016 635522111 970865405 348753863
221153262 85639027 631632024 954447511
413855220 326136819 647692931 33835141
29170970 10242861 545353369 63401597
76887770 47499989 498581962 760326807
881453803 664142792 941771617 865806344
959111100 682019947 419058364 991273512
111926780 41721825 609966912 729387700
305808391 210617588 747774714 540600576
873820167 767388434 457840852 555149532
183336694 4117333 184430833 867092424
951265050 840956964 892088591 164435624
800569560 162786951 859348989 72880677
122448579 97588388 569530907 945323933
66989168 30528399 942426171 414615198
541786736 112856022 809035513 708937812
139446288 118843235 870818234 833889347
512857564 127871684 928165432 89802046
922661163 387410888 539380321 485071789
57420375 47660988 390779986 757399159
974577806 750909805 244668682 83764091
471703614 306669023 722877763 158770221
734498666 490080002 646660315 287407979
951439318 791676958 689015975 598523524
221662927 188692265 645292252 273091793
453927813 127702273 500132970 296877706
612395273 473116176 620377491 327674969
603358316 244808388 626180647 962349476
993388417 736667431 906156428 808068471
737629848 48479580 860619871 332452647
38762001 2207964 771393615 594636758
722764795 609976230 150399632 65770456
779590168 132534990 941060482 432021267
692542019 495087457 914232114 19129604
929832224 410842659 112268994 44424474
978722481 464990957 151181781 259219015
412127248 67222544 432087605 323711902
466208694 383313312 418372970 892647008
844015038 297741930 612648244 629855211
428604045 327757582 489114849 125929021
851052276 617341652 673933606 510936498
716802378 461389010 779451911 46194571
941486667 898390440 948207815 982455278
12488733 10910337 57403280 359915288
906688615 393155799 834927394 949094339
852222771 516952340 730688365 462453803
758793994 715339977 145223143 44501820
393819362 260660921 998189168 945611258
306047847 85104393 854230601 522246139
546669766 541996372 991978744 167303609
110472120 862027 859504497 868229553
62439378 50538980 550965468 949970904
770698973 35938874 109537665 585259737
257686799 182165880 210138550 327228588
771557248 537639753 770555833 656241935
193256187 139468917 480639880 422179754
133211266 10378156 983466162 853085696
671632810 485792181 903857067 973246030
289423405 171229751 675850108 108212964
757905141 690540660 412927687 627806655
986868402 282317862 418674661 107671019
934898440 42564626 593502836 222433036
782726997 562127782 610471264 650017864
199035030 173003409 507479733 856204719
38437155 38410821 122034172 70933773
3289139 2658078 731385341 734466709
911495724 31346476 886049528 985036546
285946784 200043439 832310415 621462386
780894533 699018967 384995910 536891877
890403350 658428167 312164087 123016198
167411248 124255315 270508989 819521046
311429873 110287702 723566252 934469099
482006632 75728001 540303328 717419177
924041431 657328375 367719639 674480952
506986887 450542490 603924343 647685100
975186225 896743181 698532852 97931956
582169785 579627091 100242123 737832040
