1000 1000000000
17202788 10271946 631122952 807390790
160873427 5442990 546123353 541906238
733135704 515997689 954941512 179272292
461454200 96103853 961398592 533091429
657149740 579285251 880651388 201299348
540300098 512018013 148636466 894663762
372962582 291390374 781422671 768683461
167758631 112848126 887816563 318239496
504247116 319546142 536499752 222067665
168434635 72017081 940447904 130821797
241015447 24402044 524319080 154004101
865491075 728319868 830061865 566643369
38966198 18556282 456797907 404337200
846512625 720993870 647867710 381627434
876290489 629820946 813008660 825217590
219886168 53546304 901308473 34273791
772252056 619901576 691969437 849791893
135140425 98552167 66058569 378245575
489159086 126223579 552291793 845227718
73852789 51165161 426654722 511980215
261440660 221839591 835137798 370686382
286152407 189896840 616853389 514847546
545768852 416226185 373980806 798814552
87258245 77141292 969073176 35399049
448582770 389222829 530636943 648358162
325245148 128548412 979986953 127585043
900626952 690324864 786091974 22379159
482839968 404404013 303364750 385909853
666252638 135316773 540255263 607145925
350584147 311549702 483504044 764601832
611806303 262998763 349510036 554420815
976851510 332151463 810089564 237179059
194755901 107835760 400191036 758304862
497782165 108362195 964944542 299710175
69609201 63466439 117920978 611441052
929740748 517756334 967879948 964176600
723397337 16276263 940847275 64778734
152174554 26424789 164556580 930219860
33619299 4896978 130459444 273714690
858488606 665953441 598560444 806143134
602197701 4436305 872083322 45703193
404145863 90167756 331250133 466323884
769462270 272206058 122767682 67957392
87361519 32704703 268099987 894586510
665165511 441412656 460335749 873353506
193909681 181072396 329743334 85743819
952685511 777810875 728512477 133475966
155864662 97725697 860600755 346496334
73104628 45887978 937476896 729500848
639028585 379064781 421336584 188909334
659607259 174456895 879340539 308262343
375738678 228281380 808095834 215046449
140640852 109016583 454617643 603405487
361095179 191464126 852465049 554610159
188388012 19453410 723367491 301531520
243665512 219834772 718789572 224432370
931258897 639079878 383314959 306053905
471091930 441036075 973971545 444027151
142539618 6181789 834929033 281306449
317549340 218626516 179003546 111434638
220280401 106533003 475088492 256266996
109541598 81914712 92106599 180909688
214973354 98280400 494381498 620683401
255551864 82938701 617313901 417534014
450359991 312234089 929073405 370330770
671700581 621092594 965834627 579161973
244103933 77650791 488743175 979676391
776981242 520482836 721550814 456964057
548314119 452393202 793187221 827114650
724990414 700975578 708056205 875369992
696811758 197498478 540119939 298140096
526771937 488021323 220949079 826019979
174162487 123225337 825058343 990822538
996023296 773609876 816257384 206900668
117890563 51847705 453900470 54388206
764267817 540401952 488438463 178856419
522229104 417925978 352637169 315335726
645702717 159388915 581798241 535540575
365637794 87333417 860569413 126064052
70088448 46901962 348070899 579935370
999266079 847957327 586522551 298387251
961609756 743834529 272401099 231090204
128564093 17891114 113267444 903463412
105581403 33528102 637881565 388687975
628253130 585430990 61048455 489032109
98522371 58140738 990686850 722216474
580397843 42625859 650842075 606324626
125833559 86255995 588137862 626510831
298747862 80309419 911454297 663124569
555278720 192530822 731495093 525707980
515588037 390504188 400642647 372230525
620688639 400112672 931290794 777969920
10111317 2881702 512439876 588597365
40439936 10836162 192613409 568465424
402336081 159209552 892511226 52826302
861869853 586519338 930622391 625492599
656987062 542901516 140899210 482141990
752012781 417334426 355617279 27035422
545971790 298280197 277927406 721440106
430520840 120879804 739036376 232564713
566582713 408339131 435267157 968365797
371094280 348943040 841283431 713270530
625860251 243310146 566760039 562014873
350809195 331392662 811417518 858198840
104715384 98642901 45603381 466654540
278462881 164726077 246695891 90435417
414147632 408721551 586982102 192346172
855387823 275770813 959242649 232929779
761203662 611652953 617445114 288262576
942635368 558596217 388424081 586619858
376856503 295084995 540406147 577084324
177939048 168634409 564501257 819703437
390768579 261623653 956695356 80525814
723159612 521609675 923073972 372464057
54225162 12353708 322160482 464704932
146617152 59377510 843689411 679058512
231626305 112362937 237394058 980775034
362647045 209843928 963323845 750795302
213052848 81162129 694678153 516774783
26879265 10523678 567239164 586809248
201772213 148733270 769725563 884081134
695845972 39634378 474916126 134003284
487679727 479939764 84806260 410362615
735422417 539770151 853015566 406133782
133419796 125788659 308761103 259674024
835925751 570778941 466058274 249490800
97811921 92458257 488012770 484154280
143782210 2252408 177978453 591758130
57676879 17392172 536517097 512937984
411228750 362464876 757292641 809973497
22396916 1533930 269514161 470234979
63719635 41706660 835374626 877712221
580090099 497543175 656924816 935187443
278541916 205059316 958591501 900085074
557508756 544735967 527142704 996868245
569147859 121955398 608852611 48251750
836312409 340867368 889167179 940758198
375661356 76874365 644793389 641330333
347541464 306495627 184953026 663176510
425552064 362799641 88514906 931733505
512802882 233025179 766199536 778649871
111486043 109161366 403648263 864395692
430085514 198346617 838728783 631314030
551227148 361287502 213709709 71966418
426486499 225810132 899709159 362302397
898745285 587151164 953025692 689949478
450396379 137637863 720819537 164387136
177638113 52115970 733001644 7258174
237462243 224827483 335025826 134672982
508307495 134526470 820635263 244624898
887315026 220501508 705807588 621078593
290975967 33882919 337968732 491743707
634067431 134596117 573615391 532321249
940064219 512869530 268314632 133075645
1578344 1143594 547163888 334727895
770313126 437174325 524036989 522975952
786903628 690614576 619574651 57397371
857098027 843805521 458250308 174913885
906138520 318499288 817773239 783463860
544757469 508795091 896383972 280748321
545713353 404850899 986007534 679090430
625583042 454801150 632824913 512074472
759629660 357863499 436470175 36064687
925005187 637037003 587440866 377185336
898099006 359137104 772005763 163417586
853296009 632152613 985669025 571953776
953265626 447582482 832920281 480324679
112333960 79000458 409247904 34917460
596474266 482464138 28998808 78203584
986086396 406812894 997410729 885940241
605405583 430304322 134175219 12754679
664659080 502052960 992227763 832054960
718270019 272956974 190769329 87427341
778414359 694811201 906645900 491494460
239234227 37492979 662112642 78195532
529618981 369312808 169781698 915768534
816583982 716408747 505341978 744278912
36108608 27701081 12311602 958382868
409521985 306679049 172757718 367256261
889675329 761149212 558401663 911056465
534062233 304919421 714299056 610744951
573040412 146083061 774764844 4880995
988316471 10728467 979904849 588265863
290915163 170810627 379668020 581621765
39767468 12952094 468651835 552729658
983681518 61591190 439242997 96484007
924393713 646329168 378340377 694671881
322682910 163014332 473978954 757499542
520137088 475836842 994760340 679022149
643896304 53616000 289854893 36924917
651815971 204699740 22400724 84621814
629716872 386252584 897149648 236923275
925638979 527429027 775459690 747975190
345431456 309390474 738753946 618552794
639855866 493449017 238476461 869760391
402055449 154290355 795709998 222098223
647255938 479734470 496242743 92425250
242765290 191279286 401533817 728289778
807072826 245969870 188997787 201290790
100303666 12668841 191982397 728285941
522344402 442066414 664244835 180931531
124845963 45090408 633976399 331389329
898695345 357390609 625188526 493109226
450042545 87877742 129118174 216237824
12209608 12082151 198308819 46671717
483949752 316250175 700581945 959494599
168870489 98181178 388690585 992516177
498325321 291891743 245748459 480899712
57128405 31427755 27469173 421428850
609615741 475874941 442760261 360596161
907727226 857390868 225203496 287724412
788532968 714126010 341456059 392136945
137702875 61572714 354588090 676739184
849860748 687748838 259086157 757456555
425299231 262721135 801374018 855764222
942670628 733437538 75174479 63178595
635004527 388848782 998976136 959935138
40681405 24923159 994183085 469142220
998826044 630449117 571287679 68789971
307675576 111273093 738213015 361940611
577708804 153771835 521339784 487616841
778374687 517641978 522106206 702326912
704573782 520749593 495038675 15092463
2010707 2006886 568832765 838582468
227940456 192332661 796420053 367410255
243735712 173782777 635095592 456471528
777987531 572208751 532858223 491688675
739784212 701615036 900577950 540399922
735401734 509666912 271813374 584835698
894756052 815999703 772964391 122641109
272202791 194644819 551562131 160150968
725363606 621010689 385358829 65881426
480247214 476874557 785452685 817444984
94716010 42469226 657143481 666082276
774108968 727258168 192187390 924424932
845709464 570337691 820923792 7398173
347566299 248208061 192660252 422043620
827404446 541035327 777002066 126937420
34072480 9721522 494638030 647557677
941595819 274456512 74739929 562332556
381405997 29684264 469566701 38284661
590123094 128420961 826168392 5517577
366452275 355279065 686639827 222492882
324932935 110639949 378803724 954019534
366865111 126722236 664603794 195990564
488661287 69159535 592769397 760811336
387602780 124342116 951560959 388731373
708974622 658796538 374235885 40233685
821197650 424220911 621862226 83185091
893708880 452545107 131289285 58104258
949802669 894552512 839481432 622860230
389092097 378187978 957499117 292624865
874992683 190822193 772654767 434472196
959010106 36951542 188766427 25973213
173757813 166585489 747960060 256491523
812606097 733693644 196543710 588268882
755684684 293166277 474201542 303107984
236852792 216343693 349135875 36577240
68401021 28382996 263118316 84228469
451624686 323691253 635984137 289377556
283366070 195713067 294469043 314172677
234865982 103881586 376290501 614731946
987402772 675520887 667640640 682107295
361284199 293915579 547859829 735262346
767542949 191145648 850050119 584799831
46199629 9557699 477100521 19586970
314454648 253010612 377733795 522946663
308477264 181632893 981972918 570675715
885144959 555471991 553502986 386057297
245762822 137938566 452758280 45885804
437283017 60615014 697415408 599819459
269995997 214085499 662066833 739376493
390091483 116066158 977720719 121452238
333548191 245014298 724800210 455267030
220610330 106205657 888695306 605885146
150753164 35101388 141763393 68700889
398871989 302970634 213867956 857199551
15157142 11055774 119653926 47262036
941750597 391019475 834869474 855474185
337389832 235806610 809972251 988097271
578111974 446508773 366884344 885700585
844417239 532700716 717074805 838693023
958444740 727884037 919254741 684105189
864833303 57593358 89927194 99570891
956234890 892928492 710933311 975266998
50533908 35248249 89743742 196697939
697698010 392365904 742632980 873555671
244163455 78983101 840654221 198110080
97548717 54619832 631146266 258755836
618772529 366478394 738441954 541826478
530942122 530521237 372221720 987673352
321546506 306961892 651806280 549150350
378646941 226616954 960229996 991128104
95154471 88869758 392665867 870771787
304662050 91576362 259353136 849832155
576561175 419495843 346951620 145410196
833972924 399138026 597211739 660793482
306486809 239180338 167088211 788199482
22231070 17984427 401728762 939533630
111505145 98430722 514224698 748512500
455605423 379915224 440670952 812496547
813539088 615726731 479768361 189925043
750471656 288405346 175344357 148655706
857016463 794595630 524308547 306133766
122682 121656 323441551 967609483
704458939 582537705 190045500 555573345
12073404 9510476 455839598 134652729
279434098 214705908 211312479 350716495
953463431 609066572 363198201 436093128
173417262 2105692 961419490 738543046
10945458 9994559 812967000 847876916
994166779 589964868 989480811 417314878
451898806 55769336 887547193 8510987
50470968 48244517 828442004 427343124
955261552 900222893 298879422 928863719
45602028 24429597 228118156 894383413
782065177 454538541 890599628 329644493
852337059 623372614 536646827 796632885
627159604 520620980 986444840 333742176
553143489 241969806 927723334 636395508
660227993 402376256 344580566 199050703
139877663 88247801 753143545 458517620
477860729 245464395 944321580 377960773
886798783 747419107 350295869 419036092
367794584 95318659 985034494 626655941
632668374 361970200 805958581 199751908
369976973 199589096 416851247 621412353
70328086 14232103 194967036 926289866
101053544 31851708 312902419 796313914
52170664 41169803 613927138 372275272
218338856 7561130 338955286 677023814
188251754 70012213 569189080 199620808
787588510 426485921 583326409 953824289
403172199 280841512 740827864 786794584
933513870 689548709 433716758 106204900
237024051 124943095 830916849 145543261
220230119 123452758 710150978 448988480
520069871 495622326 809905569 95937176
974715554 758708811 306078395 911365051
491824314 340842923 173694349 675927597
86318565 1265257 932632088 635390515
29757173 28772505 418685096 237085206
278059052 171058526 865665086 334606368
286347322 157631479 281905883 248308526
234731804 31378527 263759896 269949494
844021356 487301966 889346181 572471542
903312298 649654695 552909390 232889352
129410060 17533850 607745924 32054824
713598366 493137626 383714961 142365071
846646076 560543550 426422289 564623150
77714261 39056721 816135435 910580649
128635162 384529 366172475 593333910
98220066 11460420 108500754 947749051
481489363 435294340 244405678 146852122
753108188 495733710 734005588 240652487
114697951 33901726 858636074 75302357
302485901 283890562 603629932 717730696
972490775 77616354 140530633 646092804
735169059 693191931 315882643 79720791
136141834 26063974 438877535 929790952
477537809 209904612 385378063 807961069
801191273 51661479 751429912 659449176
71021033 28166152 950276828 608742857
709861238 235518867 500520939 245708182
763827079 762953515 691430188 70151702
966408396 644738365 630029252 900394970
527288892 145006674 471152037 908959397
462852840 360203834 425023102 978056925
45976267 14668089 202726819 118411281
257077636 183110966 701983066 311963081
267309256 212765255 840068405 622452638
431076903 37628461 230586274 119642445
451629353 349640346 552683466 951670909
175747884 51841839 563504189 271248139
273537002 218431952 570395529 591152903
933423318 554006132 582237979 71974714
57009402 37799310 702286144 479151647
190495878 1616699 418302280 83700222
360353186 271214667 49308809 21588926
534939660 430602456 790205354 589075311
418552146 91681609 893897047 367414027
208060166 106496544 905837374 176711497
518270310 141788412 532287047 980523498
457053838 435706698 239265528 644241538
190788137 121953147 87914096 533878849
91793333 1869009 301459690 407536597
908505707 838593047 136148802 987689596
833237461 623507217 692744383 310863879
400841838 249058427 198051003 773445206
677444736 246655279 55998771 138428313
482288668 11742827 657619324 240714310
567633309 469553714 768617874 108873055
80596355 25132382 226480047 791060926
291435624 269378895 679058760 742343231
374378015 173536776 997817092 761517101
632347265 328041948 383675496 367711518
177943901 95236449 392261213 800025834
18223286 744869 964990371 333701770
677942596 241148325 906762690 452731359
56673975 8715118 784136090 437043879
722759402 503904676 749840684 227688248
658641323 505457538 710003610 460157802
317436688 158518560 219506638 448487439
54679064 21395301 843783540 237415731
147756279 24850677 594264833 108674130
801846758 687807736 921528703 824297218
538846542 315961989 250965736 172667566
191115136 149487076 970307055 995795887
554465247 549405488 672206673 912497613
523846908 14733792 905348654 880718173
985507012 661652012 650074149 586428511
55834710 10822576 961859847 777617171
717415963 657841442 738322021 256592404
683710359 583030079 372835055 505127718
281395289 56706357 881644101 313497419
377723560 214976541 562377102 944057002
987713220 896885518 316701655 348853840
829318795 601730798 768281021 65168961
312760498 201288539 113487870 576432406
833124137 98117137 814021744 314509403
734633755 224293334 742827010 457381901
775192954 706903139 963668956 11063189
713646617 646540321 301842809 72026804
142358052 35688942 432661168 980521277
398228932 141896053 491889589 38242600
573551788 273134034 351457039 94213983
275652399 49467221 365053729 521849545
945569893 692255564 677761029 69189633
379495634 323814829 659167850 523901754
377857779 361068566 380810824 397274756
726608321 108933880 841297349 729103054
729766105 523721689 554596008 364313783
702115596 381410884 330448963 33080627
412658098 273244367 608801857 795000873
125845593 16971183 436231976 374816110
714165381 560203565 168911235 392589897
632701325 226601450 775775761 257154058
696224722 437969305 863633659 736799668
297627769 203214632 272048968 420836124
28128684 14801108 933606139 283381983
941783499 464681799 979276184 551395840
868437197 412481456 646183877 179569748
90474545 549334 310308559 870164184
657962981 321732688 472879902 952853540
834124115 276017522 991470318 96209748
609485043 450388384 177367522 650224370
277880008 268414810 392801024 876270894
349230877 27730624 577056161 776394277
632422318 401083183 963831134 657380069
215618375 64735848 639226597 967108782
422667155 390900967 83235618 369210863
484945445 204367772 875289869 26640596
191451809 137094868 491769494 32431814
516220446 155380584 679234559 578015450
899725678 395815803 744425380 818823932
446858021 99658632 188459137 151457048
3757072 3349426 82692136 969988930
523122079 13975868 785233488 965214007
240301517 37309052 634942444 366694917
455602153 177245841 740115715 446573121
756935881 311752775 546769129 594619681
567903937 488370192 137981691 387658748
27786049 26998045 911446221 312563243
229222847 104147523 783103788 448055477
782936089 453574036 614446073 468217305
611681548 281848944 879146475 903180190
105262189 22321794 799093208 319466621
94621674 82710833 85745632 50515447
194207487 61738835 831493103 863501434
993167975 436391514 971654667 283780251
276288031 47810752 314375031 638651803
239783522 106361819 264186916 654250980
686509648 421431865 287414544 564984832
704550460 660058783 302756731 81472274
729450319 22116489 902138350 368985158
154727766 8272710 937284783 955381153
263357120 12687047 657292998 596262938
916222926 903700798 314525175 740855866
350026385 103659264 605462653 849307633
536073655 219609384 776832538 782176083
741445143 501084047 536048362 509078097
564519318 36639553 990493677 950780942
224780348 92954732 662848711 964205992
42842186 10949265 109805897 580608630
118272697 116243076 295737364 665960459
915161954 874109297 634119175 535799623
670867872 255926521 788512229 216975938
783215410 339488304 349589666 77199833
6514486 3119921 786299730 741686555
594871322 568934738 283690564 3678510
338954969 205933465 413095861 903931281
5147063 4997648 81239391 803973637
209478332 52812022 719790623 591981005
30916414 14716821 774240740 681889965
413029378 110243877 846129735 317578507
931689376 864604682 490712858 48398428
586244401 50878701 570912521 710665994
172441259 52484957 267406098 910847964
378058652 190793702 679692384 691545436
479253835 373830730 775668286 91861952
377757504 366180860 814178168 51844148
436610625 254214030 490545105 429228420
417089784 319500090 122376355 227332369
63395145 18389191 61541748 902538632
81814802 8144697 256671083 849272286
468378360 103850218 790668720 320666100
99024676 15645826 198255597 902275780
791653724 232687695 622441733 714832302
326050501 255213728 99436985 458110549
809034660 703160300 551528937 284047175
981001133 303916637 678712821 80495812
497718059 385590692 735008114 298903986
566148221 385175689 706423690 445281463
159096540 120056147 130427829 781673137
289057752 88009187 343768923 303534156
198711024 89208583 345123807 288984078
542384098 357923048 679493349 58183567
170178717 6751208 895621026 500373295
982875751 210833116 37734386 338503884
801607460 175567372 210193940 221570163
851175966 31021800 836359180 108510937
475952605 433485689 296249731 477761904
238501680 191966522 59155305 401638741
350937183 205803709 214542512 362564799
562847713 131359559 812616279 35377227
324316603 190366563 656849902 700219475
859717378 787078700 266370493 885701934
161398035 155688665 409094914 482910470
293036691 168160268 711473346 49615069
237678437 211446439 699426222 495036547
543606555 67357593 870275890 494845277
695580061 106191831 985547604 304035689
133146215 50274156 207729784 226424554
531913422 362782688 688963416 420624186
403038690 185282770 724498011 159859784
922296305 700523328 429533512 518552413
686701948 535240141 569288887 106656215
835986890 495396250 861660008 910513135
931457243 917175567 527967059 66117286
214224800 95271860 213363444 549380330
215826355 44252402 741463419 987974706
585236218 519275665 456528948 824272033
334793182 31615633 375756135 146280082
65116293 64261260 332765545 276781064
341929743 48492081 969710820 112128786
144039269 47264804 547974909 560900160
143320623 75290639 203644490 739612687
60648007 5012967 814396229 49331165
551949003 407949783 465641041 287758832
974828671 97197193 506982039 110645583
405303338 22881223 788145709 839825076
460695637 354860033 468294905 644861511
812086407 541698007 949100528 82646585
994010244 279533190 911911466 604584045
126868014 37145700 968554485 969560978
951251734 647082333 790101532 748146888
426895836 252598661 535804595 365005548
703430866 694132292 962200324 570176163
67398653 17516418 686574409 868520957
800790037 340314104 303751123 62934306
71172873 33948934 718497414 119993463
467929635 374223391 174861919 882057410
301173515 296075201 415913895 201796164
923750316 678454323 672673764 980644050
378709863 230981029 607196311 233455356
876608506 60740788 308867798 444387712
4544686 4312790 946014868 945498029
766317122 662763791 714144797 324491864
728358784 172439913 630164754 502321
654501243 605239370 813631314 870852367
122334167 50946352 852394285 942328324
449897717 345347055 856406496 354657777
450339780 103073080 337729312 693199
394259384 347148343 493293784 376328794
193322550 190458421 859742037 154002277
834076617 679685695 407280177 39917048
581936879 354722211 758737330 632342580
353821423 36981305 779460444 133048947
936896459 584332122 558292318 375666576
770115840 543354156 583476664 431990186
311046443 129891244 829394357 795487614
715637410 688344243 88878396 218705222
651782168 334231943 387740659 127862250
846738025 588278226 718871242 482659609
85115988 81016308 402286059 514693304
777153919 350443201 818159766 736896171
599942474 515809671 622123944 102770443
137544459 67055612 372619198 486839480
69303929 9759781 582500507 564909259
377657414 366424318 77055903 17014424
543316960 528826646 753054638 884815971
523714844 30837689 580884169 25250882
878727084 666584512 695899384 355696117
110705831 74316127 42348856 387664798
251785866 185575090 506159805 840354044
315807379 285155677 212733585 842990195
775522306 202356258 704348170 15220015
618081186 276904413 729100337 442623609
537097970 116207759 945467238 109718689
195609935 186347068 230875224 966024291
224562174 210115350 420058325 888999029
131039212 129143951 607903974 508695895
447368746 317747469 753800689 312649061
179297581 79132951 360498369 23249605
757906371 141984785 960467317 223188965
464911526 146762519 380209757 922541298
34087010 11717961 665185789 880528508
610583211 535462601 911853477 380830884
860638527 622796093 357395778 595077488
645395537 441146096 526723327 51268636
163882243 36810802 469899467 551491765
85505116 52820117 950295971 16161916
999908549 976260588 51425551 758427400
204969536 123565706 374684015 765271696
917900230 718353500 306224763 763654262
43192894 12337806 248025647 605404869
663494739 191879510 578716296 482010277
893068834 430028349 934935605 952630913
9056975 7642878 796226597 453952864
535533954 1450961 367283835 450428
459756264 201323175 835032891 598569689
346535225 65899962 721019022 99863350
877099607 90970262 864020087 304116330
328643019 69694785 474343356 457192027
788418455 276592034 964374470 898718104
824128021 72640497 232657469 426804961
107551541 53354177 756586100 346506996
207383333 26852377 691754873 365480226
321886187 162838388 909808390 16165343
556559497 481648118 994388300 988328551
841503298 484754938 738159348 546283609
781064288 656982147 873750988 756392103
633112303 206327158 654624571 744693157
323568797 278352353 730120808 998957820
61479466 13628168 67513592 805630892
770364728 612498671 889552340 984658403
702029473 386271249 149842055 103102436
856895703 853149454 799944495 425493455
732088400 677699375 959944009 531787301
426888671 51637401 581624496 729856488
944558543 413247498 691258450 551902792
881919839 686576826 911355344 614864860
591492527 482533380 922392470 48823116
380807130 78813139 410271549 61190999
938371011 386746553 890978864 61766065
939862343 679722379 621403292 417270401
279544798 131802888 554681851 179240154
36369337 8400020 742108533 973368258
85112431 81655407 794649070 477441197
819140261 152850806 897653999 997081452
367976659 120767336 804696577 141776167
169619422 102535931 763559601 479204834
325952705 14277346 746179886 143947646
582749435 183564580 702018485 119544230
442232174 244156761 924800003 790583582
513109542 315429855 885395116 737444541
936321535 18829435 170766058 740084729
909090390 854176479 273219598 638788689
570931601 32873220 873361809 578578574
528531554 403094283 145065691 930811409
320036091 136595522 202582774 657047158
6173005 471247 835004799 334242435
107982745 77701262 621105988 541532886
370441993 255606555 696607462 743466659
364237406 184487005 427631226 24796100
28185932 5012955 893541668 29941061
676087383 240150092 194790208 144976288
478090847 256099784 603139731 467991932
990730824 360484731 195006234 339480274
124150342 89428407 102497604 235106181
449219700 171504741 671380466 497368146
77619481 6289300 981097119 84098316
117897103 108567774 214689986 577194528
459437129 106411791 286391127 7665154
224454616 147193394 904519180 691895984
589652512 402619518 560583161 974814699
376502803 183738148 534740795 945606942
935879526 737867580 818505515 666597385
793896783 524658295 684352066 997781887
365770379 258112183 572050319 6226193
393189372 362464350 45515304 7143342
246249802 160308832 293628155 34004764
402972867 25188742 467336185 800024141
558741835 255109766 836233322 298043008
923947509 813975352 936379487 318954354
681642683 17510803 199270352 419875148
506060807 468986106 999980328 670690515
428732483 288820335 473238615 190001237
165576868 127899219 532833457 208840703
329650223 268586834 539696002 41215369
574324990 351254421 610735493 574552794
325573609 47992910 110207093 144892167
174811420 172584833 369125614 388071221
475239208 453256005 298971108 930990411
476606463 302287470 749571980 612924691
239858653 166363408 381259806 328529407
745060344 399921106 706224350 652347107
862347697 64996386 960224974 516376440
738914357 423753389 896065585 509127056
177010154 47480783 292352922 333349135
129637670 14173785 140499415 78178153
59680957 49933320 199902186 19546083
30288302 13847682 269020637 925695727
396326583 252615511 416508870 788918213
83806730 6610300 967453360 217144998
602454277 510747907 783389200 987704124
167846554 106018062 690994584 882719236
837557263 766465548 299702468 589061679
431499060 386581611 238945017 480265181
871585763 368651768 523538945 597935054
134658155 60744989 672539704 44762526
565842855 398137398 331658250 715389680
444951031 353082268 990545012 849260505
686720511 136256544 619220718 903012532
435500461 473693 572518247 3819583
413175295 193804426 361718420 839908414
348670569 15622494 955660681 261310304
683743095 252255375 905535490 317487215
961528819 444215305 702791278 214464111
956507315 773391793 428425679 468957177
402051927 395931175 384819987 372997371
826584604 775391114 902266527 912701832
947506973 121353464 957154448 861349372
215569857 177466628 810431073 792416307
11556881 6512294 709633560 919637031
871877643 823428604 883705872 40702882
430197573 221601331 689755320 574850659
742772012 254363434 998015101 780079303
151462 4720 118085426 495849601
956463085 82305781 101551730 733108279
84310586 41732162 156495455 494958027
1262779 932359 543734481 678967431
56542575 46156203 43312032 372479965
406785827 214230659 793577254 149860216
742795751 387785193 362211700 590875624
626904748 110663785 229926921 263184548
671519205 344126918 398454323 390671656
174652658 117373272 780964154 752918556
53691053 41394782 507112017 522296287
602041836 201257557 671830889 558168124
617852741 473642488 646469981 280101742
297956583 206603936 955900874 549076779
391390610 268570532 320209998 293229070
252400419 126968022 633340901 864322720
707612748 558208463 54642729 44403378
892360252 25298681 389197468 213434307
686779474 308855918 853626057 582185187
323831173 172370861 284797528 529476435
63134278 61126759 827432017 874965395
379720335 147650513 832394472 695809316
697637045 595227773 753850912 146132215
749299847 498784379 281373068 347008523
244216328 131980526 898565603 736748373
876517598 181479572 724571008 696871787
905997223 691350289 635471314 304125588
131674174 35617858 351810858 563681947
921072005 421437579 674553431 727502120
859067120 647041487 258191208 936909966
728486819 319784102 766700280 374620527
317805525 192500720 672130002 982591356
337781641 17102779 786925018 447579297
467256743 182098411 678266693 288556313
948366737 387058705 661984867 521974306
378741618 79369053 938325252 699949471
406192278 169840471 96938221 117166987
237460933 215147578 504166693 593897546
965487310 59998634 299326206 384235735
25372313 11894657 454349663 659654779
416639793 293540112 839331222 481183585
391221430 12649880 807664480 131175018
712988542 650366284 382302532 907977050
838076784 536222470 348935862 168558825
205248645 145181461 139396402 584979114
864509173 523053327 462885667 246243368
758578352 268678846 588574420 280355233
466160443 352390155 536552012 163962445
929233769 404801934 834721430 625895629
457420462 190001028 460321487 337313873
821866528 601507064 402015904 665068172
809330114 579743529 704327122 913295068
709805770 569935866 457629448 901118155
416945147 101093631 511413350 102846541
619459368 192490950 808799041 239628797
725503647 711563083 127043061 965949526
826277025 114734737 461879035 225235842
618919370 397878982 254925364 456790656
844532101 720037937 625105679 948970336
716341821 559901277 409952096 166999290
252282475 35363207 285034814 846654584
108145808 92297739 944604955 560125573
453916805 357384801 630703651 809021560
443639742 426692127 702169815 178789196
937163531 588593434 498866505 530731804
913129695 518047862 467945470 756464635
521028512 499179478 635414031 721345990
193878212 117242953 624172483 9133828
984408771 354535257 407805525 37443795
860379944 294093741 796692613 995435441
8720563 8246639 797916114 752524924
3535367 511381 446346220 607626933
966618467 53449953 214854333 63863924
349783771 234819857 511304873 317553274
968737866 867254947 481342064 856282524
86068497 75393665 760062924 898476730
614206504 388477668 266750247 269267758
511827133 323505050 23058161 149641643
634920432 407824921 876514048 240501271
289316889 190839054 429229653 240488205
802718737 291002222 706036595 123397001
753412611 567449259 932816418 78905000
165152881 4508485 301700912 498021737
681779033 666268195 842005679 448556063
783471754 574205708 245063142 246466418
85970282 28164154 638711446 291122861
242110898 150888879 123467407 447567099
148548893 51573090 580596943 124564232
18053244 13443943 210191805 430877159
954643956 387558533 790290354 298303192
365779341 5889931 759461210 20553411
90996655 25955147 811819827 931423595
102568937 12434806 162080359 864510368
477507632 239805911 562763812 135613474
952485029 122140184 236294839 113930261
3065922 2190780 189320571 271563984
38212970 36091489 10046740 601124815
325343672 167708144 260455053 193172856
662733103 610905189 201466593 534088585
183969004 121378303 145824821 333567772
883270821 648717141 600045608 852672731
592479449 214952163 456683552 334895795
325737463 274149593 298392298 546505262
466062060 219768442 871821342 790250738
999650060 964161519 220794952 164389659
575498703 541343541 128152186 685953782
728970486 636391840 823762257 405254787
909157265 602805472 704128760 365745782
457240562 254865050 503606027 646817206
981722836 255420379 281034647 176839073
320783908 164196138 949091825 540208392
737075196 394133733 951131059 478082812
534211385 29923871 92454718 374438516
521131226 109695906 720258834 806003124
610862618 173281650 934822744 913082725
368745289 288363830 754074923 739595553
459495862 228389363 496931820 894233191
691795476 643791621 633116677 353662912
94814386 76318579 474037540 121546066
475338 73435 541663508 276061845
418392886 103729992 540436039 250418753
411665651 158968061 870928211 449765653
220872314 137093923 209020956 80841085
689566267 354037359 677649308 204643062
249960926 80906176 998830958 995224096
889478846 814698961 246876130 834189714
189698523 124072164 791794531 926593288
33695722 16234511 70702135 803959019
515216447 501606086 760185781 333113734
566496722 539580280 410294073 838269934
275915555 10603161 811865268 717179154
481764752 411033955 305611430 247995178
119921148 11071986 638697878 809386763
890446759 483506947 579893952 622774150
285146959 243595565 126007225 495918910
886934669 753707949 231770151 572002134
70472760 54722585 807112817 681502976
107412707 85249409 715831572 312219399
100752973 29544872 371476821 916529532
886843918 689002319 340320080 493990468
494175395 312449483 298802170 917257135
960174188 637370232 946486076 419464976
419151872 406174702 616040222 664416186
62372738 39407045 386894928 984799636
223064465 129123323 905671236 717662689
15601430 4694124 514874477 992354596
886436695 771918819 781660385 60323948
141101081 121964564 454951725 575296395
913633449 466716562 876976650 391108313
936971349 350939986 658585501 910101181
184587210 93570744 954355139 807137469
568017521 271344233 930291533 818935467
881978644 191397346 891405922 435058335
725141649 275743618 655325908 504275853
288536712 248817627 915510099 827673077
533247567 419894507 364945957 281111616
60219465 39784104 803682104 48553628
404852073 312100332 994308439 782882716
224970774 126089875 266669986 646706565
163474284 94340426 750432666 632842499
821232557 649302476 713324824 609706423
70903137 58115086 218608614 501742324
880532628 862842140 229051309 344425366
360599454 266749796 329490472 814606854
176996447 171408089 340432022 349456426
180387864 112354564 726375035 198108381
642655105 199607928 706541760 937074960
477590454 321592900 506607314 433330708
563777490 213041741 980791173 121406234
902448935 427482609 176149782 231990748
300911000 81808372 565982254 386005148
949827539 655957449 596163170 838402887
579974532 254757390 601810389 435519895
346355050 214012996 440140705 74993001
890373990 855300395 213312801 321273653
207086442 2600758 945546563 632161202
708315622 144363370 713025353 361060233
778710155 637668633 398650572 724652687
662965455 394552571 803178507 483420087
701405076 179485122 569741315 497156326
794058923 399264262 655176453 956809486
88682693 81799125 342314596 27240194
415490888 378083355 246904938 914136031
524718808 341280619 240329279 453081691
103418003 100269887 786471235 893434207
668639203 297369466 535805889 530966199
407215092 353460472 202376034 612014967
10206553 978887 457134580 693571066
609835921 458389247 480368882 945936314
762858955 660254809 285883736 170007077
836529158 389745669 613503099 729952278
565571626 517662702 432730909 964709358
984462619 372087980 229714470 49183331
163808061 159848979 74426371 64165849
66158018 16529647 868578073 836660542
367653354 50336196 538122550 713094191
593548584 78402342 119965893 112604163
816134411 115960635 332449280 137756040
877467781 184161742 779352558 897861183
197863615 189397863 76203923 127454249
449220800 13503040 437761887 358249368
846051985 590374911 780676696 994033955
620424503 600113521 324980784 773773511
753435632 3481812 770091281 187814525
594041777 205492965 643799104 271504443
638405944 448937718 929652523 500301215
306687215 556780 787045140 684325259
635425109 605193123 192957597 798252811
924344835 486602793 975108279 934007913
212806218 49890998 253124980 248603201
577440726 280373614 307983212 88282635
36190637 18760916 237747751 800638816
179001119 50347838 373477975 817418477
192918905 90622953 774978826 167224275
681643918 263745042 676243952 898743009
441309752 289442989 208956226 832662791
63460491 18297819 194619830 920265392
18249163 6547572 252366986 915558405
933192421 390715454 938472548 253052781
651194907 221188049 581768918 444720823
775424816 746186152 211603765 534373201
913655593 807270685 922064856 61973158
80648101 46124030 327462237 862360549
33418324 4451384 300649627 734594044
682933329 482578397 535332608 512735139
597585727 422216557 461335290 408040741
843998396 818856567 721281392 900933756
593506365 585659382 471344822 999514382
549113240 338073503 425541106 221258225
800501943 590030397 419716249 4315776
436265623 401329644 148955530 910735277
165258088 91377041 246740766 947561615
833159238 214782153 847786413 301235374
720097212 697388257 87223152 730850582
304889805 213954052 861602604 429815120
741807035 202129771 310585036 112834018
140968505 7117607 463481681 572324827
760435205 417080877 687620198 251229185
730605487 654125225 815895481 308470983
822826278 743643242 369389326 362827789
758286032 547508597 285440281 873359328
809580903 163068294 925068955 847293658
709615123 569060706 669004610 902403368
438725334 289874560 279468535 385352376
211754708 171911387 823935420 295766724
174345168 90545871 924333573 712655121
791569669 155556593 16904904 4674490
777036526 691563600 967310788 231184343
265987032 115634352 379269634 927263509
589696833 309325027 936343861 934388050
271064941 47866581 673544540 347586406
998333362 831124670 291117761 230078970
645001618 512490345 568002940 321287232
623805294 315403695 997817403 451234101
634226951 131391799 115669103 90028606
393548278 7206197 874347217 305739660
622372924 469165402 154984294 131777821
44134893 16429197 125415991 208311414
68726767 21241848 203786213 119268754
738188969 696492848 211979407 502526496
92451690 12882044 281490016 850109294
543662541 372623720 894663430 331706604
919999404 780207107 318855701 377754071
839070330 210082465 751033662 914359763
581679021 86005014 525607639 595374772
968156194 535623510 549773075 807110937
102161000 18795903 379900814 661446081
249189277 240396469 154582465 535966313
353801151 333752084 715543345 485081869
636549268 351504145 595589529 926120971
806456361 768399360 565247380 414139901
318805742 241737097 782534555 847093231
