1000 1000000000
196112456 182324539 195990136 658242836
875683924 430844611 452615846 774839980
212075157 29451986 313999627 981314067
712015332 465158848 481047706 984761716
926941379 780888226 237551236 178264628
23607214 13169234 597461057 921390578
990241772 836501274 971294039 547694928
925774326 205579987 454265173 165705541
176025496 27338793 158649552 859199741
784140254 760833264 594689739 740806328
493024699 155289967 355119927 235636909
610629011 48312822 991349638 447458621
321763139 124192234 477629581 280880442
414186085 51825899 608219933 260226391
993289516 979881683 648999262 409559454
86216059 18278018 596860904 797627091
78044476 25055404 629610659 267363028
236495562 217635045 179900745 736775992
958185214 413073081 823104879 642379
160878796 23463485 287331269 118223170
136545426 36888972 370386984 862006522
973314594 37312125 46897541 872744677
674017314 553064942 662043485 358731129
168048757 125374317 497050428 897610110
147086024 90797692 978466080 281901360
104685548 3820939 277032554 832844928
323473827 213882169 830672108 789639947
257386721 253427107 538114988 597563955
680681401 650278577 789952303 191682924
119005488 113269712 257014161 144197071
655564326 541519588 783062250 307654978
965116421 809333689 912603131 470973230
390292060 37148494 501136203 189296645
700370759 503211704 522217544 760698364
108177499 105752708 81593826 309952440
862605018 750228234 540510463 867413954
190026251 98391141 510043750 125506665
226353485 212281816 160902558 628760614
950024730 903036854 789135933 352659415
647046489 104889632 850860372 280814461
189793040 41137573 928453662 248462456
714005687 347543897 562657273 675352320
723764717 633378810 195404422 339669360
694265622 184098127 242036070 73219787
879502868 28651827 568670151 281755631
123813860 117716223 547909922 137875703
257934515 173128472 195138299 187016877
320429495 178458879 550699060 171717896
527126260 55507933 628565268 784219866
678940801 605430774 456899670 131506540
877123903 421441445 845647216 993132476
972063634 687617742 398474722 534110454
978732354 677787559 869208851 857455637
587020455 557793372 507649573 815230889
962436986 878746228 482900552 469038646
540850991 447747089 248728426 702479031
607103744 583397455 360429152 506307094
880868062 383330680 588405976 211077058
718559713 619408627 278238092 906328916
440164635 246336756 239972986 736744555
671493494 610731551 967375322 236724553
85838632 56804434 77651499 449445600
331573492 146468363 891140251 493110881
237069316 229410754 928009856 147780566
709218661 228506764 494032115 546148623
521577161 256036766 777647358 150640933
301153491 22166618 539509941 959126823
491102558 145093699 480487952 450267870
104843840 21130943 403829082 955060932
360531612 281398527 263906574 470751429
174506861 34182777 992283627 481602951
446795203 338240277 245651174 875297718
819202260 799648867 624837215 127105982
345387930 332705253 457555152 853602054
137414426 7438798 545084012 853273797
674870154 449882114 294082957 49884522
523869795 436748350 123101812 830681923
262933277 155283686 466038600 288560820
939856264 838716506 595984285 814210420
958940039 211944584 928777184 76917614
385593360 86594889 701199846 437052521
470872747 318123673 905404875 146430655
924082717 905657816 784289827 600856476
504672324 473359739 414677326 88025583
639815602 592768735 702033001 315321924
764145680 429820020 573097391 239170232
983475860 224839147 909917148 334330104
101141351 51528686 728776205 1598843
25221851 845575 396545046 833072510
13701222 9203137 432626533 96756081
895558104 829237774 187965769 130269397
9308451 212814 860388424 521971844
656754780 417248313 418987630 571405297
95028221 10803183 452605357 606742821
435026523 118313694 379666255 162712034
745030526 654407126 765280456 918392034
731964672 403653709 576725418 483490983
536381949 201143406 708820883 722110282
569434025 358490605 851156278 122968058
328563583 114606062 320288059 815698298
777752973 558286337 763102078 129217152
655656649 649392951 679971414 271930581
781531985 504054158 735779480 32746971
8115951 764364 82178694 180728136
799906610 797975773 674522655 866967473
221518665 111886740 377696473 423942544
364041237 288115408 904930043 369722978
949688589 3587093 717784469 100785043
218258123 1115410 377116300 941574916
546294404 337747574 965320377 841257751
981095553 387842079 457122430 104036066
997103367 274532919 965137594 181401529
407601326 264851709 910351395 512041851
332392810 263315751 619035274 655089990
540263404 397793375 855027005 409441183
260944001 186373225 514731381 892060692
588125536 462078922 600301796 383119802
285662336 111029223 344605698 640032591
193228882 53798192 709692679 817486238
253202200 54761418 242078333 228363278
310180223 404666 895771182 977691381
925336603 733102830 654408481 64418159
471318318 343033407 762695400 204097783
816105946 218890080 396661496 17170663
992473550 480651285 143773848 320207824
938656085 911707325 274872856 917614366
664066768 272724805 257733633 66094545
480056868 449418357 311840877 540996573
745375942 519752042 394417987 202003022
902976462 657877681 551674412 430325755
1850313 1013317 274392594 874226884
144854320 104572046 426204561 179156884
925677822 234160602 834447604 825327232
978165263 479561203 915135753 623429399
321067595 118879567 946620320 924223838
517574867 32894458 980649653 459019019
896045723 537331435 983869605 528775297
791266675 97645786 937287009 877104957
855545584 211724747 722923107 16108330
348243536 84596798 436453578 889371551
468914648 332797765 317634817 132423596
653687024 260733781 659471975 901611299
32227157 30657209 414189866 394953427
675209875 500164979 337124419 111060375
927245190 811890002 959533411 900801759
773967775 702224528 585959842 525088917
187183203 65999422 819328417 756470664
919293720 850472579 322025295 211562355
906019952 526317758 591765112 272039136
458430279 457589738 184473935 672600365
108717982 71356305 177055326 744001544
162329111 41571020 527021361 729773767
202373858 190693778 861976461 174066973
58406493 9623016 493105143 320499583
108686989 66057713 344396147 678151485
315114266 162944466 835051789 64617022
885090820 756483739 389410735 991821669
934892612 204460923 911558111 494713502
950668535 941653900 981231375 271545392
817896168 703269313 298748893 732524084
60324358 48730900 661236232 701278843
941896263 596489683 702122446 562158899
34829722 11948051 180509045 136377595
666127573 602955251 314375991 742749039
9004297 5296046 960545048 508415491
883860298 454912477 578980455 152551410
337585553 242708177 704472546 818255340
590297639 554228283 707307201 98595349
60879694 52394381 419302007 682920216
314273275 121226280 809826377 677283371
808436048 636970114 622408935 310084586
694257551 280015385 946318034 607833828
250822474 206219300 306059205 249684005
593847642 142399827 778154219 76167734
532086686 86088313 612035188 821155864
632640804 314460621 732097701 427728553
706212358 266253252 253288070 132441786
802308281 110031840 696415340 657253645
171586015 23169879 541569377 317555003
118718980 37491979 719866677 926273872
956950131 799936862 668919453 764091322
277077860 122277008 956782862 242624848
848688706 476651516 390040216 142800365
24023467 4389847 351402631 354462878
528001187 180216490 964549227 336512305
192579475 45672319 183189600 619104954
960486737 849995393 514719647 524564197
523059307 11224730 768094832 255544805
142253649 42955146 984398859 236391056
535129460 96219982 906904417 515339659
54140118 31078890 172809800 638545346
652626673 342863597 9531384 6348358
446402741 435556297 266744998 355213432
722841557 362181468 626182921 410133927
666855625 515992891 243730946 954683100
131022467 59307775 552589159 528032300
117454974 95404067 607326238 567305905
633979917 432091667 418589321 321816740
645701698 362597232 244938191 15683184
982217792 502417278 958883935 640937761
451899205 130547633 610824362 923856079
55269833 3378523 687859043 137772433
624241546 450811408 437355445 662286488
83380732 67975856 609217168 862727666
705254736 342024886 143434370 22827042
870813343 30915413 860007098 123662564
454676718 88659370 671950259 287057986
420859588 13986338 181754670 104889694
365584900 274005641 510519813 650206363
558871007 430348801 617956617 540979799
431022150 338919714 758745318 302089003
800169428 11813937 429122792 148272691
141446308 67722296 699899473 419260253
869339356 483091434 777897136 243776175
826619363 781194807 115503173 155618974
671626815 316517404 893461590 441479675
885313432 288693498 967444892 238942382
424047943 287881437 166248836 957752435
570871400 226519942 468837371 474779370
801210086 554135887 873196420 25378075
542986077 275771157 584161978 683464038
684090794 321485652 757448238 118138696
838795542 74701744 852854940 939858442
878934934 679815987 961599487 243185072
892752083 781910113 675358363 212021118
458415856 401141597 880368567 950603506
230957811 151042895 427899357 11277189
707289416 158629724 747872483 503506397
709805211 639303933 924328659 678180343
783741403 290998733 110264913 30923051
484932160 424502923 552827935 625859626
656278194 396912280 330992465 152221000
166211315 140416982 399459802 836546732
195901582 189115562 564240271 308568290
977646428 338015255 58231126 250216764
649295726 492718886 383757120 302306721
19474349 7378190 17620690 970165870
196631472 21351463 278456404 812039870
247781041 247079471 130483644 240202593
162666345 46442913 215968914 261905350
92379836 53042839 135004351 661595531
112275402 37490002 285198741 314686124
15906210 10675569 216090055 603384377
528754641 5018903 801474672 356616929
861592031 710081428 462631194 619681710
194034912 170140051 401064586 492042679
573847200 494934627 471197744 548857613
385860068 384736363 419164275 856831310
564404368 244740897 907952732 814007855
987182061 13303952 454458100 477429155
63093990 33026940 367201375 799078522
577393547 322725945 654908574 477285157
69987321 10390093 819663677 212091081
840539762 207002125 117326874 194567595
376803335 299466573 747198938 374873344
103052066 11622416 713282362 128040499
435936719 255119182 220959612 873440257
230356992 134195340 521396528 428284215
994925236 833132235 692211555 301957488
705136584 599193631 341315166 83223541
205529773 159848350 958873418 742571680
514510087 275146291 856357966 52643235
521498143 254566779 939005984 502313970
437663969 436778669 502897209 856487328
700224213 112088832 558840298 5103855
523946777 315381941 246315696 897622449
739101416 38694111 356986822 318914100
539789651 437780972 301172560 617914651
437618136 191250644 841675090 924547978
549303752 360642002 630570295 626358464
98345907 26603208 393025320 551008032
855058151 328330729 795972291 684273873
199087287 130586946 133077960 126969421
185889464 182887535 452014098 979216359
886032570 484387353 606774845 478674904
478883799 62293990 925233135 549360599
385419365 287936229 922386134 662960605
436819973 408616146 322866676 156865188
998199661 410583054 986757558 651936321
376424012 323969526 693180873 788724461
19081245 5221525 50907769 833350944
668395161 45084950 275181023 208125160
982779200 149060749 696631751 31674992
627517929 162344024 856845263 163920787
373768337 102574509 598885258 105261187
550700813 375965767 430257287 405104609
150151424 148588869 831974477 538962900
782178347 513672316 645975430 401938525
150228768 34288309 277960000 87279894
667307334 486541648 180977487 181119878
59830278 741610 664770779 439796202
203985926 113926205 850197990 248569125
852254792 455227359 98037502 3401905
847421641 748089658 800341229 726183659
613081973 335963300 646508152 895431349
629479994 312058778 428852484 67288145
106034140 40902139 928900086 939717337
698190526 469785943 964716552 8303962
543809700 273830072 562669676 775362821
3840913 1475450 840162462 427603024
784166549 740774411 192790626 102538792
868610858 742809713 927925983 188150681
975256632 806853718 985927314 681868576
703254369 530681026 582586016 350305236
233587781 208726720 583697658 304869547
763688896 261653281 808795010 454182513
832960538 337064361 765098138 101894379
618540861 28697045 933360690 9570933
232384386 221497274 918072090 899090749
703178862 190977003 715348330 48062250
311282926 254538782 146062429 410243419
557029282 472023057 984537975 822194284
816916413 496044896 901141114 843047204
267320304 161483759 535112778 49465520
816869915 291584404 710994930 602286309
836978827 825757423 756686132 181854706
164754083 40518176 972871700 761483624
710098110 33661735 587912679 31247413
472775693 377293258 731234326 127720345
629516436 264757955 953937770 415142300
207485854 123513014 982173561 541114671
770325145 37195562 993493781 525767155
183749307 31934837 874522879 938966563
92638820 8364562 442229853 418675439
941848237 599440124 302137212 27315955
719340303 331653408 842855856 176454710
569499943 562991093 717747262 626738756
94934331 79049144 404022724 697986590
223354968 206255549 804669948 446465606
18232816 10541797 833611349 734769792
568977916 465236337 843649261 69122677
521545810 453624190 803283335 62387699
463892057 48454961 541028283 284899549
720876256 662132713 530768473 119864586
85523800 70880803 144294629 813041039
555540136 84003079 506419177 172662432
912544549 898228374 27318460 352368086
221219908 109445857 160916335 334453949
656333365 340071823 778181375 486302040
301243967 122572870 924554654 688462597
525236634 431072948 386079433 289716048
590535054 446541739 787857694 347761542
882034122 550595211 347047113 746191295
610243095 218186349 255099821 134305575
108677246 100763254 171430689 180814989
689693874 395751461 693099024 592378077
390623065 189912805 938321930 317491908
93249642 51139336 344184305 119815034
877354410 737246130 632742119 852922254
357305662 104173387 708652079 766953571
4377309 4067889 463714772 266920742
141994232 49293575 184593177 227367615
707631473 507442033 569483664 16799060
448474837 206660535 591616342 741203306
908042123 859273407 289221058 674603829
808689195 656670029 461567798 821377329
172773501 14438597 223934751 171209176
925826359 855015890 898618623 140787470
887196482 194097807 730179932 772113411
96523537 19372581 586854712 473561448
432528091 2362667 635950121 867183514
622150224 215092749 735091041 133751652
224588714 213966562 900250531 678255718
460007486 279093853 863972976 230920874
37462206 35533011 304423182 806916744
923331285 614787682 857240111 811730544
218715529 78530950 754569288 451641773
423849267 353019026 755581072 390573373
742368593 6970038 989381357 61579318
118015941 31958937 961850099 719598440
25000663 13966065 76212772 663579810
831826152 720076349 254798893 241580147
413183862 270611065 196244255 569135555
980525084 429905116 585419138 39163093
983401673 882543130 894423967 465511116
671733612 582694522 336265980 708114381
442147174 143125655 806633867 61667086
686614326 84404633 888060889 194562075
573113715 122923559 657804409 718318396
620337121 283115646 948021860 48759154
73002072 5143182 434995635 272390479
684457052 150543931 863212269 911296214
322158604 211205082 363041527 857580625
990114983 609989245 561851917 635309943
876465311 796384292 138985414 515704681
657892754 582760109 682919819 653036648
508808390 47243914 910376475 75075008
662720731 305284488 412552873 947576775
408228476 226854126 307948934 441324292
12238806 9153261 380353891 267066099
262835700 214534536 668334428 328044701
52986937 40079795 621402446 405984279
378173625 295202792 87537639 396994160
388287168 149130339 981734909 990231237
62634951 37107430 435943089 935668052
118426297 41135814 611564108 374015977
596944180 432447560 708217334 620982208
727354132 703711806 380101871 193514550
625846825 258048673 824019851 913104587
274837782 224105480 515240751 911130561
640758555 570600713 376393338 115868530
354574985 183597536 45640406 100503575
792748008 685810851 138456010 624162602
39807622 38505007 150148656 462144826
874285487 544869139 685193610 931984802
654747442 366320003 790102839 628089720
828207723 572316287 513115167 285486350
720345844 720267605 554148404 150841233
441686679 299916219 144080372 282209617
495423765 280699438 561942265 901142232
313753519 288769936 323731593 702557632
778040858 508385957 534037864 592747990
472352398 22130074 500805137 975442477
777160214 215187474 760652229 577709263
257212215 70635379 884056184 304930674
925483685 500370661 658199562 766217431
256621009 239108261 598785076 709159123
772691337 639178158 182387765 172875690
110529306 363047 897659839 80173801
818851916 509118094 858665922 915696853
496450537 367671714 210897271 962690636
370557530 262722674 164699711 287669884
791696307 132325796 801136438 265849763
588622998 447161773 598152415 347775084
718691934 633328099 851956165 4138329
922786546 427424861 632219056 356905182
340156410 118244196 788574845 342291459
418497988 220541988 450641564 783328144
690210529 118532330 345234419 198908969
20131757 5122261 460105116 269140096
724289267 414235075 620057623 407805872
881645354 477306989 850405972 781664994
334157962 192660453 854851624 857186189
112681619 67565538 175808728 227959824
516566077 238279390 326661392 784013990
946158807 507104492 804053258 579660657
84781984 19965105 229956507 471894150
310544307 204846288 310678654 149812833
602405384 488515281 288836472 582712043
878295122 411628982 915388505 719136458
398546511 103987859 671604471 209273262
976394341 358840215 850529152 766701632
551976503 209590957 653184312 793642041
493987153 274734889 791400542 55120400
925421414 650372378 551533737 564558687
383875222 297786252 272635607 696611439
463815951 232777287 796654944 30211097
463183473 259403634 988487940 431809305
478425960 162568653 789584956 963849151
93631698 46772695 903195717 759678344
318244253 270609122 327058208 605447815
340851064 57275003 733707687 990053886
197789077 125153552 788545228 99964710
126977606 105314969 504013151 47490005
644247245 316767654 778547124 182853308
1964680 1084562 814821189 305162158
880176696 3277472 667795272 178852062
352971258 175590684 260567563 586986406
720044936 455843884 390339960 832165049
795649382 229823132 871081538 728743534
388838670 286069155 288945822 504336608
225569315 73517244 191588575 914787104
969971968 279342073 272028021 385904282
758626797 224101204 927084680 62787784
562541324 436006389 240283196 668970786
634282807 118835254 264325972 218304935
84232666 16287498 926511492 723974273
651705077 520510401 331580996 823330525
251750205 165140544 449806479 36380071
681848809 164902531 802934873 589949489
743775128 357817513 615967094 387865626
673507149 66039876 943894283 733740830
228510862 103236035 892021448 21846654
43478768 15609069 165457808 249882311
247069142 122363464 702519396 854924780
945984053 475167549 652314481 183816419
738013823 506951522 264804265 63420114
196175658 117244000 38615741 4779559
135625468 74191621 306626962 465529201
639694682 584749612 477562591 320971897
565218182 161130690 262486518 42963971
140140920 100493317 274030891 406449487
789143854 559992972 950179337 255270258
626385395 32059921 211103288 359874011
504159477 429267017 81731579 928153746
201042229 115531932 110791659 313111244
589771781 263622069 570492739 506613723
501653386 271413626 546557241 83720102
200164071 29887447 524066829 436418757
893873709 558834537 579736353 627978815
886214500 737949476 822341341 367905919
609652351 272092985 770872353 820199575
225154364 204320487 694420659 761735550
770657520 744184680 202780758 615328036
275714353 9543059 304503555 833566024
80325623 24047199 545712479 464054620
930575400 430049569 244434891 57397830
402941884 243100046 611489298 204572755
823255421 524431576 637010353 121436023
563562523 453056096 442858988 355098362
524481384 127506721 926662779 177736657
91066001 34268001 520353398 664762757
734050089 481306332 294071189 99213059
254975237 65141306 366089891 727994405
332865393 330851967 177368475 243453915
149799366 4921509 540069134 179490645
114675316 105457378 995289740 168192760
149611932 136470742 785031017 187934397
371206307 171509610 428085668 384359989
958434351 953774565 12416258 162118667
624557128 345443388 611057160 621045643
365794716 62782972 440005868 391664557
457124801 211824829 777626479 677014367
783428477 316868588 779188612 717854513
949582846 652286931 378256370 886923276
270825842 10290361 863312238 348762105
121541013 91911885 237737835 349358825
278073242 40790208 857569706 239358249
744402610 453447310 799334224 501107468
885245385 316464466 621826300 580937152
209150271 32737185 295962689 724402793
910570129 212944099 972783920 531344355
762881459 33784240 231506787 31610974
476186768 221755884 551819364 790694315
566034264 446648768 151301971 830364714
311611238 7547531 837894308 905635762
814512996 741798178 252197164 785866673
670040887 336309276 944948047 662612120
262012628 81405417 373735832 868908718
343715487 313141143 485872745 863389086
39370272 29681653 208212039 536395077
710493177 465126828 425864153 921284423
712777366 659347236 848584866 13505570
853951685 374534580 888385545 75194189
382598815 76586859 574709311 866591632
132377874 21150578 991731128 560918591
760222098 600575485 177145376 554091266
278071323 35544504 586640092 513157727
124774514 47497255 613454949 674153098
96827898 84216779 456044419 96990578
940956334 896690447 847623115 386400738
505250790 410798324 455260558 886101688
799048628 364548666 649487995 116854784
218986339 103576487 345320389 837899313
913001889 608353858 573496080 95217769
534995169 401997397 228924880 922128091
349114698 172320168 301900659 837320335
338512044 338350218 863120328 908540615
239954838 232088327 694451257 474711477
994337913 519662038 685159818 64235770
830040521 201469574 866121879 342193181
16217700 14584906 854183988 442894110
513882659 363463882 295685826 626584096
155233542 108246846 378728603 941658134
353242445 72099599 335938366 908625647
523599791 442160875 811999129 846732215
786833968 398234790 790098532 435620899
441368780 215770098 712727731 237473010
823627302 633258086 258851604 402914418
919539754 269601278 902050338 487227230
444164006 314587917 391096898 266645131
155916883 98279410 267301791 990392597
515484425 366302087 584180145 903869341
440668951 408357336 60242406 334546429
312687704 270898991 382254964 604087792
529837707 243616986 591820405 586638550
806810165 800729972 836821200 441002081
107404406 65086151 853108433 769289084
761584294 486562408 809624986 126116575
626026066 328437690 926063423 345797961
854135896 833496535 354361737 601781909
720814552 601747120 711937781 690318797
685582920 344352247 370527145 940191886
430809585 327573143 548774368 998055368
231743981 2132411 478194824 576980768
904807260 30880615 652938149 128264790
810705138 419320177 564322649 511262993
770535134 85319801 799006860 849519870
521162430 166698863 533798421 77024356
365967741 324929875 850186269 549160729
389816036 88528578 913209476 861030553
820395866 791388748 911032563 210051727
471865489 435505817 286918869 386168555
491838786 424699567 239138610 437260901
224237300 118035390 797672932 230405938
195894858 116235579 962353255 532981824
754572929 276834307 649966948 10295548
726275165 213685662 687172991 875076285
288960526 140485033 341846465 850049512
867844514 843151377 852128274 580243254
60765701 42922109 313620585 820098701
366819943 131532778 916516684 415155903
669635448 631344879 745086088 402007508
928044667 145509697 986786637 481183509
894618094 152813593 993314067 990499828
187550852 132480859 535418967 233973579
682757267 472462848 760221825 569523757
313873026 98330016 952734285 212474168
804859653 598542362 268056887 473065485
260453911 27841760 932656859 566860584
433696362 233742089 268742737 377268346
613719632 377793950 893031188 194863285
809413662 551492384 556696175 264341053
880095042 628081903 317218199 710670581
396461301 215636313 292346996 870268767
152322395 44379866 178389998 261012875
984704653 899507983 975484501 62556054
350914110 271861971 573743303 543910072
55718068 21639572 352299592 976197679
582364896 479792239 860342247 582124311
538689585 382850532 592914732 825168629
567655671 392798996 232248798 581182397
671565007 267234744 735023632 442967120
497594533 352041343 515978569 288757637
985927205 199686830 827256367 759090453
76535807 29216498 363726719 258426771
359232533 305544956 804412514 432708583
642560108 519703779 409841167 874969687
127186315 58004451 502908165 111188802
109259154 78572577 646760959 577965569
467916782 281147792 427263715 703697189
897920340 284799550 102703276 16739146
304813631 53491201 444546991 776365256
718282632 97804381 84130037 23824550
742999407 595010728 380135641 406654522
506757339 90328 697593934 978397121
310830712 260559022 888385113 863095840
486932713 146699341 805166653 34712440
219370685 168925281 385345434 900060122
456182473 404812651 558677683 902138304
649536768 275716732 847193407 312347347
925599508 651593254 569768254 295961142
441340183 272241974 575765364 715943917
456298957 59343249 596756862 795187206
212501002 166839956 685514178 144246356
421594803 18547328 808672072 439228472
747795109 719815692 912900580 354579564
180256726 69315874 149328047 634610478
476112747 390307196 888686776 801710313
317999353 80560497 355515010 965600614
640290757 66656117 930912072 148048510
877291531 633892743 16037398 21876212
401840895 56909372 790612510 543259040
66948151 8762405 551171926 837081154
23891272 290838 873793868 326135692
416317716 374133039 917729937 356115278
550622332 159121331 446926517 237093782
979765030 917152432 982272789 634671410
870529501 307065348 173019171 301057879
328890222 294676961 830739898 86495235
536351675 164643237 449026163 179269178
787401540 583132155 640317757 850433418
231724895 80931421 844493897 209492686
134173422 115767903 660805401 940023706
354068351 186690409 891071284 412600621
493707024 406560121 528340301 167596030
985627320 563102849 936515217 717545849
3392273 1495444 290448458 855447235
175539673 144104324 514703580 342560519
630163331 564561817 339007691 168040701
752260404 35051356 799603303 194273890
799467788 305567782 840236901 48205471
745042878 178027308 598453899 222858984
577372237 307620308 766060441 277013152
770796616 638690786 643810072 241731994
416689550 398964945 470571139 943435621
154692004 79757005 319615784 677680827
550509512 160544584 683277188 548868816
921296015 506581456 942614441 328340199
520383779 493833312 788939144 935183640
996529339 771003276 511914575 862103447
676185476 611979991 742714348 153389307
678101900 292699153 529515896 57023546
465926286 391767012 690864971 782524238
969169408 421842474 946367607 193530156
11096364 4533079 521346232 629811370
197788811 113322942 587241021 350265960
957448074 935034962 645760874 761085695
741254336 669016595 967482328 903613390
306264232 256761107 982474488 589283317
918164529 752673467 259266992 827611215
397205656 336593731 926083553 955003655
133085932 8880416 991581153 909655032
915472874 787859654 690081095 504946319
657118264 507951576 911121755 842682810
850457932 620221995 279029164 309599491
64768184 62718169 983439810 146724130
295504565 1883867 614178399 939377253
892641898 153715829 396424745 266394343
163679289 43419039 830715885 199663370
303348183 249869439 880941301 989514085
624174815 259421643 996720416 652755115
90525274 53283032 520377984 29034318
523395551 374675768 837603821 312573355
214934847 113457042 296884807 274496390
477950836 99043712 584981771 82069931
710897990 427281620 519654087 704870856
486771505 293273924 936370111 764704030
70183190 46286342 57408584 783432022
982450430 619813651 475753182 451898173
421728135 252230877 514049000 813562574
334007525 325969943 313237989 123175949
57122544 32046984 186299198 716468438
557990523 496921253 518710008 963983829
723855598 277541596 720152326 504025950
351357692 37182371 971315314 869646732
887325788 777021649 880007142 258996695
851788937 735124349 434275216 268719602
529878240 409393639 836816847 830182970
505256257 178676110 898920067 366794269
483952300 440140004 963663772 948155346
911219933 206361303 717278939 437935360
65528454 25451368 322095800 684656170
345637602 10376860 794120574 886846446
415370719 77189676 551100978 355458081
950813288 656612851 547433164 789719330
17310777 15980243 143539261 207428682
814666636 728626036 106007375 190882801
787952573 323288197 496316462 335024834
464629249 349370321 344580110 898106909
78208178 16869036 353957205 993328748
873520637 287131470 787136827 552539701
908495075 906457524 460111622 682818644
431130962 428243864 535266344 445721680
88662075 19093798 366139653 730469210
632610216 370617842 458731887 29902101
372365354 287635180 259283686 617006324
551307882 551103676 434445831 194468915
660324943 562706543 985349132 687132529
201441917 20623370 555238527 797869715
299561823 256683754 432386309 178535906
532572817 46901665 149224885 261783912
28518851 12375480 44360431 660413573
973585768 777141770 385888087 343001550
387450727 65930430 500820747 847749851
585134276 140227380 830772032 814784689
276091548 101117428 342676596 327016586
831102932 712517476 239439213 686051726
496270926 393644645 586044542 651165115
609728568 288000896 395028328 834590584
710578446 261625752 512219038 752295796
316467897 284005415 532836706 936017675
850688827 607246006 469093058 998930980
974008290 395016511 194676529 309127407
954228667 375477796 311782804 82810837
616528976 403909306 545958142 365309650
181189371 54884170 275283150 129884789
24450889 10229049 787058334 850832012
759170546 664112050 923005662 168335103
917343322 485541293 603518118 157834521
245007247 8850294 785782406 589350128
241422117 116996820 372315110 332350982
36648167 14653813 328520048 836037807
715262136 602105130 390447449 391667802
700420782 470453958 871814845 945886571
747847408 338620191 602752709 448182011
222845970 140747589 923759786 932264152
551514711 350170317 253617417 937100959
965173233 166437267 132682861 204215279
184254261 41724676 630523538 764072828
373364345 365120554 385492563 20621085
975235595 503991263 966616037 756759208
357423739 119022929 391423363 1960126
583821047 355705055 861626756 797659998
948207135 741788026 288022264 335784452
999189259 248920637 477881391 225006524
192904960 138734425 264813063 658125841
51765664 38957051 969258476 692052474
632881062 397699586 661247040 615023365
810093449 173970599 156243905 21663018
900077840 529087843 376059762 937226613
101355231 25269962 796444239 452069581
329673575 101108392 278504582 325564539
696136830 661297696 214414915 947550472
705593792 147298599 664578578 918537731
61791399 16216687 725963206 49150889
409984857 366793909 865153764 414404046
595699643 578593864 232408298 417083510
784757429 77461224 148567769 466264419
565929985 467512448 151407589 31741458
555301649 16439171 765846135 113089119
110281480 90556739 875341376 366266293
580473382 524878817 638285482 47401819
681979622 72614480 997480757 543504387
858274701 689106300 361349534 233883606
558309386 218870481 356281263 392199586
181872834 54682111 458014050 635468966
297573352 250110231 947532997 869578729
769619121 119281566 944584684 300705443
804790429 573336885 349831653 683423723
574664315 4734747 127271003 36185583
790434896 136967535 348184166 155285578
27664203 16127279 843316655 649835403
254993407 254713348 337012028 444843938
129434870 77855492 505562976 975166919
340631116 176412232 239327115 623512430
681218138 468302907 447853732 821375675
811683 398600 749877680 776846122
792014836 6697033 264551521 381932005
610922343 419539075 382163841 252082798
932438516 891412358 251043721 312925138
71559772 38392915 769361204 143317163
906653533 472417944 656338711 877897149
16865235 1474173 627840630 492327546
559648436 544377911 437145512 969588676
104664022 61907322 813287428 682764120
28644117 5091277 259851943 788191565
282257031 237991783 108282142 349766848
109100649 48040457 247075891 790234896
346207372 214313845 969303915 622663499
172693847 40583560 936006459 75800760
234102208 31181819 256130565 960277085
593070279 270848726 379117833 812652439
147793822 141995585 742552282 300646941
49333172 9362342 783077311 304597727
540915950 196193795 429081390 830837335
634276056 380796866 395032088 558144675
651498155 647451406 712317140 602676430
130224735 41988087 814144672 416558688
117690087 61897650 831872570 107663019
582105469 200711998 865287756 35691647
517144854 255698910 103665936 131301965
936408595 568511787 467910833 320096310
936602398 326505082 289219655 97562075
914566216 867756538 482340515 316630453
283433501 172947852 189839431 377429326
994589112 674248821 785325080 71964501
448485104 75992871 128680805 188840712
536490923 401121413 495932416 119665436
912237076 259904435 580930006 59738731
650383102 625598356 977634900 230139172
859433112 800567276 832843115 379937807
839883910 615180572 979918355 923790264
227837711 151675802 281249149 417429804
532918773 44149219 493212517 774481699
519310578 106410775 992998627 563005059
315502583 184770305 288806308 143458688
21818363 10650844 364833106 64190489
527468282 433960611 912341951 401998349
980788170 261068421 212188100 373040319
991964410 939796983 860879518 241709196
263057758 252337752 204608110 560025669
940317157 668221153 326789710 58033149
273001953 68527350 552437814 214055270
670325105 75506941 718821111 750940942
32111348 31731736 737825939 770219223
811062943 314511329 704063192 926514879
470060933 339823643 476253541 905322056
64140073 23207313 802574164 515823937
212971584 178294389 952001925 521870422
961091563 463142871 664159353 252413798
91146662 44836992 890899459 287971609
203189252 78040496 856569552 810880739
929145457 320767626 905271678 355278950
755774868 352148908 959888470 176948920
921795893 209224411 144192129 148038614
656468020 396454998 398956358 252250124
557722690 543852241 462459755 996671972
896236012 749025558 164326703 84582180
848484023 828337097 272859220 601323655
389843334 323171419 154178625 239046802
603892619 598047497 589497928 220012207
571714828 302482200 293728047 796867710
742047947 676398698 180455085 832475929
290445994 26688172 769805521 151355698
472778060 416009284 649203272 150429931
648823652 141380244 945078701 993894482
282159401 210044965 530877235 547987003
28871326 23761412 510518733 367736985
236065807 104984110 842081240 188560912
575283199 540641336 477654458 784572337
47057447 39401405 224708176 610859140
576470867 353453987 251166577 256503837
723830968 610623308 544736837 40374012
725748742 529996789 786072468 598584627
125903050 51018676 564622257 909735074
651654878 472514661 239093401 936025212
556196534 223082373 616607009 429155479
973148759 468527818 946340076 62825569
812138772 605420598 733557480 360417373
314242793 162786364 669773458 502680749
915730858 64103042 96391672 306147229
222286603 101355286 923298613 459532767
529864717 250032452 488051408 207768484
435846072 363323831 260241420 456755170
909605074 422074272 790176108 382683066
898446685 784936118 974723938 931827291
21153780 20176601 882553654 620756900
960120484 96712993 212316307 527267804
361045131 186992165 653932217 343474274
434076760 328969008 881468057 967469166
794329927 207592840 939498843 971424347
16289519 4295583 667367806 118751042
762338167 705133685 454203959 638177836
841863771 4191017 525756365 38155306
926209349 836793031 137434207 489816606
184615226 75058784 397943303 943374239
341747856 337338323 195937284 212047147
411067896 251342461 425412172 420257798
864887517 548306603 576321173 96066177
970823896 143271215 919432231 748836182
633950687 169672870 511146432 11560334
900107575 481752210 730920961 367809960
481915461 6394730 667226386 451119490
175834933 11923983 912508281 742702941
412213116 400103069 388025196 777186468
175423387 79082192 511605969 816032352
780258466 413881914 453913303 675547208
927990212 815726565 326526143 558773541
826551244 277272099 948707378 46883313
378451155 288186175 472940313 349152166
179269484 22705490 567928880 475905273
249716420 26236423 644926344 318742090
234901 23877 820192689 762625010
788503479 152577345 880498305 756569120
85977677 27217479 447502734 396365701
619305505 45788279 702085393 754271635
616775772 167296793 699161053 637188429
437959536 219372007 853794819 444791261
671912278 57808609 674232078 921036874
218040850 108636251 925930428 204530264
388405151 241133553 335336066 282226198
863732398 559852268 926115811 224162935
291846992 184687119 113273726 640971671
965943905 925126975 144862258 379539176
218413603 27284212 794245455 193089470
98879747 69402379 912132933 125667231
23872160 7649616 75544678 536921209
606922397 218880548 392384390 586308971
811140723 374185237 652971438 374922580
128922227 11557296 187711987 598709757
984243426 603760191 680709847 449559778
392411241 309566650 608674764 532892141
171623050 70645401 497843246 426076301
740257232 369254899 458493873 249196758
60215260 25592540 451077569 856052229
21208393 7155930 65945929 973120159
436771123 353715688 445489599 49888710
613094716 436637260 249435198 785281245
11082840 8809618 621423070 622126827
845144673 314598261 717442603 884106832
463176647 87554867 497375088 334189078
384015316 44903741 890809841 257884853
613074398 219082908 402196812 366300014
438397921 139309791 809256521 577001575
223851805 74031069 675669730 269468487
131764971 105164013 43595564 720499706
863907441 155997879 805264871 97886380
801954520 543174586 744052337 896295340
841800759 195719577 738657264 313318309
262970585 153355209 272278672 249745635
368415529 274985684 112075618 393070301
333269510 228910430 418561862 263589825
373228900 338255354 529544965 727012720
670264697 604052662 843888825 640793317
407422563 382805895 962710982 230739679
405684460 405116931 90948517 884939854
966138961 755604130 477290978 709682109
893808764 844556212 945117952 277060952
430175673 190532335 573285603 541907401
532027328 477635494 611804456 427573633
223064233 34995288 861065237 215566032
476142864 426031517 841941366 562067298
927529095 487570560 630300879 688392925
975200031 275667936 826908808 274718404
796203189 157163663 966925860 774502451
153754942 53171759 148806452 465346557
33931242 27565824 693796587 529353048
996266838 393489959 612046556 338083789
565400512 536782228 445626943 917019288
398526039 19784616 775457950 18835070
198287667 7564765 867376276 427894726
876839650 666644679 259198324 488888389
906300670 459989297 702460049 336258430
147584806 18664305 474148911 867651838
410258925 50674926 543826376 359525018
979319963 360723437 890294365 661334070
702803717 195922582 551967653 758788197
53906395 13139372 555584741 975631633
80274906 77467143 175271161 520105593
323403126 276261827 281384216 270135953
958187182 391983839 982615599 797878059
588696615 214920304 452046676 827221486
17047600 9006274 248671214 14751166
93027961 1168220 813902166 46913460
600510088 206644501 622813812 493884708
721599058 606700638 488677104 865091152
732908085 336379467 493694981 176442050
398433687 264735552 889939720 240334481
175829359 61385436 995380754 570205422
259084724 192552998 220641633 242204921
192213429 181812249 275530281 827065132
489774138 129595785 700464111 150953332
768901142 634210325 877215754 587423681
814744271 213646730 750645557 275507499
389487075 57176527 875623724 207195702
295347618 223264957 877426329 213140148
471144348 325912435 255943142 584022075
264611343 259893893 972296415 639093598
350409000 224305667 376279933 94130851
