1000 1000000000
58563677 644000085 112739812 908003262
957915897 364448171 584806574 236955831
322458231 701354010 504334807 867683462
49843790 559771301 679965722 336295477
625984965 169085851 404876067 846488069
405807661 833509248 642063528 197434791
564980125 640782235 213729164 305351934
650121937 842284908 340699454 34127290
365340313 170399020 230851852 984003199
812264361 120693410 629819693 433904060
112012894 878965296 200190386 266820059
744950658 530216692 529007868 856805384
229832953 404309491 787080533 116980231
448748022 450457303 308232779 262721557
602652327 705228709 37587384 491057618
979962598 603467397 698285625 82752820
415270748 277294950 191626121 269551105
361696195 801682293 42938900 696232577
240210571 70965869 838213438 673024830
195677487 357490689 513127874 932299119
81786725 137508379 611419339 751273675
811465553 579739110 39973523 295696493
111867788 298831035 949953463 284123397
591886214 264913503 775626480 977357925
458596973 987983642 472883829 253958801
101408955 522548283 713960939 53788205
583954917 262959877 468044529 8453095
806699578 495786970 546925707 751637362
123363406 225900727 32209891 175606023
62217907 819797551 518496263 972046157
324192010 218831598 629646503 226561683
804977473 695860943 148923162 620121198
281328286 318294765 364289169 979229883
953132569 774024686 758837788 272572405
609675066 831701176 442185504 53713375
896816901 98082283 74753198 842431879
307459759 785466008 538449141 998538625
995826046 650828205 796067932 805544761
886274341 120673103 16335302 670589882
713967879 877010995 818716964 983291719
311821564 377434794 659903348 167513113
353831972 4664244 674527138 702582559
685262861 789026657 949388890 160701712
590564350 516084279 413822990 924382178
359100190 249982534 902627602 676607235
931462866 801486210 168331301 666064033
376431901 354536698 268094281 484666622
63074808 730258023 961095762 579284501
614296750 938849788 675351339 752507628
996376374 48580976 792326581 670615752
980062640 888771841 474745531 76681846
842352438 406689729 326108475 969613744
376135597 926329908 4207266 677275573
854945221 306381116 21359281 654693228
161404624 654189701 411897661 394304947
357518626 642998614 16381843 648978911
533074212 453199922 159082838 681425842
986872996 370783312 90609320 811084211
517624694 489275757 334842184 405907756
291674681 465939421 475984864 416679319
204179853 5972680 991653282 289421823
726810158 60068832 685414518 453394161
228548880 81743639 243845218 740339301
492944732 161068758 742082371 955203995
391015841 210412078 279055894 50874303
273937248 487412377 825142912 123246128
700143647 630338638 18201027 513230953
25582954 212129367 352429942 425321743
406684226 771433876 144356931 700303228
954612836 982570827 912687620 635903781
231510877 939736017 69281998 833147896
342772967 434644226 805191502 654724749
564999575 818575755 822512115 11798584
641359047 424954929 777539551 711248206
502547498 586551388 307698729 933346449
275776605 106947321 554764443 325858237
683609619 619446183 437141288 373064456
839563480 261762781 281150843 125179033
651729464 696381175 480990538 539050125
671737969 756904581 736388026 585499235
663027333 178757709 525069234 787965045
971924626 151269911 730321246 765601030
134561412 303784432 551794572 150335937
289858250 119937308 598051693 773404932
592401071 784086926 351373460 643723897
112602368 275415840 487834421 903095447
190500585 511603795 801155698 685242633
747078417 422262318 58542920 342932970
663932638 408455011 14139962 520383116
986673153 351989467 282360278 478228528
52506549 329452498 629828908 781820510
394461138 787724708 226307645 158569200
909526577 453381610 467308162 588964504
193435093 12045847 472025174 834457174
975648079 311088279 794571295 297332062
512022618 547377737 344967080 856867341
396386579 202594729 827935010 365213495
127616446 480671020 456832636 828834276
547367881 321208453 896357709 133278137
822724490 316540893 615301222 260895325
948867166 369686320 906535862 174186084
273209611 558748739 20662391 376822078
210378890 502214506 829846758 726239029
27970157 539047667 294507161 801279801
215573778 875561535 983048902 854305477
422092082 913385669 736387327 12721450
249911635 142549717 855869351 890888544
315494373 916817054 564558668 699673938
610432576 644755942 874393880 273606183
711366449 702137784 835255111 89075383
348456407 189294242 398953070 908563756
979062662 46421025 707014882 653851149
904527266 173607507 828448033 549305599
242360535 304522158 649715255 862183811
633730440 95591729 644174220 156408100
533626008 218186305 383785040 628396548
891539754 661676042 496281268 230104633
952042382 23007586 714702424 59397963
574072092 946544482 72988993 528298342
481989156 688286314 694975554 352023491
370785072 961757795 548820063 579564812
643109475 329653607 506828611 676786634
561392383 692385298 29547085 616967970
914389756 386437364 636890807 167883551
29377448 518100455 822201467 318831779
129971307 81631657 290336495 521192554
8475459 287054050 501870973 944635019
108022951 205250794 101070297 29617402
682227875 310039308 365342889 617294426
258161101 499407414 793957818 932906259
843326969 339341273 32631766 177407806
652520136 418268659 448673017 892147509
365989090 485945867 899128154 368657601
494157592 557358255 61412592 194669136
551135983 504654617 18472338 820913887
645846232 132950863 209765152 563011915
800459158 901462429 257455547 938809488
829528880 27400094 617164418 697340273
91920977 555042045 632526517 530931629
226908367 846344454 931605190 280724397
4673025 791636877 566178430 34750096
434016279 884686075 233379599 229276992
366520360 855848111 100703665 393374510
190344549 717809328 816690915 644071407
201327463 59035470 914140948 880347973
732248553 844933375 930064690 177537286
598160778 433136969 190663752 878949357
904424166 432831545 480935047 659789598
641039922 278696372 323228470 350809990
76840023 11400336 295413598 686580208
164525116 415633750 53402386 926044049
912789206 847163460 287280794 515146575
120301510 461863132 778911627 33355483
360835648 288313743 491066066 714739900
232406152 434846076 427076690 322465415
809316989 948253849 957737556 853647198
537039669 86713638 737992993 392951893
253732435 145923337 124489233 263472641
158515276 326218022 15747302 677643002
997635441 537432611 727024300 722650889
317720544 767608276 235551555 735838115
343503422 347302445 110321797 12080873
20107621 914710903 131492488 290071820
349481016 57200513 700605923 992950319
811644135 117825615 774956432 488345311
416877066 849320963 881918703 356810517
808110292 283119054 10392733 109646854
324190446 470994977 492075073 363676118
87576527 371182293 282655994 742366571
487889993 812203116 263586694 605766193
127579868 676172385 851074260 813603848
833234716 685809074 124743484 587540947
837270380 525164245 741720982 15118147
72603344 454012674 216329372 241700593
304377055 82915408 506014815 752036057
225422404 40128165 528778865 157972480
14911034 475523030 203053307 797210146
478849400 522457113 668254814 549024070
161590231 151080223 687128580 994794657
194582016 305962486 470026878 263361299
850758486 712975509 300328679 481076613
428188919 869682568 443148194 941584874
295360852 106465390 259974942 763166553
752679077 183218712 232095143 334268728
122312273 330021521 330259225 526354251
409801508 712630854 177245352 751750194
130548673 920003544 16506363 254023914
276107472 913810270 210949979 773655098
254233438 657000473 466581451 145663121
682427301 492859234 225391592 108418705
807915940 699668770 429122860 10241318
400892084 819833157 514540361 115884864
757053620 443999226 696265941 299390848
164706970 602172723 21866539 262129669
571716188 785858713 139820226 206875264
260415233 751640237 1983 571127746
25204026 332715385 310418324 909508435
711607996 217571313 65705347 226554318
2580197 890151316 591462208 100245130
698819328 285102319 345334310 403048657
514663363 717730614 688375081 453932233
977548170 297309774 123122192 872285742
126313066 906530681 290885786 834339421
521879723 578442013 401086875 790139780
976041495 462500054 585747278 728575822
65719551 69373913 282575085 464748509
218859805 181850210 877273490 265619110
244618975 957186134 228785805 825020984
692420519 345506872 357500946 563549910
608214473 886320550 30569779 570459749
796415067 130959485 115635106 210548398
895696325 7850374 150907203 994558436
327694158 145575744 968849983 759397292
392133289 525123859 450094310 410738636
493771565 260568401 6683047 179990659
875015040 919616064 392325899 896918743
759479585 484561907 417600058 35217846
265406741 482850816 906007621 437130053
308835827 265425681 616282306 272706778
986225744 107675611 960146693 703297636
363509070 422118150 777142407 305128041
990167942 530800098 692412711 142591018
457006207 182263672 976965282 704490765
939995659 596951314 905346970 624257249
58552951 816133127 807254065 547382480
856000014 425552003 958660715 924291530
119231252 882489925 316600638 62415495
297044786 630313074 124213452 181186428
378325549 821269527 429467033 32783587
61343821 645559316 62909629 857794629
172064922 103631966 537095223 350990975
107373306 644403849 666441223 231183210
100423888 404730532 666463838 341603710
270185392 179206014 795941042 835497617
647309448 670251751 47913445 36252892
617553515 633145903 345554634 172036226
173724598 615198526 672184472 423063401
400443991 531615536 186847538 521083931
741202439 160287769 943669989 703886411
503333041 946398311 150697964 394824561
454099365 902519282 223537060 558518345
220345787 536996452 425995232 10604568
417879087 902596255 864593740 115419806
385879963 861703959 310025655 858181123
631498075 619167827 941084254 688769161
92404775 381751201 116606862 842017796
981476549 196986218 54175521 284660178
589895752 650002385 136209649 234867575
944837563 485716887 706004757 88043253
626253819 937372415 329416206 704579297
271868348 251141191 931732545 144482264
457593495 408665162 962468997 895431308
411491653 310076684 289219531 700569400
218694178 669456955 796540220 851492024
689604764 340099403 129421757 252252501
940957789 136340293 570819216 973094579
330974984 471786224 483411144 398137580
704983610 418424005 537483652 685745138
462201111 752855143 328076131 787093530
414671307 612395624 231595359 595682437
362537803 610874253 231003338 921998795
668815009 907940184 485049575 166312488
495550346 866079112 136564845 182170085
964333223 468236790 894714062 754648507
229224058 157739134 322441563 271899389
179210480 995149177 476244415 247566795
6983322 532402676 308794259 549708692
864318683 298409714 24099376 198529954
736390661 548283291 956976534 2139743
84777462 275008529 421762139 246152082
916793870 126478041 735330405 154149940
389521821 687823218 325689295 993500950
766227888 503236672 157420481 911143767
711995602 393349650 815001478 182534930
622079700 851379286 129278278 698597959
498288464 632417984 76642242 993848132
379485187 471236930 351383096 972308370
167456877 375261315 338365285 475949060
798628220 261582102 690058978 103865243
799377953 943784716 64740075 803637620
375739138 379373431 637569676 845168505
90608855 474552210 575355725 239873562
728667148 560167201 333180837 511386087
593573178 892957866 491753594 592645812
982610441 367775785 48108879 23396883
999796142 538211497 715621437 918947201
262379436 408269377 322568321 242887344
317262854 66591998 706547164 44384574
282742316 466290253 11405858 992241984
329260212 206858898 994657646 344811044
262018615 892325839 102408812 805457618
732634312 439354546 760260287 646815927
281699548 495456600 572242406 893491269
891473981 752321397 476522165 642162127
523126707 115738802 328335967 217390810
374319968 191640765 897412073 39926183
356894710 73658551 812588217 356067944
553099493 50120539 898621766 702134468
710335115 76782320 424437677 722982995
398239154 757069180 281631236 688379714
350588884 705762585 188711960 20588077
716469501 88172751 992477209 786616247
933486738 560624552 472633107 867496363
896620671 558936203 96859588 111769587
158703051 262272256 118404459 515957471
437401421 225913051 684057722 436411803
608815741 352835036 310482757 429202498
384884503 236662367 140565818 977177548
682045965 344890295 894467884 217861863
760032741 526078474 836109288 307583166
159592385 337809584 358124818 4075609
913192813 400294116 688317733 337010958
565645492 107938591 63388052 237687137
871984804 931648381 145778865 528835453
803044838 367651321 956061794 159162771
885256390 443169356 360024574 261606569
966283253 851939737 778631650 870682097
451050124 871202298 888809589 879648920
49223835 82696433 913430547 777429184
939917235 325736488 14355864 3388120
302275177 351790731 401874157 113622664
688772625 976932643 237183009 464562540
255461121 157813369 624423672 295250841
675547432 309281742 105124774 710945189
242713804 360454141 347873789 555834634
758244865 131956282 642169821 906682771
465590589 762374480 658746729 835534066
672474362 355904372 993677912 898260651
913570867 669378871 234946942 100391572
570183356 349249307 83190846 724579377
331634917 4188948 252235502 583640106
156349625 850346473 922789050 578951951
809569825 695008961 268462720 26359955
869825151 513055526 406912130 708320225
200406913 499950430 97626588 274079772
674190867 713803490 813540186 115067542
488398796 677157065 621387012 901573415
388784787 119148473 284105952 572130647
900094627 151178426 976956024 193017041
743999095 306948649 42112954 418219621
56610249 770890467 857473674 442510273
46488858 270172210 435770153 91421796
491243753 66771538 186575508 319617183
897341645 628154203 634449889 482593619
960822000 591527879 537068763 290090985
424532590 305399753 773845541 63606294
823114478 889007857 663020575 101231351
932062642 613144780 930304717 293556973
64191579 184342063 475249864 965596208
504996186 989266560 730173744 285267229
976215473 833670133 496719864 611086785
995935924 960642414 122009458 571819836
885041188 514828163 71093173 802386746
889143438 108288928 943957456 722168388
677126138 624451889 332365615 208213794
380702257 800554050 767796293 381075886
566676681 86102314 960233849 724762686
174042411 888803152 584631869 298513477
507895366 658374616 773259473 735485917
383503483 527438059 344280098 488813464
445922875 168625194 532461247 567645620
977697201 512841089 744637059 547615518
137662627 642269330 915990744 176246787
177860081 828797887 331206291 578037448
685544052 984746149 819310382 423381320
986348460 181696006 919565690 756869758
252790993 715427568 181865710 89907654
802660275 939134552 878125718 110060084
318601108 574999017 752299433 596077957
512884361 799391013 964014771 35861006
979248859 830395358 790426292 140550590
394260557 536706956 642886540 858527905
634369968 478749865 827647885 689042039
570825245 341298149 996670354 398422311
935916775 652176983 180060336 794289669
979754234 35455589 566658159 475816637
525197663 413366944 70641245 493347244
836277836 908899789 880843 819332747
514395583 564443978 102938156 294998894
435840502 565621042 926904665 708648939
543271103 132721142 29484489 471170596
147615514 976644582 815518772 839671613
450331273 508725530 19015387 751912820
416767188 477022118 415675327 105040158
113515822 798884156 53652998 114819798
193029738 365437225 925148966 860209968
150478761 260961800 601406878 16241142
211746732 341509104 714717875 376569100
938611815 448575540 829206977 1240685
603939260 83155260 217407718 170402067
770189177 119266236 313062900 273703781
770967604 246369113 269881366 776269377
929579979 591418180 157854831 32405544
580268659 303631784 269339155 187804999
575742845 612130442 359412962 59627273
429796296 999652741 139578787 890829046
355662778 865845772 792374620 993719901
384849882 59145887 196702847 518884693
588109500 724268969 215768830 245744047
501555324 754978693 987155098 63567992
433347709 496146664 971595643 751975802
208754817 679328184 326343548 470991690
661549783 781027974 969433310 955894875
425699904 931117421 171400036 467108280
29754014 402401130 847108013 399140745
877629330 98365723 542160769 417156148
192489462 747220827 688443432 177245518
910348313 76377966 445481191 454278147
170346620 533563957 873842226 737451848
231985907 371253682 293291538 478313270
621302673 247804826 246479036 738829260
122564792 758491201 342080005 89359435
338425866 129109797 383336380 608639686
165640274 857604504 260324694 197236260
957078137 409441940 113320631 792438669
195706586 24281230 536061215 393838657
205940816 177920183 196804974 541629738
831569128 183885663 991373090 285515973
761459900 509594908 742854306 111418378
94941983 920788743 100483680 904760921
31250299 600176368 68034937 654851256
117892726 671570452 626793347 754522913
715769718 23347519 804570017 389236
42646619 556739664 477139478 121929028
352604162 847099419 281645590 932231781
525239884 749736628 454749350 7529164
869606033 867633485 918251572 629888499
29735887 77498676 361122409 606751043
209554343 376310521 484173285 493348338
527303468 975992121 203738659 147028334
124861956 315853158 95998523 30598547
596343217 908237454 933842461 458545046
58720704 432436415 358236865 97160013
683325327 838755413 541363789 787937425
735488030 945803546 332710389 943278140
141188326 941204348 762012211 209486763
162106207 288040356 482815666 556536683
936899570 183973363 179078937 496826596
153961362 121745073 582882746 764360354
619354847 993832497 445057952 124283711
922642714 461792183 196486880 748363821
249940118 690869349 251996459 751054508
226424562 869618849 132555727 971375603
333073884 475544675 170465801 812472185
862724426 791751397 114931777 413819783
826924088 135981340 633938890 792371353
587307990 926954092 641396939 441338956
130725560 611406856 951855450 936076488
633059238 614853555 384833089 19240502
389272240 92320076 532728853 294128091
627421996 901194735 183879002 748877791
342905481 683528375 48873584 272556311
452830959 156614191 468807664 185736257
317793831 501645069 718467738 805589540
106687243 751884083 455802823 112095411
858025626 645386244 942600000 298041228
148785151 435627610 143546369 733177406
840160495 326640090 737547996 413143259
318509304 342493959 958074085 380152361
977604413 8496960 719105713 288349252
752969547 484417657 440380490 338218083
18142856 754482036 495900849 859844048
694900471 784347891 576646922 81252027
7758081 460748513 200961291 710748713
143177399 178068448 625461970 162342968
648775804 535979034 676402175 296435393
880537749 52999884 360513981 182529222
197189242 132825348 343799167 822776031
22181620 56707141 883976247 438928410
580533644 347461856 92672062 866704401
768310515 552959609 688026128 881232282
398614893 533579329 255663280 604618406
965653344 136039458 69489233 150621947
491953570 233591860 769064411 87076953
849862228 605859180 633019986 67150802
313415109 331974933 15557218 567679745
268691175 439489014 793946507 594070898
269683573 575944769 795247279 764040862
609425128 364225710 995662690 38731199
389056696 451001987 65860192 278936427
104183495 461079408 712548021 223723550
275888536 44056272 268630173 386942599
985599614 440924271 344815173 921545715
916513697 386597175 741175229 215901912
704192982 194287039 617880337 7531975
365644183 561613498 298444151 931031914
639722639 751825225 847062962 525129675
927608111 750651072 93479619 867900335
809801795 628833402 492861802 289555578
656009609 193362245 124168365 311506163
34076908 184424197 784792190 167222871
986160794 693129995 465526291 801139955
113446383 819067880 661796645 464952765
772245168 73221239 392397924 841047792
670107590 940478582 331674497 173681608
783555023 163215650 694042556 145430217
88321301 668473962 109312554 560087722
716558799 615362845 465434022 108738081
61903968 473661683 853386684 404526237
860097665 679426672 295714939 908099631
701180387 431258503 430112037 29178772
176279169 766170868 987910455 19158253
537004545 412922146 250175990 435690772
279892560 31176151 276933032 808814241
448224052 716970652 187750240 111318685
167205931 167556708 486807777 304805436
324918014 98709671 214621906 653702041
123796799 41307588 491437459 248642177
875664121 25540685 809856376 139484903
780540967 100211726 816256276 24623534
517425545 231540797 678825312 658994904
131705856 133482511 341616102 288711944
28204576 173703354 683664632 721454952
533869248 531314570 588320458 518351954
225465142 951038775 104039526 94362851
826294999 134404694 984686244 297556224
186647148 888002419 994373294 223122978
559746755 127336716 210861018 436657087
736950587 57149268 748934020 263291074
302955323 506950647 653234380 965377463
54921545 776610209 456349289 170560221
359335151 414462237 139045275 871520834
583883578 211697664 592862862 606730786
899089007 367883052 506757121 548596027
539926835 939687768 516265304 716653041
807453728 70958306 187166886 154898024
221261393 989007553 810943818 897216841
880073452 704211697 292001408 366149994
510262143 535687515 695210333 266968532
868014592 448531508 351930233 4163868
197619632 403652458 352616839 557816313
858187520 98458362 660634438 255359910
607772537 12666626 884765009 739601697
684412439 329285761 976046401 60105428
877013660 656696495 240174173 100491525
130316577 440192581 925754474 935013932
562294419 275556329 543749904 460901723
656656738 502632613 966411543 934337578
630524952 719629993 836775683 970594691
392639228 742861141 947868145 363600176
398213882 810992835 101086314 392059904
639864334 922665456 112939874 786331273
210843693 702768330 732641309 47865806
987993192 328721351 931410832 819138407
860104323 528123051 648761455 54509793
809503172 64066036 625858557 897186076
921858839 6896588 984038636 855493168
949354676 944118880 650543483 799188585
762411218 548419003 985309658 816360603
316081046 806598656 159682266 614420242
558127545 406909303 946222725 142057788
110441003 73496800 205588096 460354415
586880498 498808949 503489362 622133640
142092561 700458766 542365195 110737433
455220498 723692559 449888213 351365668
667942713 612675624 618925994 728511282
436818914 897934553 221097126 18329270
863728179 45005894 655412444 166002002
50348000 823081504 476267702 387317875
832556812 458510169 307118161 886478510
566583651 991017352 831332285 65182807
621817464 556986908 780785438 683668558
68866340 117023281 784689074 694443828
382279762 644984773 702687167 369933618
868799370 342736908 817136610 876202011
567535825 374976332 817012737 451773213
218643116 237295817 852952953 217527515
182953561 381298207 73133982 536373913
340829873 136579384 182169985 956379464
794471349 515583606 39613456 852715733
926469847 740558776 559794435 326283853
102729029 807693280 938797897 238107314
279317534 131352991 234602643 68410664
285732769 385453332 371971934 130487975
380278201 169264725 335492627 154177212
697629692 855555805 15375109 310884142
730903350 626117985 762491564 66804161
186122934 155543926 717555319 556635361
423282594 120368554 145479293 873364155
882146819 283263866 885910266 921075931
614610741 472752489 154614867 194703976
139237195 653361206 512681851 609767447
410186750 590052730 66292888 69879144
259367850 361468215 698700956 329459668
476608956 961078420 609607008 4982856
269082299 206832991 430767479 677642010
53745117 643295867 939481402 537356310
650563668 392180676 214973989 69324224
655552750 194446591 274086122 902952955
298138320 960687113 508404139 867705777
684486049 933835560 684589172 536406985
362386677 873079258 406176185 454555207
488929216 902649124 235281415 378213465
492890881 896059844 102687461 722955609
866672410 443724036 812760641 628383310
784974911 557468902 549158269 496422179
133883526 653736030 303855549 135148060
454904036 914881994 827265761 788563867
801663936 346315282 631838259 302909304
245660378 151462122 96244970 490297834
844099302 709497587 881873980 290656155
87357436 950795026 323123727 308808971
553164358 413125892 524432617 160028813
55843332 86119966 917039517 848475201
780943753 628800565 923878557 425043992
523162671 919301664 553512245 435341873
158683706 27778600 792689063 876843941
339649333 22604727 929220984 687647204
649388682 620502192 612207721 579665230
254391842 522153595 99902550 311977021
432351953 994961292 329042967 655910629
574624219 718379852 152117065 448745356
300534019 589074879 37100621 823836292
249438960 600488559 98078628 707919157
215891442 298544189 828839675 842555653
898756789 918994912 83016142 726242030
231523177 49214442 880421101 902959394
537111276 438522493 898717703 492326867
467543483 533480461 941289834 318101108
847954900 257146990 555141922 989975819
174281417 607733434 866964055 450865646
269805089 29880383 279497010 218081643
48473577 902013979 528891849 902979294
571350475 508379677 60064126 65801553
533897118 283995189 952935633 740903269
555309855 944783564 581835046 788160855
207533840 854861722 354898804 182335772
638746766 305033130 102142759 744428424
496531774 535775951 671620634 603510153
81716784 970331160 805383394 562018475
498181669 829230687 592237791 530630276
514791316 275408620 461588799 23071135
391844043 671345053 287999247 606301288
848156267 56180156 103443888 609814909
245686102 971786556 676108134 276399902
903691957 672370153 249616699 821452377
774156608 494249733 465413110 685443261
219231928 181751566 159081469 245169820
760603526 829675501 496501502 36576752
564316843 921290066 637581064 975365854
145157269 675059144 422182749 228559457
107531134 482185479 581882322 861290080
585405534 617927659 925344846 407172635
624638346 553828531 695698560 182966867
499225729 732816349 781435729 38554638
957929044 908059634 728643358 406107200
798274440 298196021 765055626 873010604
404669420 20030350 516728026 969953142
968729142 129402832 987389259 245643035
330461053 170169375 801237031 233878347
645014419 165528900 725096335 360769582
73584639 292338944 830860418 162630745
607465462 753805917 809634583 461809831
100049505 3238239 119529592 226048383
102441179 672451744 255902765 506171767
568116207 63876364 412071289 630436044
899266506 921315876 884775526 169851300
417891847 500857232 251917211 586991348
46976929 956888176 931282652 727151034
442259029 294737038 258835970 468684633
800569299 37618394 784801220 498525647
372489701 441462635 679133203 341685249
355260467 98585442 566519119 306799975
728673401 171575451 746221433 38126329
685233028 692633734 51580515 366567994
436825880 503632092 559557825 89699179
578009750 426068875 199393643 764669090
838784340 703777745 689308900 758233090
392392635 343318727 764535670 463058196
373989476 546802949 601423883 843030521
461395213 468200811 191205450 415537152
449071735 666431192 12148052 412660328
642090625 661758205 884075361 246712967
421601413 485894841 378627122 807285241
608832813 661104414 16139915 652927061
292152748 303827080 83764010 957529847
229792406 811274514 796381621 719096351
893940853 903601110 317287159 566974721
434616343 746027667 639842557 196843242
380055298 73838258 254380992 222901736
220652790 579329547 362338000 886715461
648402269 734857018 544338020 486490065
185694578 938484028 391340467 361502629
96353504 87280777 927629444 576402343
810811190 119961834 147594050 395932876
246198293 281272920 719096762 277697170
699316784 542684852 416387344 500008587
701414947 685548003 873870071 34520826
196359602 346534684 860059587 52598106
241361589 275874844 761498449 345390565
294653507 545861874 162933386 542546710
398024646 842663667 559458279 842133149
736060570 587517116 129289604 788260804
169679548 233620501 28890133 789749342
247293428 42111798 33810983 847992204
641702830 784150213 884139078 310031572
579505570 560639527 206970939 986855247
427168902 90300574 166177188 215087482
104171491 686539073 627821753 610466974
155965100 245313610 236633672 299836057
98235220 806558073 95197206 586530675
877330787 677406620 455946730 118445160
961454799 144867564 308046049 484540605
867753722 401091945 948272884 145144606
318119384 242664240 191589878 333650526
595377693 119970013 922984737 175003305
624048858 779876461 774561726 774929218
306605983 966739976 431691066 265288342
943138749 443712722 324038132 329595421
974815769 652802637 306482855 734813308
280150584 381937893 22704661 680565431
179386991 56954698 428226441 475418275
380230834 484438601 45165336 266084846
463651000 698594078 383136931 805801467
16182522 432478183 468893797 477809885
246666249 120203575 535809836 105538935
597219656 500935071 628220686 593055701
840109846 715351841 200954371 317848956
846821020 404065819 216886460 269724416
153416206 512939793 756218551 112195713
514630405 605507842 46294419 266744823
536981681 328989540 244392619 298284714
415741869 855368511 192810304 27231997
170964785 773055817 929932244 720377480
686206999 484311799 202037466 786022477
786645380 636767476 703142043 75697443
93610026 783410828 761886606 283492962
490698429 28236027 48194627 686524924
394145466 705469625 406097863 320025638
854516827 577865169 280182702 246833260
476256619 49986403 577260584 22401328
669497104 99016097 858717382 366872871
570548900 351162486 172639032 122451496
81529963 476812213 299743240 250930464
454516474 727303629 36705504 637927767
790668853 960646328 920595704 524540085
733076845 143107716 283268112 76370275
96090085 114237728 735109690 399297129
34441740 106848988 903610719 470965205
201731187 452137216 490928212 333026041
353781148 847377313 26543866 10510844
925766972 133886526 805335717 820833797
721861335 172010779 848940454 487768308
541781509 545238172 15509063 328699092
680764599 919817619 485432983 890573753
131422706 563985709 473848508 760205489
771356402 363080157 125958228 701301183
122620184 984041594 167317450 287594157
543462105 508271054 171726908 842827076
526691290 632407812 3966532 637276534
796335799 543223487 160147723 198153204
505651212 666847310 293846887 429758053
617126848 554342724 682950275 684237730
109083018 661682239 578721334 191961820
39640046 771509962 140007953 15920273
351523795 377174076 377544067 594833939
290429558 29937118 254064324 955641737
468020762 432371450 529129070 788470452
31891241 259815415 769111041 662108723
872791464 282352002 155545355 79686483
49118594 912059810 296344463 650464299
139892238 68230445 214303844 150374221
408893737 922923719 60500064 237844013
631800920 892204575 997517362 951679716
258371389 145644273 740311636 737942872
827447898 284603349 911483756 827154658
225519109 424666478 459959058 376104669
307435573 822334244 52443311 870718486
792768243 658514967 554044613 661683395
981884920 354818527 71504296 587246979
34885963 463040860 222160455 929238340
995693580 521803161 968697707 803705972
778328109 932850402 894837662 630518656
933006173 783544147 149098315 880684125
879494438 770888427 566783660 181308548
60962515 365932219 668611319 486263724
670056384 70996305 963558793 845325496
897662690 535371150 635002296 588793250
891096755 447574296 933363026 755965506
567833447 956439077 74072262 254079253
843450417 282014062 735069774 321685335
579490165 145405312 635245850 954017400
322561 259267171 523521698 84096624
996485044 779942857 879533171 203135135
870561187 614807899 336065197 36675992
502881180 383620466 599002999 913418556
258581600 829629559 101038957 87293726
708861705 529103552 745494142 695650499
676260536 963817857 650282655 120926108
476932634 957826958 64190893 260728247
524120383 555714112 837535706 914520957
582976575 412677495 484380085 851911319
227516356 379488370 723603643 579833196
554394203 469596861 644471140 551873969
808896987 733980434 542785592 234506051
112850404 643117155 254302762 625007968
463829650 512872360 343611810 744436482
569708412 963938355 659939408 477419566
744268356 59520524 220196767 541856957
782765097 964348353 40646093 316528090
468261254 437231743 122944315 337040504
877979179 396910279 884857831 473043808
668484849 873707705 182479247 741402300
78809949 486576711 252213175 768775210
718327185 79401402 165656442 152666343
209191550 448057019 353813550 650965508
443493885 151616237 250220921 649048758
922945242 223366773 735155123 874506801
923103245 673440031 869663278 969174498
490991946 464750226 666510239 783486119
143869203 465535106 383065583 177681301
751879715 396989165 168220406 753193112
680958881 523584626 38531036 631433978
35862552 108826743 213629916 2635476
937451190 642111560 993483755 371584234
984558828 728110287 25085476 570470554
567673552 453717882 645148970 157282009
537665570 544997693 359614783 139400458
164582372 27113681 266118863 413213589
874016162 992782680 855542117 268167080
727514669 470215450 183852341 603721130
762310272 991091364 671230780 553229874
168134863 310287298 378075833 820554848
723358354 245971096 534531696 737464389
48155622 165518966 853462945 537757277
696829068 36837750 515415333 778632527
700887084 110680357 293575906 276601402
284278795 843105844 67586371 129321451
722849912 380546794 764726418 534080769
778735300 98650813 164800495 208677607
34769041 850953384 322001197 353830641
442308436 723919240 612597447 853626503
767153376 272834466 531036380 574138501
514880910 404096837 366998356 737115252
773371210 819090048 488670753 588011770
745828440 497366022 95230388 645961613
861422078 166835958 488149223 744166783
535459236 439998489 922079425 654648851
624012015 506439991 910641151 403349680
138197596 206287724 59674734 954566687
237384182 514226853 177761239 993225924
564503324 163178294 209050062 102162538
853787943 764903596 381263739 989868090
719542265 728813451 816717285 857767625
988139704 481008787 579943552 986041725
15761191 218573210 469756062 377178605
390604785 25843523 519249182 499820764
152811993 151138444 391121637 318049239
662640573 18564037 94929937 323159324
386615639 844326617 221120373 536001756
291884940 179287437 277010 660987066
362919192 541630616 697586324 385870740
585576836 418356888 870358092 584477106
825813492 577057154 962983065 421378937
678374723 307266606 45274795 779014668
11550537 733168339 705268393 586661422
14780840 414017697 178705135 342807100
600398113 44527482 230700858 675437989
796585141 433341378 539873999 705249706
510733288 13294806 882319091 184193286
741984557 278808787 599799772 154195232
136820230 806021237 858937959 399151517
490304713 224198145 763743694 231455446
154178791 861591785 608797790 171392022
732499998 207087073 145765016 449358058
143152874 36045817 759427463 845652737
161443850 836854077 140324846 294977298
638166083 411631107 444934580 262441433
456331335 629910565 929791920 49688628
367243190 884252621 852792304 423565558
815174207 117710417 466740330 419583003
999903297 750256259 146434042 909310211
28116965 571232268 983582068 702790581
781949426 824316631 366961951 676381348
520799509 858233105 409215463 431291850
198943066 793951508 612489853 535325158
475803989 781444129 915520149 86545298
57413428 782465239 368682690 365850847
614084744 399670240 356025869 564570730
418571543 745080294 546921889 181566667
500165414 14311514 236599212 453561968
20021892 550195699 205569007 169025155
498326521 124402327 636231754 921765982
133877970 693338233 625422933 249689300
635370940 284803576 967482403 8292421
277472686 131200352 290195264 756656881
640557580 429609923 906268433 750637384
899448362 644327010 409197202 500462855
509759375 366156514 908359996 826696767
352734233 549418357 150654551 835481327
979616822 573938598 950462237 825466405
653366343 254347698 192619024 684552680
810569836 621874034 608498081 868505718
656534780 700184089 960843555 985146758
17216745 523484378 845922341 688670969
792538840 544102457 248725236 849087552
821437942 505074630 523063926 434392332
843334996 680688469 974425717 413448043
129557507 497739794 807602566 716190612
920880344 801787018 671781392 511986189
156945997 371171873 276244659 802189288
491037377 972488424 566764827 486802446
458119946 805874776 42665799 618690174
846383873 374602080 785632244 699430231
221347897 324501741 749346142 225372555
619790071 161727670 486009510 895839075
120186240 604189030 46992414 649082694
107837839 93259623 184305065 80076983
666780421 915819334 354556431 458073519
784918174 549774427 413384268 156674880
612943085 422965065 758661041 210979527
145223410 448698396 994470220 365611253
720204298 47041814 580534736 472101468
25023377 354072247 636972668 895693307
631522707 335483843 739221730 410367394
277943953 991927053 426287075 519508376
452620233 360206765 98557378 86743289
593752249 727570103 959290986 274990867
804356476 757893514 543414294 919611246
705225065 593504210 644209694 187705661
248350778 655807822 183599724 278255432
143684698 379194729 528914128 656805151
564541946 997844360 727995947 147246711
10619671 292244089 888747261 75104841
699089004 489944852 192385410 881714408
230771297 258614967 279521444 352765416
902206626 507845032 560562665 132341261
786921622 326590489 253788989 956391996
929132266 405136183 551516561 831209114
829447856 610980427 323575849 936290956
755774897 755417952 425550881 457505853
686490553 877981169 424693919 942628186
199913177 720882221 764266975 317263938
948862058 36879077 578224010 530950329
611149850 763458004 409413648 974268781
727007085 851119703 706754208 203706549
51736090 321911925 992425302 788200743
580007724 717229928 885099222 37277822
465891223 144410204 342545468 780806920
281240731 653094453 909712626 18115421
986834526 653161265 795217370 17734763
535624951 372409251 64296775 802577303
427627155 201960638 588829796 615658345
510827920 99991202 148373742 974438154
998203409 464898639 386477606 901661962
481337939 226658963 317381968 375519723
458816352 751887467 811360702 692651153
494342432 374620435 696493336 469912217
595922629 739921005 765934170 813962335
975894466 660433945 901654597 955306454
344270717 368095331 961447255 405615067
660118844 197755804 46946924 850137354
463955068 140403036 799157295 212539748
853166001 661948271 874019424 679766808
834305267 795162078 947139547 695215548
205731540 8341559 990139513 295792308
824693856 776783626 695761120 742896373
317039914 335806964 507088109 20878819
7711965 750675254 831259093 37151903
20824112 572894748 28537814 529887709
924515725 624319991 495298185 509353605
574111052 189208607 535238553 965116006
564722611 510644486 717309225 314650368
51882970 553403298 652910151 912522738
122943967 957141940 748018483 996826985
560711752 806959594 546183945 74218740
336966999 198972313 255232248 654950480
504404998 153020464 201346965 240266134
236236011 193101401 67016193 197616496
610392762 447849206 826620300 195928984
688913453 529114850 83261038 657064881
375337973 569337153 282630362 121722939
969086956 63541733 838377450 202465091
356320235 569490793 885424971 222168898
602842816 65633339 437542327 579728918
25371117 420548761 14794364 164995857
346070975 308344181 789406269 151438924
564576291 424171314 871089564 8713689
184364199 431592572 298589890 275228448
768675832 435243534 386624139 329505481
974311295 373048078 678419702 455892806
962821557 872141711 586878765 289421169
802140131 368581362 288652347 692869193
981467040 505168154 42925305 86724921
821988265 750983391 40379864 740223126
898660700 387825357 817036204 296378292
118946487 406329200 491365369 718332781
742200656 161385106 54659345 512070302
219742659 350014568 692673426 459607964
342502930 962342918 914440339 639127999
9448510 396516831 788077609 462289631
649784637 389955034 745761319 329216681
182881534 41154081 696302085 283564845
892452295 952196752 393329054 389951807
103054435 309554477 938681908 377411747
179565162 761467201 73422750 255070921
18269053 440784535 364586527 19049428
942769404 577936601 360396339 23419631
834087241 787024206 121858283 201286287
4977339 418492679 474001875 64849185
