1000 1000000000
188213215 698650604 365544880 852454597
575373197 41562651 821233196 921373024
409339290 862888562 899139849 881253924
777784088 784209154 551127902 834707475
407080089 328039367 159662194 227746225
22912276 302822254 653668310 381801049
777104737 511926726 534081905 603208504
991438565 46988502 636298491 581502918
589353741 425785009 325454438 963870596
156597839 856104736 819951589 211673295
844694418 926681554 805826560 467009836
388500219 503956810 385239304 504895900
795127693 723992011 32879600 190349083
756625829 775549457 134116343 984830792
889433066 637016554 819752804 220340779
757903233 141472803 606093378 169947581
232805068 889237590 203763462 710335814
822713403 961659602 461944585 90010756
918849330 396037345 110786393 783495363
409059619 543632593 49025062 183361813
723753018 465898809 450782141 340492354
245653120 328707270 677539852 980711637
793214694 351779589 901654398 840282793
79717252 290271328 142784144 133631167
435893025 109800345 500258518 875064288
148112122 718781219 112412587 473046534
394610322 507759799 401484228 183019623
2374472 94676414 491397492 845881718
715535146 249648330 444971108 14334217
959007400 917736173 885092129 439088473
441943878 222358593 920902134 652934531
655270194 172442681 597792000 160524970
487553826 421930403 72501034 929006757
9590932 178431342 799620546 408081940
201468348 925870011 942695112 436215578
946459025 442506397 56688136 200744438
280192640 372271323 182530439 80603248
352599645 760891513 550891634 49290521
86187026 39038400 293716902 378887083
777318242 837117102 547858552 18340581
279508395 971304662 560210151 317014686
206148700 593139146 536761027 862749131
809532075 908320174 541170801 333196499
293230223 815358619 429338235 525727207
618747810 541142527 592005630 325367204
330901494 416393714 931664687 563250959
481414514 281045107 301192251 103828317
378513625 643918058 107040281 173880004
265582590 526377796 943889246 647146041
656053968 972433290 598435872 261263120
869466280 692101209 116576646 501904326
384369629 863684139 241122164 903335683
912691643 402341418 433231314 533640977
623893264 206217946 850730916 199218663
905539584 869267379 382207796 568921387
367818662 789233459 256012945 792738671
817535383 788428372 153322867 792644147
179626641 280157628 186241231 437528170
790077014 756672436 58657777 796650481
607122906 605742044 937687024 851076000
846075317 746734766 372289933 271142538
560963305 798494521 631038738 804712047
171709521 442840379 164257758 123945626
1937 586451053 211372842 664018547
403494130 202854909 124908383 825443880
703669268 179195807 82422114 705304727
896018126 688316675 417158258 628218490
250334591 183082042 245727453 649652989
508720604 272623446 547568215 377787043
605856969 220473924 679950830 66131957
501261034 226163824 290870960 191832549
146094417 964174349 410917610 688373601
447789847 321080732 426383254 610111406
932302981 514620051 614347800 283818304
909350061 268657432 378559661 989621666
445284397 810385712 59864020 411273004
706516788 154729484 450711164 275298150
814804981 64871316 655241661 580642863
61746246 243079870 735109107 165423650
419023013 292571624 494124605 217256568
864153314 159795538 465980844 348348999
859077933 517191938 225505623 215198417
38751387 548592109 177549584 462672990
582744131 664785415 765965394 791721298
572792861 717857325 607234993 984553171
935232005 860678210 87927954 984911340
696497456 435320990 839470120 825552047
57426325 388185381 658729116 423281155
325135810 89062006 623900246 892125082
997472200 123021241 976060087 341278815
526935139 909056563 569719682 863455768
121164824 484817710 29618475 58973312
664552163 930141795 828721212 337631442
918680098 462865819 289485512 991374341
790888175 412133732 386555465 880695206
277563150 587128483 91295200 458286384
34253666 108308665 374557236 896118422
464762245 520271380 623272253 608239514
356544216 443613505 23652322 941251750
890384095 330575666 178535597 727255768
337473474 789260077 457811161 225734533
627198566 960518444 439812308 874877187
425397734 331761349 851695839 905061008
153415303 118167489 481998749 569229292
799028996 994112303 167169075 958970295
620338403 109331354 480468390 567433118
406439044 724325089 129796719 170709920
932657714 552226187 244022453 797538789
341406397 84611711 414240535 803887138
134868608 447271041 119533336 981517389
81131294 847292315 706977509 327521300
257375052 706675916 449006930 821313448
680501477 647187932 316945323 700529446
25654809 357830344 599628951 6045306
918423233 905849423 108935595 269670376
576648290 172158685 601416423 528297821
69230945 507891930 816583334 982310344
90873529 891900541 552129305 589334611
419412953 755581536 781284152 178980614
214064532 833673856 747458850 506667092
765293776 266198342 62910064 921966298
955594843 921847637 859762120 925605501
604414023 747728843 750769714 212060145
774239444 680701196 100661251 631626678
444624548 72034523 730253544 229019966
552208177 575495924 106782988 847909152
698685390 189613470 94649030 744577962
298430975 289096809 294233191 822448826
804579003 785668851 995425758 215699838
817646014 48350568 477163045 491190629
490520977 119187676 426821381 559079964
412631092 307073291 868288900 5839
87287508 620838106 456921711 638725659
272948684 84273546 399916217 453999158
587428910 105958119 264750709 337979012
756067752 51128634 321173455 724232965
120715979 207567875 338571418 825166740
227392589 397989753 129320730 52876456
875232364 454857270 197051410 655920560
493375849 376461215 377118710 595235017
11760779 475260386 607501157 734399385
601984773 244760570 235379291 6725845
535241252 466226784 688870576 900743984
441774428 770091774 645712367 45563576
342039708 405401060 921782188 954777478
324509674 39823883 159497443 878447041
940413939 456809260 722457791 336122757
179644078 965470883 904236889 100042654
911084524 205107462 873836390 721405862
498301096 516637223 127373666 730783497
467797321 693875974 947466575 46559448
166618175 659670355 845854365 633583479
774173647 443149526 934588614 29407855
137308976 151727758 247935882 439987743
375426049 579804070 976473493 902560939
757220095 616094279 89066542 98874875
450395322 335355761 612389976 285162291
952736936 256843111 419627312 626749157
772947555 533734986 45760644 385038912
416812829 197878824 849737558 893633593
663997098 451025577 150486540 327951538
628633015 172770143 682743434 349146342
851781 372756962 974859616 87899940
149787093 779207815 462576425 37655510
55370921 403515892 713289090 413988792
616405141 844843445 676124655 534747643
366161014 385495536 580889181 106207791
659320369 596614257 494497475 223770268
82189627 795117694 668929795 334504032
89117241 795267458 461734417 72411748
359899638 561781399 456901689 999716427
388766794 94877128 5972530 714803513
226511638 780471352 146947658 685693840
302748041 980934512 276919230 282660322
199960520 953764268 149772875 156426437
810108848 975659437 48202536 24608070
50455240 745773673 114752562 816759061
329312242 926702932 580109729 283431694
115945166 9898430 832947935 890000304
404755471 162371924 252585837 54937889
735328290 460392917 21537168 297352100
75059500 21601296 697801820 931489409
327690788 810871902 870776457 923295775
415560032 303658955 895502721 290622833
826726943 626666800 938267232 75267896
609528158 760247275 440045543 464213337
942576996 615515728 29411612 295621719
244859793 940877162 821275488 98381972
337873647 274872777 209016089 608833731
985222705 15015243 233569287 154187891
14848277 111027869 514244671 749146658
997611648 681102363 709650167 421320292
472402389 686773075 936776472 622955718
431210 731408423 779915721 930277374
719947721 18660492 548716967 960426615
797930395 745615355 951955437 406394438
142877780 716395529 428072245 643616132
150880899 631827331 712447208 62084571
322624544 9085906 79783362 397320758
591498945 924599312 328221040 875810590
845951620 531563855 449226345 695210624
327484577 108253197 138224871 750802247
238404843 162041280 22623261 380403556
898938413 366219978 479177860 363777972
494838645 489992423 139059521 14478537
711106900 810492700 423152619 456614591
980714385 701565635 951859007 87934422
377040765 815151532 272664974 280456842
886851551 213985453 295363358 331562630
585212429 28720268 301096082 387812118
240467816 113209255 55501161 647498975
152173653 513312847 547407673 686149075
141395764 579366322 912024542 827110504
601826124 912844115 816177162 776074164
926997893 123476987 615409920 773083983
562249950 176921910 333769404 826028910
452864779 457568625 926621450 561725188
751695611 707650826 305013306 209820358
128851347 375760123 332799439 462997201
880062562 471405894 102295531 791345747
338327537 672376080 418912125 709486142
956967276 774715395 724185809 131571205
724161202 29890422 510881634 503333201
744379516 303411040 234093567 275878791
347518064 95603036 844224148 947890880
240237165 320142409 919687706 504953446
601345599 69242274 686084396 810685407
971295228 867141636 945902075 90949685
643619144 216763434 686561020 701121072
483037715 20181127 929459595 613195296
77881096 702154071 278469205 764979169
479229688 210721255 895359459 936996784
173465013 759695650 427182150 314457270
832227478 277610453 555495667 628638608
159416102 212177888 729466140 201878561
741077024 413796822 472121045 448214361
789104418 810478022 751118949 116701730
928995885 920759507 713743039 27752492
988455400 202520238 143155613 594014885
148084662 231214847 129663365 506046590
800978249 525339508 841672039 903408149
789312004 665326598 31213303 852865493
395133825 932091674 243736230 680154834
148643426 108164518 199164522 810928452
704452327 481637413 975357385 425081495
293666092 868114501 408302225 134863135
115027354 238401639 231372624 609119907
561422140 208850870 54310238 821430109
441776178 699741430 172976070 442106658
492939607 414138202 792363871 674543013
168203663 787335097 463321438 855091214
707120569 593036914 17402640 199398443
204108788 686467499 288487681 113031226
725799588 441797893 134450160 486391371
677492178 702735793 359816311 719121909
915275360 473403122 435542761 393725888
647425296 945864611 974954942 719361314
904847821 63851915 52761949 142315168
854263800 396464840 333027688 104424435
824044502 876664732 879510082 230978643
214258606 900697716 6373543 251913954
876518071 166723548 19111859 583490482
758158513 244032102 189045991 903508188
931394024 962940685 709398599 837434361
918577973 950959968 620991397 830674637
444813385 800605638 427917552 578254099
928566489 470255900 707943185 961578431
402102342 229843324 533976161 995594126
446960734 779805777 32928655 304373057
5809083 988094717 586978564 205250877
246569418 924913473 369977353 731362961
712084091 525244451 449695709 598234861
362584268 696987522 900917911 840742956
641530670 197443004 102095500 532100622
153202202 203457677 717046860 295976951
506944578 531290481 704022515 282207113
393415858 483373562 575647975 481485029
49489248 336508496 320539590 987960432
800414520 618312635 806872043 938727686
844821420 451456037 596509185 759556694
729287444 447872438 801913889 821503825
924107249 735015586 250175964 851995702
256641469 317391886 931338929 848700770
473269211 480179343 717444665 382404583
131412102 316884053 641415381 794447466
480852624 345842093 773875958 741694512
911395868 906244629 802974942 956483077
745638382 612319626 372665438 81146437
364982279 34803246 877737589 305980974
151246315 86325111 758108037 844185296
262330966 741108316 276070804 473575556
664452753 170182743 366795733 643228340
205310219 55949714 456863800 607292026
424841865 300368715 366898775 171054876
482191652 756802733 228615156 864017194
689317226 598411749 980961373 172005550
485868757 108569371 322290590 387893866
197386331 626226131 652670869 882254506
750967715 3939427 970340879 689383914
816270614 617475779 183972539 232020638
323210635 438566615 965925435 555648008
393371620 300895660 652831417 271090743
455761904 488183343 630367033 884825711
782859221 676336291 359149448 904063892
481683357 283010813 774374145 798541347
111584655 226793080 161651214 264134503
246978661 957672902 553992443 274358708
784181841 161176641 671253990 23422453
839876036 19770669 755317360 785956561
226131686 202266215 372873076 136036540
550460396 791689476 261577781 523603822
329125242 535301964 608089859 691071045
493524214 581192989 543602887 267612586
985145379 567355100 258504593 819422932
902891546 618688580 931146552 247682490
113470620 684329512 36721708 70230684
805166313 824353434 319020524 566755843
96031675 250195570 114053776 164080149
290980167 927576924 933427654 153291126
104934191 350020758 744758481 945190736
898833196 930497156 978350351 71470127
928637942 973276912 495532390 745720268
920351752 575353451 32253222 558223078
279568288 950558953 668429340 637133945
916310609 705106380 778408521 239814691
854791967 753486184 419346211 484871474
923699485 244311164 566221862 89103125
88306527 621379593 957073469 685431405
10924568 798827851 878384641 995294014
614997817 503951533 525073007 780890691
679745813 300900955 726929157 758440340
125515710 157766510 84889823 854505791
46817149 921631616 177469630 750045100
994720031 183347487 363896845 379909806
684995283 301814264 74338555 437452588
444671135 547583723 693894138 874075752
955204937 620624179 617965845 471346588
156301870 848069849 55125013 668282141
375098061 857953926 786008675 363956609
497041043 455040760 519001908 181234964
20759967 710765143 400601937 487055046
29889657 417353178 146407666 121062892
27935387 178831088 994956360 594341332
365396363 640238244 307636097 373485935
370309580 567168300 544528840 974871420
430147573 255225167 273861615 263063527
740025645 53022502 909971452 799886676
909916496 914299799 726390749 781850212
18875753 562517823 563958828 823585969
754077099 179533897 792288989 498366938
687256167 772461306 983453901 135416668
546793731 487960483 721131640 986585651
6425726 947629459 998225240 753263434
974258067 810352647 114073827 618398389
780410608 266136335 321058141 752851981
316890326 139510292 526071238 922180668
855375631 558913072 712451404 116842419
670149658 215124744 720587128 534361897
305144716 388819796 796548788 347874885
377252788 132582455 827705113 138686563
403134421 447035133 634900908 519273220
349156969 545606539 60195444 229750803
855770031 214828022 243138535 710679340
42559191 814759639 954176708 31203560
520183353 505066989 651818370 398014711
833838089 788606804 545488610 647402233
854307509 608266906 335648719 460602746
809675482 247162798 620052637 990991905
601467205 673330855 361910528 480279682
494988914 267229011 135316876 722708720
662609179 756373772 904719293 138656377
349497382 545992051 678499494 98541074
422289096 381225040 942234012 805183916
457228165 534915051 394668162 435276146
362757310 164382586 983012856 222265333
736849726 478687159 523114199 432626777
543917930 392585222 219649773 133818870
515275483 565381618 528280157 940185628
433405122 15789102 521132833 140766656
525086200 3850732 478680152 262801272
297128817 903529478 830117486 427801137
801232282 363894684 873076283 709589136
964487409 795171460 712524123 872525802
8856916 994546793 108726677 169807047
489971186 77659042 500635503 948631483
152554427 386823975 524122625 955986840
400023800 560934691 137936126 760471121
636831838 498897427 902467319 4798788
65345788 181709169 66482906 236356551
701674752 891965760 845511301 94708591
481497002 253084351 837916336 866905647
581814495 497950666 960701311 408162695
298133979 480105344 292403686 639887033
918708208 748572588 454427098 392091651
826400909 937993754 364453694 852344721
796579475 24533280 861525640 805424293
437252709 437122507 603804206 608607437
537866285 917572020 967349830 323627395
958740291 854951236 683542435 171197291
929424584 109102783 612594781 815690101
721352050 207067147 483298804 81196016
256988632 708914863 653576916 843977869
602476942 635972803 421384449 720562594
473641869 458892028 566150166 395644014
766146645 837531125 632348181 255310591
599399916 942782895 276606756 98691849
592839993 85320985 835970561 78626202
561001134 33858734 310674667 274116111
452670645 970107204 689857278 703335498
137066719 185563734 592433509 399413102
790046383 17237154 176271907 922787213
562327734 601358978 626011575 251749769
404430048 430808897 199467705 787497937
251146623 234390230 30976053 383804404
33513901 966103184 782124752 312376418
469323136 269162357 59455546 525673061
420551168 526698619 668135450 437168543
266083323 273078980 614400853 234228335
323147654 646304170 660991764 502040904
123854830 708503782 298655975 385624267
340868527 177887543 112970413 867063026
119852124 123940105 317295327 229419275
861448626 375485821 130776083 273456358
404561356 55966461 275311150 53870754
919508116 172635773 83964137 267811224
597507534 185827421 32671213 433902788
350660748 213661978 606557862 951638414
934792520 329077606 955489820 891782271
820047906 480230265 224571902 486138064
816521431 722679940 598623149 586649503
78493033 379679135 625864906 745150240
220620268 12739030 363835931 463867310
924310603 120603347 415019196 752160541
21384897 142628383 438151024 524527167
707697536 145556463 858271918 503263177
953227025 195202188 56871699 100166772
671917385 959050746 720776329 269543747
620463629 178939527 126881879 909258087
504517685 522648366 913369243 970806877
78669179 713075397 421153326 598372415
688056733 815016475 799262812 865574870
783628379 650917050 353084098 745681011
371642073 278086310 458506514 14436120
158096221 43761368 206620010 739415919
450554365 580972548 498192357 767802664
140380559 774975481 180283912 330431329
632436358 329144997 545490629 941338052
12888545 52959455 928113846 551862085
975496103 934900138 418812818 574947149
258345119 296719466 805312666 601745445
810262866 207147547 91312705 653160102
39020246 510073483 568715530 822800025
676783731 986829798 200841402 154386956
415140391 939788555 365694260 560102208
200625108 951089840 15116144 846952692
618898215 709784821 69123378 411084879
102912734 945168474 103103555 311971985
332680607 976611022 415105840 41188630
313637598 368223618 528310887 280200575
475290144 604462794 974281321 844830386
342861086 744262659 424634376 826309137
247061130 309498628 608752328 465014633
75065912 491821220 815322255 734173956
384221819 149250428 68145915 155909572
34753611 551796570 673065117 366077426
397646268 221771219 191395832 408713329
131561600 242880167 862500074 547275638
858297712 863312174 993006487 252548883
917918404 440952826 608926773 793727489
552217110 69438485 139169004 766580292
452394055 111478783 721479296 725740634
226059498 998607577 22684353 160148405
931895463 127833062 526051436 337491657
847349956 784687592 684910643 788724631
400586039 10275964 365271057 79522461
113679066 725200629 204394623 435657069
97877808 47767690 904733325 424892937
588264832 270284828 499065750 10530722
230343904 706207714 366416537 25922392
69941079 303525226 343432305 785461271
924110913 521752626 800679577 359530418
315262883 712202620 115408298 380467017
278404433 263648112 252310322 713217637
609938823 751449211 289635737 312059005
27933829 87661126 499470916 734324000
452934875 844595944 189693762 91085286
188512188 781173922 926861946 661529683
983409494 325434101 254502231 954913557
893766327 132248720 801289691 938037472
376449594 693083938 625556130 764005823
62903267 932060267 521054752 322377564
157047110 767039388 844509072 487427765
358336340 820137832 111647551 552932802
624391289 65226447 707742564 631711440
787533593 687186182 126634133 896313650
914749308 482173218 480546374 494176238
646015805 656123680 902406446 354124128
569020210 199779348 413732408 661177734
485513298 79596004 878432013 258558742
749312936 733003329 367966965 7831013
159943350 979994594 743198512 771175352
541663745 639348373 65912824 832645891
24759379 307856718 743665580 877486575
176060627 470746193 493850813 567680896
105811622 490955539 441127606 908211475
108430318 76669527 505958465 195500998
186690807 198048532 491643484 343236593
499368433 426491739 68022211 789238402
947498144 731108170 611731155 995779953
667059538 250963994 187238591 793423756
770134619 360775600 499771618 197918147
881904304 29047139 678265926 998535742
115499865 131641505 426722009 856903080
500837935 230785718 881358599 669017770
884945919 630297099 178402634 614703647
294076919 729043637 591334595 148025759
253273500 904418143 388303757 498733781
397063582 366358172 332069222 610347292
990218306 186756086 757745761 207268935
534324982 219303644 270483492 221637264
38075424 76763690 450166455 922242224
741459476 39625177 334761237 542757654
423208659 731277740 327530584 136132732
656499675 98384657 144729633 403296296
287556211 805188574 981657727 66442132
340944506 468222490 247825976 731198913
927298551 341515011 893754352 105486360
205987954 110690766 159260926 891014956
384118633 897983350 118020428 910145908
29955405 705999781 514726113 694250157
159954719 4334267 219608080 850749802
717174710 927268917 933768007 36253678
969483459 804784889 611044685 728846280
858318468 856144135 259946724 419427802
236983692 367960443 898578732 114887730
91890262 924560317 922528657 456427063
874451737 347060814 52661046 263636520
66400577 410807478 577422779 278712847
937940769 852192025 724058097 94322051
961044699 436912078 349216115 485869085
384735652 911147211 406841727 951560754
20283914 528581454 809471078 762712726
558873167 33922415 982406287 207458107
813015633 227374643 141515823 278333954
379422716 383720711 55832430 783121405
544403665 244047184 964245919 223277229
291554624 959603079 671434838 231877492
29961394 477928092 21041517 86277023
834503727 313317822 237678352 358887657
99310176 991775928 546645249 82004871
969091283 607656154 903375533 919999383
431668292 404123233 333419500 291180740
886963682 145262684 975232579 745454534
30525428 498521052 330434310 121129281
850547387 122424845 209635593 237457346
4505271 120439748 864653202 166760380
689572903 505116575 292342060 663618979
960966795 992068412 634175724 273060428
782048306 196401111 258441631 527415955
132626045 461860798 280833077 211561623
413253090 233251341 393489451 459671448
412482508 558461730 223671990 355377206
120975205 20942616 390038583 753485475
600207614 407373370 354907537 510365285
672588589 873906404 340156788 588174178
846731932 327733078 870431036 876076242
440559788 269797182 990733574 174110179
37690507 751189407 228841478 408475998
730432711 793488161 254454567 78889187
428597203 502559090 280821430 717056540
580763190 126041094 866749218 116020053
109176741 794346117 207374441 244944664
980421651 674683727 273346486 425034908
2667742 406973282 946508193 90141326
835828827 84304533 685782794 850811541
901274644 615666564 300050112 817561851
6986952 272977183 627287684 987974909
118785226 475629141 881410146 897531664
140852122 777174397 775571035 683915685
922266822 61829997 707466890 157007468
333373942 782770702 899738049 974228640
420339180 659822908 560101990 732459722
987026039 304927655 530514008 634431406
493850486 280407737 381016041 210389613
883988826 969928132 722029425 176697285
566110273 488503912 104851331 641862671
10987976 368428026 574987588 174542252
812276299 764526937 890847751 836187521
695202273 305906995 19411302 326494133
828241734 99402082 108985368 898375877
199166416 511648213 154826609 427468567
147735744 122072390 970518742 225206266
291553409 678595387 774400169 751887964
863981919 807008079 358482424 437891452
834389660 636207167 825992163 38745452
321514240 763674455 149135279 870598728
794463315 743968978 839091352 37836998
596945544 448369371 805780212 960848692
109181795 233862928 301421650 758684299
190856886 66428258 52696608 320250823
62900392 448046220 704870585 937618179
729608016 334156307 787409992 691485838
882838920 868344478 610041629 779340463
231141452 985978940 923850197 826266738
163254993 762526953 187949260 461715341
246625569 557817652 842786402 115880085
993555680 343479292 465891532 529924168
796930476 59780166 178764983 232314182
399848158 805044696 89813203 33240096
829384796 65730422 23986250 952517006
186536897 438209084 331927905 786535513
818911368 107011175 648246075 188438178
76040520 365760600 321971144 940231753
441028238 590706351 418610259 819336631
915740282 665583053 703588924 961254203
496196952 253812330 299060909 800973197
697549484 321796969 929510178 576709835
810096529 725798483 217309115 646589057
439927717 115055502 683938039 827031873
964723805 60964590 333197481 870375458
876654353 373871272 297647785 960177348
195120251 504990421 511514894 603764584
814887753 189846434 570436352 848107776
819665994 560177258 107825655 589004755
81742845 45201494 358605243 90814646
212506452 365590449 714273056 626032076
774323309 843837481 266767311 962954582
643153612 649299655 966011960 691122816
278220275 928721744 584190854 327770379
45913959 64261781 213580055 170980416
545146345 122233160 524524127 977975400
2865612 73820981 422359536 814094802
223311287 960023304 220469498 809780406
830981672 756155524 865079988 957011767
287748505 35214268 609476961 854622447
68108661 626760810 372735257 415673903
488646768 792902236 877532042 293259501
902309019 702754172 523239126 543511680
800561237 736668512 424002570 699352096
714008247 107384456 777618153 561473012
604156816 459352644 196481095 727245157
274488029 982356191 35540153 672088296
707083336 372105211 17411171 670662717
435265819 75515402 329275059 342668277
252525645 155906211 446509265 292110594
708126799 98359195 151907494 698732815
763202282 219730547 128177804 755676485
902944003 882651921 526971079 236944141
171521682 958368249 115940839 560950759
797252241 395707372 681686227 436514853
227663301 492898132 959393774 132078403
363703432 263783916 989792853 257998954
169262584 521483004 651788831 892675773
800367032 378295854 864741522 442213551
22835154 278609816 877371884 697773743
66759666 364364680 329973453 835465488
1547983 911998730 379727939 113090008
503774219 416497386 497839014 458654488
128763155 354295956 436613447 583811741
358265116 408441636 645246772 539689681
402603291 90060593 708242990 890380152
346361995 186462868 316659497 451765458
712362740 270969459 233903864 635834534
610406299 516930058 828256704 317575698
600585673 759895322 140671862 467066989
729914927 598993005 180019854 669398961
95567658 62347963 100485633 987578657
126467821 557472770 455020238 402451865
769016686 981309954 754735549 511200417
509455480 914984777 447105641 446656156
126254231 909352400 2327751 251083176
73152532 263081261 454034906 939531120
339680764 396410952 652897687 299455023
326579855 305719948 245148821 572450044
874067534 177899851 95952839 201503405
879835059 53428189 461004557 937696463
630055508 320586012 143243812 290967248
592502629 305917612 657764427 824973160
671351168 98666344 402441785 256853289
265427555 997899128 160303599 937732409
148183685 989257044 377663605 71919445
143785962 448304099 53356140 497413130
226983436 427956841 745398636 706848463
626951415 641261681 857014064 461491638
34156091 802008431 87970914 963503655
784620065 195654480 419725227 975558108
702111132 33638283 301254452 290518060
780865355 186579022 881066678 878998989
726504365 985863652 627906292 826848822
769998278 180720924 682651402 244114886
243888125 754824314 313313942 421198314
168727290 515114483 722449766 885573099
441316456 329652467 98095692 934860467
756808714 470935659 968128997 14166411
446523966 724976651 222168750 798919454
544697149 783999254 327120044 646935289
149326627 194017252 501490325 822566423
545755738 779652423 743476540 836834921
843156078 291221948 974582921 807894822
309933312 722182192 963912956 407103700
359140943 855505900 779913820 118636327
311348628 319659668 639378884 790888798
773666102 988790184 845264202 637392792
711548875 595698337 523394245 547903482
364102663 85123768 347900832 701570035
504192787 429889859 169058190 415026700
866270184 202991356 344120609 342428866
60081748 39641225 467437683 650033339
294560896 347133349 615924349 283618705
773284742 25355094 654324762 535753982
64708412 155204555 881981018 778819231
857805363 110891914 1651531 996526761
749805472 959633376 588889888 982636668
145565620 265940268 691480374 983076925
485083573 76092333 416386119 895543678
749093023 785259521 681698400 576912464
669290347 458955880 158677086 255382245
788558015 179910188 137964617 52596789
692334446 605819246 752537885 426736257
791107696 547383087 445990992 38272452
827298719 293690977 334866590 564938656
352946929 321992038 903359084 686520524
122933922 362708566 750058414 283180475
838716286 681751576 542235779 835562239
672650013 329298218 878837098 212791935
718042602 825374172 380695863 533510725
1797009 698317438 914601449 169216473
875879379 817585093 973498926 29473114
599149729 973325093 962999192 990200505
134059957 963874431 747777341 164511173
771401931 948476322 676345674 388901032
194816808 78607924 880336308 609941498
857399162 730396692 511698566 905839567
244848902 905853670 215429265 399956529
472173248 981625684 76898347 860154082
731588458 790795604 426437214 21940991
918448826 91135826 80224971 996371641
852596673 679615227 625774729 572550843
644758351 867993369 974645086 3954365
343764677 716356532 291088275 478268565
824290265 424951138 330068922 633994616
50561995 250000640 988493443 82658915
91302551 735783955 788879996 793236771
858682908 671610299 97514939 811571013
153292679 825173945 913876127 324413955
570585144 849245364 360205008 876221693
190414157 889572468 817690500 430646010
416279523 961357976 673273280 279063608
633374530 622547810 923779993 971364419
8699621 875314453 232573518 122001805
841004774 123396550 358579027 78920033
812872179 654563983 520404105 575094340
544923519 132769955 847910072 263179185
939832318 516249101 395528351 256189824
751076204 73276668 639038745 743329964
123801009 28306571 605552010 765051547
226041836 611256052 699589887 35350311
544342922 890351567 459465141 274953602
197742575 683556751 264411280 139143136
127237076 960393786 474301089 882140887
646833424 92767482 942997227 556977507
219433350 161119807 756833507 743896595
62703091 503640641 304490750 225544996
598436710 135764062 439944396 84539791
312153987 930225882 870762466 119974930
888775088 527319559 190728267 428575877
859185080 290496798 325620554 60145450
906571771 843933280 671302857 459897492
706873937 360019504 36685663 505123552
23902704 153974948 929012193 324968712
83618035 227862625 613231715 286463543
630511905 109084287 552245932 999450584
503381862 441635993 237616259 268571591
214972531 999068098 810059028 769087835
928545971 833749628 861707713 770573058
747097739 695444646 367803130 5112054
305789474 985649215 776855533 100710103
687797737 624036514 33115972 227726430
879545537 741796238 293311515 569225692
926969863 363802988 335757329 804584081
282824046 865795689 699796674 151475200
887992568 337130628 138307509 198135964
490251197 792372670 63028319 721908497
151424768 689736513 256399568 41887013
351189837 257077686 865332779 794239202
570005236 817726996 130086174 581241349
514646163 485757675 891835995 857523550
424442912 807804923 523469642 357986810
941203834 765833273 845458925 733618261
438924819 981390240 437227877 544947653
270137059 160565012 22910076 620309339
582903272 427356076 766535133 317299935
517505652 447806587 314433366 194172249
672067342 367907534 22215352 426514261
453122139 750042068 669839237 186602482
601928154 568758531 154219966 172631762
424923560 329844926 996394804 916410969
794311279 234158329 11967491 573916560
241876838 660878730 54712091 95226100
769280184 58221038 796682666 331823348
293436875 581374132 6345383 594332619
968950618 895593395 44065990 474214517
453430741 541148106 857344071 30398170
607955562 805018797 202195545 433356557
937611186 455659117 631006338 200149822
16618180 845760073 425532332 209502268
625558808 546892295 602749157 879008453
351889579 751590406 480552137 871890793
685011422 95807682 922170412 181709362
358234205 142149189 297004717 580651983
922985708 156348939 678899968 881504396
101412526 144463061 410819241 183464661
855709437 999205654 596919265 104583492
902062789 304555959 366262953 347986297
997173662 556893130 151134416 92488454
956763446 485984452 255954080 953955779
876466285 426059134 910401159 231058516
207324689 349997978 280955810 893827822
802188888 871661273 168735841 431001482
311040816 593161057 84145850 792905279
538830831 467746245 683690114 417091283
664184469 990260499 968019702 357097633
44133291 585124131 376312608 539757073
74889993 715772520 419860860 67052491
523702718 514565310 563131995 326921753
901001459 346664879 829710076 726440144
724137652 971136623 551077283 227892139
380220331 307512601 950178820 692068468
312932304 436707806 937736584 556094230
848241370 47413579 6196857 372610381
948116428 10140063 643539084 104329390
904944091 455620782 21466870 547290343
654228306 257771031 431565215 351626071
577289999 448884276 505586214 678610508
426154412 386501727 899972287 463918378
752431466 130958560 873746568 340554413
541989048 627652198 118730370 334910713
649175476 688917330 803694719 760740805
893229517 468598847 49610388 211980346
280213828 792682178 376959921 399451917
220935933 475924658 437825855 650274129
521012046 395145264 596627032 148074121
278226613 287636152 820886302 259984214
598631527 661341628 578448653 801354472
747799557 30349336 432655964 192577700
20974996 402786038 120737881 50800227
221942469 761850258 390660563 698178339
268545080 421637318 286777619 583404418
443644623 932061743 631441707 897207348
738139440 668513272 156683614 454324271
696635069 525072235 545003310 919592419
340430237 441223611 665871792 428282088
437643724 459461973 63591825 3243648
605634123 277481034 705613160 816795806
510562101 775188243 192698309 698134647
875866195 678461682 25731392 799248080
164843411 318600318 722556452 604225970
883109573 648767747 729318793 867078127
556723400 396044197 305740226 464715306
168764943 794835121 329336801 880259848
992592077 302789340 744643568 57139965
272920501 73374823 346738437 20081847
655460116 125586111 683862627 360893476
769945841 205552321 102375101 577620107
60749882 24933902 538190908 498277499
671925772 71722385 505861526 805556836
429058737 726190791 421140037 575919676
235460666 909348660 373844200 540140177
663850064 529715836 501427238 238544983
865925159 238714981 464158739 883582124
447996076 195170724 747802587 889049206
511722126 335596127 512512977 625128748
701888484 895924744 279570974 405272965
32747140 339474033 709312662 455705926
284389717 497250926 289710088 888104379
403370015 730168116 34649340 327283465
337787547 310511551 356269722 764853450
356623990 952429879 423005603 505108538
296476800 693422365 725261030 528681931
248710836 141440445 188033932 325018700
147006311 85616235 607001823 110689507
214443461 973651456 445630255 685468131
264285057 162943567 191691929 328588249
164609001 906254026 73714323 627586177
103754263 741127300 665098652 24364602
537896856 842757239 221905621 540347891
175287419 775211239 845613171 931276534
67634923 506510842 460158343 41836245
238624801 644158155 56866358 856938935
254639406 477596661 318902390 463640961
830854198 872349692 90714082 909537907
606915112 982033342 920047576 678811991
858957869 690632458 262660577 255915340
371561461 63847234 121185631 213500686
906499179 592972042 960339075 515691414
57640197 454796965 164754659 41168399
967957547 835821105 685747656 964194737
576884056 424479091 659353120 563832464
300305896 371373729 161923072 669643962
13685897 157576660 153977229 253283006
871427060 210666685 95834723 208881037
856954188 462897662 346672569 198618728
402860582 679485349 33309441 140665420
256089679 125858217 586704841 100173421
867402440 24214945 938337650 348394636
277082742 717089756 94997068 906788834
679630135 80955892 264657948 36065017
497700622 65859078 154311715 262940876
201458203 779101136 236162639 171480216
376262459 670249613 614111537 754075486
402380647 669310257 148541954 661649374
898785619 172981670 237943794 695558841
479903479 927111805 187566288 364628144
41423930 197254967 604115406 400159928
911744756 721611734 145510445 463246548
63827607 367756249 485386738 106855025
501322189 344046653 289219226 516087887
331703756 915223490 247231620 553559477
391876827 481639322 968712183 110333045
69381876 389911022 884808755 526160410
725178933 191741907 510249618 989439548
353989934 720219368 420765086 15244338
280095511 323667296 194406678 417430002
314320270 310648059 36691957 482065714
354159385 59465415 789493041 586623523
289365239 863337093 460106107 423152098
542945763 461163041 848718477 687627588
456036700 937242393 474454592 938338832
165195295 33191594 440904679 420055098
972295060 765731795 258985501 543149774
743489414 540702782 6257593 302978463
853926411 846471687 921154893 884603191
89244533 674615216 622904562 690687700
429905874 510323602 798262817 387151513
822760003 721256447 245727226 473568326
886314066 247351583 350487253 916021206
354494446 196756479 181278772 547261341
903008457 634957980 306221111 812409793
199178519 318170944 607317432 337084703
242301345 277948281 686242137 190171957
37266320 680957762 609688366 406884643
534700629 932025012 55318337 293752653
335512223 613036642 240141610 496607204
249269547 522270856 121646002 808247122
741191506 989649800 923621013 947621901
618935487 186345768 177598905 133119525
19273163 821021440 384334625 83853319
265657741 531357557 496456539 562181819
510026207 988250726 590251615 180517446
910323286 169242645 606950513 322577129
410055853 232975336 470564051 859946963
715513006 550252630 638983066 503492353
476800742 591413094 115642297 831884086
273695564 1037655 385647514 917157692
589512883 611524316 571104419 9670041
560214097 984401987 656145907 555350543
967268900 422629931 99185621 118758337
92526658 464741155 728872008 382210452
467407457 797758232 376041569 732304239
455588927 200024194 165336491 927633892
334441027 216501060 677298900 609230798
807074820 287244104 937423163 772671490
566365430 4817933 190821979 641107658
484660099 950323004 174882434 943280456
317612592 868696160 701813332 863492900
691445406 873300380 747111598 391557735
535626601 55035574 757750181 756834171
118432094 699694256 248506809 539850811
178433704 711551168 455423650 191390529
276667114 752995577 280486849 873071028
680319635 582176671 289899202 956555163
479595225 543784350 720643432 58324092
78021539 95066183 986775804 163537546
182402708 199247040 188546330 331261588
889391044 45423544 719919279 752299016
932871032 643956176 11533759 949741504
168312213 739507806 830285150 803983103
661258337 25860857 266532072 580085617
246924915 765509561 223409069 279721687
871533664 536001176 346492372 700572730
366756781 5041853 303777706 152340728
195921636 61196801 123995775 464493035
102432690 49758217 221723947 843682729
858710817 262052010 326123045 443273843
511368095 58938606 79887834 396021839
519587501 794077046 184171539 723454481
569853569 108555087 556455983 781426687
512791269 469532252 49469937 189565330
579792924 124007218 732620894 703247809
453764725 785506645 637723909 791887887
116476706 672959961 343677423 102224223
313476972 942466360 486010683 366671187
226887060 848638669 189781334 123894891
650046976 860871643 829733804 850673494
712997965 543267540 514454552 152925392
4944491 957761322 394253724 192647423
759715955 384372321 440329285 277119928
356638411 304249451 898330388 473713036
319150267 346866257 269213419 869645218
842944334 525498506 418564950 826343604
