1000 1000000000
775046706 974405410 409174953 936339287
435948171 855276557 464148499 425755953
834979985 317376514 208513796 422046727
565898650 466573403 129178142 955215958
544559213 523025980 37446581 650007056
69252591 701499903 44373560 731782404
850386381 663377177 902888828 725008985
360647947 8931577 617176540 54520947
995065880 424160071 687547997 903271547
184857255 60900632 989459161 944464759
275016278 29870095 374444853 866019632
966783138 112015430 508336714 663565801
778581953 789766832 463299140 969684924
731915756 475930905 964184515 110089259
186145581 664774599 314098800 750093470
613527271 525193578 292618094 73401607
248225936 411631873 368178906 915386449
101461895 833094112 533966958 273222436
560175551 58481105 188760018 195153401
49817636 755967956 34128077 640239842
912533955 7803011 938344859 478796641
583089119 533931768 412257732 36098360
761975582 744656483 440173034 258612702
408291173 394691378 217708442 945710219
750025653 398066193 7445063 512617624
139853161 165901475 778233492 570148705
246707560 362653939 257617606 210831183
122696972 473396662 773215409 267555565
139994372 440785995 996918681 434626925
929556410 554298400 967416853 716242089
130189405 113167935 436970373 499459792
375129949 345025817 345720084 859116258
662891360 285138914 600995553 642512810
37269188 639726605 401560491 372942082
197745560 660704513 788205520 471835657
332912521 399843069 202620 790232519
93222931 713988633 518063542 101817733
801748621 280653947 809775984 608366480
690726793 53108169 230339550 117856774
648634500 689247250 884547500 133282797
819622346 999376017 501571192 705219411
15273964 304714679 768714182 801946791
386892665 699252559 793661182 894239760
113824087 299539824 608243177 557024817
262547655 649571692 564545862 198921990
930880802 166513561 121858463 730790657
106940715 889311401 911337121 372394694
669523588 254684427 330220762 415172351
819224574 852976070 556758251 296185707
182535142 716404094 509164038 917064637
257042319 872002044 870177605 176180186
579135638 298009030 507533054 398573923
268676370 723167647 765762819 173972650
587646865 677388511 371612289 665160096
84119542 881935419 453251080 22285048
75097558 795342663 327154685 10286549
659221372 99813847 703275114 562822938
192998154 303249330 877800464 218570666
712816403 664120053 379124437 131729670
487640449 328157887 204196879 434779511
780224978 597261 893562325 477379554
898576801 774871896 512387372 326295150
601052639 381894201 895447827 259907407
838276218 844965239 963499457 480898295
876436006 278809349 306096487 868528354
257607927 879522811 226430091 313813365
967901960 882279172 315483230 126378641
685800186 721943771 203890688 395127168
950935 178432678 61725016 894906186
546813767 839636106 445523680 829294965
584291073 93416595 729620161 560352970
877935770 677919583 694647629 466287126
286532435 579725517 722795136 101894139
962888628 90809496 397701156 648792280
204768236 737738850 682682276 695867200
941961087 116792531 426353274 536025154
148966107 576375669 669739091 569429578
414563492 682446330 692999872 506591095
524413596 106765479 433663082 338669672
993746981 389666402 674734547 966781628
399428953 295925346 205125389 366538457
703444607 676098539 166502745 715611419
191698734 379617055 958404955 929401682
236112451 350700678 501221734 642352437
917342423 944847964 584313009 229023017
350870100 424778944 536294334 78746021
542597292 604579416 645725611 405852999
651157605 516195734 226029203 5382408
429817081 38922017 223463292 702179372
334785033 470695107 920663385 582607423
669697288 369690094 385607213 541975
537875781 412479387 45528508 904973692
179377420 843549964 870333547 321812260
713220633 760967920 174421243 627014703
33750432 344729416 665463170 251001603
173008616 954983037 720409147 117681190
202279688 449909024 205043999 925826382
181828921 18910021 426718884 755507560
231118339 232874076 508859829 723837610
981483575 124711502 522393399 491914729
591740344 153192373 731589725 693519262
179149189 328996811 311037765 57758331
660935695 31659016 102428066 74125639
927184803 631525516 977390421 852462865
592701917 476415172 230663461 117861240
280072090 743327698 992197437 164499969
726184834 996262238 2706745 250634963
780760929 848936645 530705845 141802548
267250427 557729506 495068226 258622553
271567308 310566025 859097181 210121662
925381108 566481570 850679197 700589944
175804322 256678470 224121226 103880076
439187540 817857914 391020485 809877592
269744197 264491354 649290862 374126845
185841399 730425366 522714600 949559775
334812456 755523091 796056156 784592573
394431290 989589422 562308420 465719697
736324180 380190095 979487501 637307426
14343791 16983319 479325873 764334830
773086221 390000389 345712196 475414530
208930235 488666068 343297289 57319808
650036967 320916114 718174112 893018095
198269063 979436041 647962802 732270547
914278104 925206303 105270287 69790402
677098066 837527636 139390311 388743958
499183495 813455715 187099820 269660250
772542191 567214827 940072424 231519111
779844377 608212995 223254145 298830111
265293284 34512643 782682484 855628080
143555377 273362920 576860877 308538462
636295778 125231376 954260922 995696795
538259375 179064348 386890313 553740539
989196017 931185733 388992165 386442564
138098722 792249127 92130729 138747137
775597084 67282555 473366000 315385680
463275435 720863151 295712656 877636962
981845511 91550789 952173763 660027426
370143124 763566635 866897743 663848304
741747903 816410378 682992658 71162581
815855340 925213341 215245844 467613096
72882448 89695041 763561432 834494868
434120217 66235671 374072057 67670030
537238740 58521414 146130310 832413392
147771431 151545717 503553113 130073657
576538411 742456869 790339520 200812163
781768383 802316518 514747910 680452105
144385881 669064703 22182557 368272549
453067914 234966977 574393357 656988123
104681468 409159733 696385617 582000031
631238768 898541661 576675580 198967283
401034724 482370926 115114160 445193620
28981730 248207506 237131225 594075180
443643869 947994436 770662286 943001314
959204955 944979858 109352928 870842836
948740723 873651176 819704739 392761271
345456085 575542136 245049526 2584276
786356132 835431825 761662108 172989759
216199825 348284285 763959522 930832514
214725587 770670171 751258390 648586604
905784071 55923138 309684633 140937818
725400567 168415089 1747505 390354121
45333161 318545809 292771914 772399431
158226352 944835085 186667960 216474481
356524635 959391983 248609998 532501126
644129463 694841662 706297813 551157243
555441826 910366298 797130334 865046414
201050004 116401434 537203694 41758023
637167602 688006771 133274019 559719289
233915260 506317620 53397757 985997716
608530117 778807731 804014315 475807303
814002553 522010829 38986651 417651349
371103859 446172656 226356968 181724650
87257643 824840397 128690840 901883354
563529139 85674154 989602568 65929857
285906766 644763238 139633496 709983325
321824494 91715020 455722590 590395168
575048612 583781703 560345985 126302116
535618759 405538165 638235135 944250451
826498020 977670644 119977982 883675354
172809635 185408103 137158817 172599666
251881962 452908456 323207094 624230706
637797744 534895414 561145380 28393456
415812297 330638713 401021704 571735431
27591356 402116473 563496717 767121977
56101219 251554781 117982375 644262973
404186612 343682378 29349536 17450652
933168017 777617944 814085688 328526289
330534972 273460377 554614910 398121186
478942631 331927716 900050623 646144899
630533759 705980515 834085911 591235500
765228234 174636314 362665763 466032138
377894307 359784997 136967956 731457779
477838233 222457991 520389527 555916291
287905022 660297414 551368858 98515635
900196948 560881635 254575350 739841392
184840044 879145073 585808334 790239011
607038450 114882067 682999799 63726178
157426226 631469709 271968194 751608454
434988231 961875070 684647421 516801920
220057904 845083193 711898094 756370982
919565065 13945652 471211158 433126575
910277187 621400796 52779859 156909732
16171542 566114989 747879613 664723601
526854692 670231423 539993875 461854616
387660068 728740925 714300589 953246530
490769404 515296206 676448426 274135286
230975477 84956924 342035086 658551558
247266427 906187282 502490299 357912916
167082267 565771365 981603371 529374415
640996975 650784979 32109234 546448963
17853327 963287081 953175145 596389976
138078979 297398620 417928004 914918223
593649841 166841459 555765184 4394045
100792111 450136664 159682900 457734385
592047790 587923493 102079295 224637751
621055544 972599837 804397060 530822355
774654679 197429318 901435949 403703064
233552464 215106013 394956081 845791963
966129719 727215301 71742297 307311020
532077292 194255517 447876354 159834652
828283614 313207419 251964871 848512536
547239159 187272576 646704391 321015812
354446626 501579193 632665886 486442189
790755901 593871649 318609510 706926589
751865746 382648530 100303236 457351071
649081146 21342258 570037835 648188648
986061372 903247547 626951976 473900134
505503327 399853788 267720890 951060398
532299640 980476393 855754436 610135902
380837963 158048296 527180587 679444728
52426564 150521470 230542125 108396565
530729459 796800057 681028262 42090155
232934851 459687756 950240557 164616900
662979304 517397249 377255519 125543730
520683355 916368486 729168559 859614234
470993759 970722633 818372869 937654509
478573443 582329889 965122083 234038400
765166394 995817834 774879871 75807441
664122448 285120093 552766556 869342769
540304469 708471945 358991001 196650719
955854438 381667266 454759369 893157782
759040612 791620887 803573994 179623301
803541667 530587351 105648414 645308195
900506799 832666660 490103274 90983929
393929624 910078803 810606743 571472371
753960036 933635697 149717944 972984161
645592813 508771034 874797112 383852643
55219150 981678627 388029731 139119756
71548788 78230089 214546983 266736862
423775932 663769270 369266199 238590478
562126148 941362205 561286179 953290799
631001403 399361837 428692782 62557698
84726216 929929637 477938496 226884795
116995784 102233767 87772832 719323599
694791241 677247739 583622562 664345411
536260549 379362171 919881189 148883980
46617417 202719045 159927306 194706271
509177901 104449259 490272346 82245915
202573017 147730016 113142092 169294015
218733737 409754360 221378999 465825859
482462546 117819671 731935357 737305305
193253504 396446977 189832403 654071314
540474622 315092305 225293971 557349480
135283884 631771592 795316678 177337636
66864442 498144883 239386946 906083396
592135728 840710680 502299084 311702846
746579662 167318529 963728962 289728644
12187892 584288442 717814720 597485770
482503093 124321375 521715266 452546668
56890306 731772358 673429985 574361585
197181949 418573389 471102672 683103722
859339172 99861686 179078246 690361387
452230398 203683622 606003932 725667479
459386097 106543568 464452887 245035460
460319352 525822617 72362749 628118755
984171185 964026415 664682135 677154480
175599852 374083069 749294173 545067297
888416522 934656925 857627080 901157955
948298828 85030403 832200609 310440289
457542475 226710731 506408663 927211574
484243549 674843525 672311468 761600481
842524610 745842350 783862029 16624126
287223896 794285984 915142243 107910341
900884396 11153895 645909346 780176851
854838726 456612292 649224909 272347071
996391127 694314649 277741250 848018252
257713881 658450324 465651741 644002992
745561593 566661091 524779796 897329288
208766197 888110507 102843478 912379679
518869610 903026428 72984987 432058437
127268993 531279032 19310917 88469818
670716997 946181937 764970281 842552737
675779140 379122931 51262736 423916588
602248072 349289492 953541478 297047052
508553847 480681677 177691636 896226831
993362001 24619543 570748474 898133912
521281649 227490078 502509475 355747732
754563 124689991 41490425 159761677
709862307 593469265 819601533 588769572
459504345 230243841 874417387 676706304
538566498 790396522 834253083 390790136
438064082 719974716 329108660 50997834
633933509 600425152 336537277 850842292
381716479 69661970 310424505 932082241
426968117 285350480 630308196 246308594
45542025 211948276 297175630 586873632
870055395 437614042 893540624 374533372
416528613 475517261 552223515 665810164
164546164 482035655 735795282 584314957
241105889 761271775 913575358 90065297
781447599 916215591 559921722 283916966
559436257 985597944 115498972 967049723
887022885 935369570 717861025 404398576
568152555 959546742 377598486 62735723
183933929 562819280 804828912 352340980
824755394 825737303 929675575 31809865
800901941 394615322 219780240 276917544
912582845 166895898 736873376 616351606
699746353 266288877 587269195 704053167
34168767 203825923 136121442 475125669
769157235 323656782 738000321 713675983
565189099 113727596 104906496 1584365
803071160 136074212 157389436 439652726
801994402 233034248 968580004 597005353
906407076 54191433 421619903 403142443
301355972 393501936 324005811 249577034
124058796 523374140 198692913 306151097
985165855 341375940 113353686 538705517
892753319 493509172 565108121 918915007
330913370 131280879 301994710 825508925
308934269 813150317 227148416 199069293
140515839 12898682 705789800 571167869
461855289 254595912 384282884 975000966
33921257 144247298 443149833 812328331
219942343 963237634 86287766 836946961
682122761 669603248 292226265 77254573
220243190 349008495 338898436 221404331
692800533 199397667 603823040 498737655
704440566 674448503 46471086 728480872
841083883 829798357 706628579 437903261
410665424 35576543 266925178 285892629
822483458 569696558 69164909 767430306
128682085 633273586 364626460 633186730
473777765 901860361 571568118 256043878
197829384 241232357 207649365 665189658
990852995 937572341 192585977 738193952
203707479 699838570 231678200 164061243
257343107 149001529 14819891 19198196
902745722 932375416 861276419 429384581
409582714 307965339 708523439 604375799
82906818 188904794 897969922 713521668
175647385 477551193 367347039 157277532
590374279 793249688 316405337 140083156
226880801 173456019 588418781 754035927
634797241 854755984 143705776 853824954
676754544 242701730 885708088 926775998
757673123 80714512 438605505 156471686
647677746 739355491 604273463 433807831
889316095 760800938 706719229 879455239
887847596 331390551 330975169 420811907
762439701 978464167 479225681 203663502
949247230 860169796 709432976 994782266
930918482 496202179 560945205 395413942
433509306 70273358 967301620 584874255
224929855 483909736 658167600 285789713
824895621 206346876 431977800 752354017
867977673 686323952 1688967 409236784
674929430 51122504 754670523 896090634
755170530 877341667 208331969 66377357
754882042 864191141 879306903 544855769
993385577 702386582 164864644 74217147
513035265 899634232 880072326 447005501
83881722 418791224 428929057 806635905
517348221 901346720 462386116 583315999
756092752 929618041 635287264 713121792
404006103 991230327 21772393 920414714
783823232 116783820 212723223 316066868
658653331 838729332 861398847 996514881
231536487 239470034 103469168 559571637
251486219 316256407 475436360 754159921
822762743 936706256 247706552 113559906
164771496 383758666 357483043 604796455
771062885 975207074 148308335 315118940
227705256 47019736 326367618 436374848
586867784 635514105 599348676 184712529
91360034 243312771 768800450 186491172
626319879 570651962 59166444 913306526
488949789 538123891 400585784 467343700
658602113 422107331 652524331 553885283
729370064 969920317 232962983 608027777
674930875 828932335 939208333 330357170
266018130 20135757 763951236 322738904
144068407 627394701 349936620 336557822
758307732 33706253 519717893 761606675
492611623 684261594 42016828 518289614
983216271 558567874 866494085 199047614
888905423 677681729 558683155 316888198
157391619 566239342 362867995 374074053
148338401 703349445 762082047 26010098
694780073 197726777 866236642 739043727
382527956 950753330 86584216 405076812
486065611 798189108 863742638 417111128
18690210 119080960 555614214 212625233
46587147 247525745 683545849 603629365
546693676 638078087 504640384 793687859
679923402 331749722 951922139 406853319
69487712 713343857 28912786 932280452
210724972 654498505 641404741 361893699
607480102 933248870 243304185 326087326
441087548 55418462 595971700 88137056
979487222 586036354 339914040 547709002
843558551 467657222 921122010 191915152
491880911 202017522 769256734 341183198
918493046 41786233 505114184 228763002
896967446 974647761 692955707 864873014
994511327 158019231 904677751 109504433
88020738 704384801 958642076 588156945
550299550 205558972 301125368 161225154
498796082 159261697 627058284 261300490
621161951 847379055 817439416 968482197
700705385 915792953 431800921 261479212
563931224 939397333 860051664 259214003
287653646 64038470 625827327 472841014
82638226 954037393 696082596 375125412
550758537 863065101 195926355 876342816
483178249 311466379 244405251 912346324
808534104 404102105 275033337 14781204
795657878 590000163 390093608 315289712
102487341 218943241 269706484 580671186
343268578 328691965 677336833 801687976
802147054 129293501 329952316 785986598
734599447 63761517 48998100 208385910
447099112 780059730 131711789 479055262
187065338 442622422 77871051 157408982
729797937 411661001 630063722 782481587
547204349 468343850 664755513 603007887
594682013 788813848 794870237 7285467
29630819 544289172 137962325 452171274
895806313 883929326 734224425 335067419
312226928 427224103 890291628 872540222
346655029 292986511 383089351 132591292
125841567 243665578 384662765 498048028
166100083 234359403 622806457 20263144
814397391 577625797 130513295 458321881
293381006 967375913 236977307 709260759
143309989 965753526 383647427 563416879
162234060 904307500 157497501 578832465
268833576 758379159 881681178 364613321
756365864 699712509 102846922 618625657
800466646 926786191 659117044 732684910
628386265 886071007 439349207 659983693
80215594 831584689 237903802 157768197
419436084 628840153 896772933 651603694
276689992 20306823 127545140 612215517
435684387 140236953 658266938 283846091
56230007 780933140 980685421 494593000
568043541 606162231 780857759 808361097
673663452 61724901 466334366 420442847
344563584 913485157 6993792 63050900
820860895 504329580 102964244 120722655
443863632 620144340 612099970 275646194
634419569 844397321 872421971 347407581
314934003 930050173 307186828 887716943
540061801 512466623 78630343 563236377
391256336 270526177 403977914 324859342
685707649 396160920 816638343 536645213
118505356 344430231 532324380 652400576
390549126 603664322 921505971 846968344
594816800 139018798 160904528 507477161
894912933 679923879 479088132 796234813
609432342 589030222 570248875 236130885
433405812 929781951 165677528 343064702
442883334 314136546 343021628 423436805
323386958 218141446 613695609 65299648
360286759 231289446 118695359 82405967
791766259 116742062 608458512 781699259
778110921 301107613 308691253 614920962
378676667 134844707 714672317 314089611
342594923 304843789 776104089 159370431
134787753 802650307 198621876 93531946
476956405 685045021 95643391 805551790
564374365 942277494 58890406 439433817
227921344 781467965 866341148 583085267
310917772 648813426 441625193 156895446
427952298 650823054 939940275 18060215
975003134 997022702 493989056 243360476
40415465 962261267 129736177 962298326
16269723 633544805 940600603 128517715
488131897 545355137 933346798 769752850
781010690 971525706 849050551 789922414
183798602 324166364 791131623 814311725
454177431 839503251 889851652 13494927
216168492 396546061 568038543 294996126
803192157 421044736 883253066 356257884
778112414 355390555 75288373 111599753
678921019 919021114 898458874 227745798
491296994 824058347 664550012 373278843
524810690 682248765 609812790 623700512
109674215 271556235 870915944 610931313
543933958 583862156 441731476 543880369
88396904 854536189 786087473 844821984
145855011 896445918 44377133 35941610
987871577 377437668 805879444 680526090
182150915 519035707 817005685 961483511
677776540 688987005 400340623 113338446
400143551 784983570 437458722 56339515
149773005 563420544 502819316 855604541
277144949 295702661 964136482 496538394
349281468 178022887 437105122 539199463
160301356 335171015 136672132 915941246
221543943 232718434 962705769 186687025
469380644 918364978 227688701 324918753
156791291 185625878 686047076 18208388
322384196 943701494 942822975 334616659
515559044 300362175 133761433 583407010
8772291 197477990 124039534 330343147
159682739 798482489 973255828 259567562
19377553 813216778 917151962 580223892
407519323 751331595 475588865 286882022
911447827 163549890 672188050 915691096
876406024 445613596 24181938 441134786
409357569 15902282 396810851 250555415
319392159 803148056 914625403 116614205
196332556 497677217 30690815 643548624
303925192 481633540 231374207 487964893
638931046 498781493 23856243 388675315
269701639 90051532 173194988 707104176
397654140 645068744 593534128 652606897
462236184 734820709 328478480 305809114
211320018 312994478 670462263 214660795
358109605 730879822 579115874 501254940
905066046 801589981 202476258 382495477
539753045 313411259 608530138 345324971
55777543 754100197 77407102 758983729
180696081 866187249 747340263 630412689
476201578 951059373 503029581 118455053
785527892 844598298 644283557 597654808
476834655 630964171 732424085 921623124
826279276 252973082 253851134 909179299
668495348 256090090 75767316 865712292
261055924 798298238 785015199 752532645
391974746 983287953 943516457 376637856
203908769 607234726 102376577 930646386
858685738 171504830 325165475 264467712
524022605 645544887 796509216 241137115
566228473 938655349 448907126 885455302
190054109 186069831 824674328 921344899
810969218 331780753 349195614 2801847
446664047 889289043 468676310 216710397
878591031 788269187 99316741 655367270
142615776 985552286 616601549 226549897
256240191 8443201 198633032 745874252
271077960 700298215 166152928 782476538
42598675 744605862 464414056 136674145
222226890 3684811 806705543 612432927
993155958 858313649 424621917 160906230
315362866 435915254 471370796 939449633
64863707 445042710 226317050 747945688
509413174 513792000 654472126 567331455
663531575 260463083 358556840 735238529
835564819 513950658 19212611 222877759
611309290 654779663 77808944 76219111
196607560 797927133 858242445 597253453
542402177 260249664 933949853 486317766
621642 490292118 490252422 467864533
343944930 643572123 27665168 50579149
755242876 179059285 715865121 802579789
483786878 910679432 59845407 350458937
373605895 381663958 521938563 356248402
179528165 553100182 190884363 973245677
366508516 709964523 679694445 528518611
884868801 577772181 45922723 445980924
360445139 602569470 535586856 629257590
251219062 986196882 52310913 192992375
275761440 400383112 531873282 301564146
915780046 881793512 917576499 98945723
444644893 249823558 154360200 111558677
41002722 353824650 787175141 170881356
168602841 590011022 648909446 189743895
983643381 383624468 272561536 509669722
522116014 535967154 962019159 864919236
470426495 168205506 179471210 94419723
453760196 807813510 12661489 814623145
157895025 586504213 287379011 15105352
714070560 213506381 871651194 941736277
134919498 577569520 523194332 730864705
843685693 709471456 407880969 493295299
330404232 602666207 45269079 197327778
197672924 50514207 458061752 522962602
428622933 788191732 354744799 667177293
333563535 786566237 53169162 949476361
397935643 39875458 855735529 239360785
147870377 813959451 642868605 123266818
428241786 922306455 510394519 491338556
65877441 362027162 465024964 928513106
74815242 240658583 5948592 226804537
965777819 800485893 420763655 319263419
994957305 439008538 690881845 792009388
184418409 179900370 901378891 55287932
69659180 383516835 599632881 731880393
360082756 274543968 113906289 351151448
778233655 231409267 38785404 814394979
124802801 356891487 117320049 584708324
177367733 606191035 504479037 889142793
972096182 195965742 528289594 442598342
542659680 541987117 275457186 250334987
475056526 899731558 342668515 41667561
12159825 482842927 462706399 792951653
190503250 154144776 878230983 348245672
521728940 278162923 739984890 164509203
808493451 674134638 942735386 382975834
346809544 938679533 452615184 997550183
329850339 386015712 878901514 446471465
823503452 65635276 274937081 879496803
867378208 382656589 96169720 107719568
458860081 884402412 443422826 555433666
34757740 959170747 856006518 54584045
855145944 314230056 16635143 557960012
850591271 509781293 83710208 420038893
123864908 346301471 951154176 536850773
99969905 481177495 31205184 988709311
740761918 868044316 887231108 941029331
66850417 651642505 287333699 461114347
846777494 209501113 205475046 87703050
727442371 173382443 257991882 528208273
819232683 39286458 111859499 389283513
526852769 831301739 665929849 618039955
431390245 558513864 701775956 143945306
850574206 780625466 802405173 76503401
830778109 193788126 833341718 673926546
582628918 598953767 575461610 588063468
47334391 682053170 867806465 101166638
210170557 291997458 368018581 629806101
565350816 429378891 969636186 319155014
714000556 950205579 734303118 606717902
144837386 61399435 308822131 855410382
120494896 463967793 909437398 774536958
954887832 686396710 338533369 117137215
476594847 526587782 244425740 361956861
562907345 180692452 218989533 553377916
974714331 803796836 624578885 568326634
70077805 434614332 384695618 802437812
466091238 802855606 767725731 535364888
986560403 612656335 667980841 344262347
843248121 367299593 959805373 487794391
892228132 788170846 426833236 607395550
849316936 259312823 731422392 600339940
988215997 763476675 437977116 108373115
869166612 891384011 213644311 663609235
410407156 351573525 256771609 571042246
746174207 189609272 825342286 694820792
653547924 220628184 301033328 154767144
379646693 745927926 824707634 755127562
116908672 342501128 843210320 545471194
46572843 132944408 158193789 690856787
357171647 933381540 899242730 994543774
379199713 796316820 389852628 108158710
690201554 270690323 200579937 515336662
465325493 25142939 262626260 359339302
848949325 136139043 246155503 800508298
308172233 268615248 856316702 782038834
684538012 783722282 736307886 654904011
676024972 981749857 490862138 995541962
383386942 472383409 400829135 908128943
120293720 802455206 157525671 320244870
784863847 102703131 936077175 342366501
600620594 458493961 442511369 395435408
747896335 845295373 62761681 125231897
896756951 19117724 513063083 310722040
908086127 627800663 405206237 583043877
22595265 207228994 187053767 87667408
678757145 681157651 48083419 471386531
144056981 116366437 896407280 443067603
505556701 800560709 668890337 635882673
884119918 898840626 91512672 951626769
237492524 646265024 8518674 674246369
120297521 926886860 201668479 763392100
801744078 833627514 75334739 691138850
898615601 168460532 59208506 251822463
108934313 938153161 100214652 694949422
373626638 176956876 96611835 533863131
287371183 976470135 533062257 645463907
62986459 391877984 257526869 46527172
963690117 360085860 255662819 375981421
30704317 363186508 350609192 157602904
669492782 487798893 889129263 57067875
211038419 525331142 381965739 304070043
719246987 736397297 262913871 630592491
545710637 457749042 993074874 222406302
83716174 518612907 349896722 23190325
395470790 846592108 531570605 312209498
478190738 27583764 198636209 551203777
515136815 514209016 192442048 366167279
451587432 467284464 49472002 640711790
871106811 553443449 372779220 435888407
212696857 37187344 667726021 257775325
200851626 176360932 626941763 711972628
746422622 617515496 144036223 493692479
397461896 881478482 45783337 446392861
190745107 935677585 357616713 814408360
479668548 848962773 881358697 599892127
893642642 880045177 132033010 255577475
576980100 179831595 499675625 482741773
913972843 840579936 839992253 752610730
51642964 623617074 576832231 326748354
872803596 178739651 551340350 637314030
37594845 301824314 37564985 33658118
890320023 613703467 464881354 360950545
367796025 847731351 634892304 295578701
923514211 935753252 198306220 443200958
598109151 609167576 248067653 554003645
460073247 624682056 761685769 465677648
180379660 388259320 756109588 725640479
611034825 581381401 420776775 786228596
83659994 937106207 500484856 129629265
343179386 169493921 55713851 338156715
414642102 833123744 442614238 689012359
764569043 192761194 400201390 607578687
938737624 513824872 775364148 510549282
759993542 467731044 235728395 136976719
3062891 288275064 647583039 947743495
673159337 331134194 880550154 532333290
679041240 795471102 316898052 814346896
722365793 534843494 446327066 183133090
594309335 534358342 405478237 768155081
35853964 674655995 82540012 132520288
100104990 991605700 754732566 337535347
371464821 34767508 765452267 650302793
664300482 527080937 611745934 332229495
955212852 619891509 257369508 461888147
553157389 166805796 278049376 456092687
789808093 516759978 858993236 26529215
417897046 653512068 15642879 261756681
309772750 364639758 105391961 111744177
152483853 528685512 867573546 786617740
835969776 722914551 71867366 249459989
436632843 416744903 165903713 251313081
575085567 41769635 803146379 486368210
187868491 286603625 584463197 427180640
588958784 642690315 546983177 856573369
279082450 530636193 943767353 273855284
731324943 425180885 223243535 698494323
812740819 340588443 901601399 153594591
207031508 743116970 418263829 105859002
920479588 770242761 892399345 843336323
198628238 463508836 584368611 589735120
877404613 93067433 617351173 948498486
149494409 919968009 297876832 235042598
932035655 704344320 599013609 392538239
219335391 755435803 290409256 866929034
366819695 415753680 191304860 719269536
609101085 149905601 456007830 617663530
654735407 409226511 139525231 917595145
637202471 328811577 4576350 107452317
830455926 181040831 388922994 470747584
252171808 947619000 919033431 698048251
404572918 226340974 41190150 891888650
885532956 499173674 966206657 121701171
285777876 686047641 665643593 425494994
601693457 122727750 608543013 191055684
643395212 945945348 143407984 257765083
883290549 668077307 359031579 485416499
372025506 509706205 889198250 121886993
126657118 629749536 89708934 743465591
107962194 299776026 533843776 749649516
143264639 876865088 989073622 963138474
387880539 52729212 995322019 883895903
70665886 965265624 980333793 484826366
407972926 52239184 29291100 166211679
797762877 294451414 234971120 53824065
561578652 397606500 773605132 204403979
934487378 941574666 574771882 361152918
106262381 594401724 803177645 694661944
578974188 582444136 97453724 563546841
338401596 237001023 866508557 303695923
831837388 248613453 992162790 546139469
834135317 785174588 510167165 488654846
474012622 638694501 814428436 420427482
91871844 423365590 24342420 733602281
510555805 656633897 93844923 588142813
645113715 639463874 735463365 504680742
329433412 893453255 93144265 918568512
734235681 556153256 681312997 585605300
602804296 474076559 33112621 862406944
915819216 43697396 539276344 503870990
285217144 541418724 25656284 154274963
425030989 877866302 398370999 986996565
993295847 547758120 492706899 30695229
511093163 536639456 32612354 445160015
63580458 932856800 814220098 249834092
36431273 239041950 352310620 535848074
946626234 977191130 956589198 388337089
105044168 206443471 565078683 279574524
521796445 484645528 77974359 279334718
927397464 99952597 308072942 615662658
819558103 334847757 637193783 89812447
132146054 60436657 593327420 654443295
810657096 382941226 514372646 637328010
516998732 629631748 424206090 95401526
941949125 811545414 517755861 223537356
17141505 207972496 949361348 600293300
282486986 642908634 292791761 517597147
67123446 982179944 537733520 611004156
307954052 472635041 321094224 938022994
13208177 432170030 509068540 760493173
890492685 126065349 906502179 201637595
648089139 489170279 845364798 304053181
531171169 69385428 754513493 303875001
421176022 307931342 489637645 60532133
899955439 882837820 399941209 557992976
826495583 767643233 65648268 83414961
468085858 183710833 577036163 854406972
51528264 471650208 741156611 745513456
815087261 22716308 179509182 536439038
3356640 434826874 226381313 415427094
928002690 650293736 195056364 252740210
69415007 614177597 485664541 279242971
104131270 740663769 656219124 341972035
905338235 28531851 980397436 51035815
822506933 930589289 504086592 623800217
917022204 755602981 427659501 842675588
262353984 117701608 875661138 255883796
532807174 797444258 589855042 117052871
669397940 852708956 237282468 716595005
243660730 474768873 610258402 473598428
461894666 47799684 817527149 701242927
922501541 637206860 36350551 651802228
549415814 672754511 860288974 778443459
482443473 925505427 323089528 218806227
626607016 768952283 456103052 768054427
780123175 549650370 968936920 42561296
381781785 638255465 506183820 578800947
154560638 966222813 420871394 339152142
984758818 355115861 352269620 562996151
89023524 991086390 51707788 425163856
14422735 809672395 852145982 759699543
70044716 904406896 852762948 189151174
468416443 973372870 811296329 311989356
879227183 20813888 261267641 682255970
241171102 969415078 963107554 60178554
427417391 741716702 9656659 134241349
1751726 164740143 373942314 342658898
745176123 124578655 324817962 148714225
28999334 365582688 661297035 636852634
535140122 48200560 476856393 652697682
279522462 374212851 135998742 418427624
418120672 766151134 961292986 781701754
923301238 688016354 320268631 510714515
900661021 805087886 746855890 308384677
71507361 387413931 589988128 203434580
45198375 76578136 639636126 850674642
51484978 644971288 571947038 517655038
521227392 610845887 948191561 914056666
261890198 298199132 604212977 243832956
595223708 989806943 207503269 157612476
466014223 318277128 903585475 533886563
113449093 459552970 421717838 358288037
73451196 792168611 404271511 907829597
988373705 339840114 86904158 510206841
581219359 783141429 80807706 335617939
649581012 196111977 762930083 6559237
696440983 70353860 477788629 633563807
869675323 882384907 873565908 830398067
712582403 339071687 974651413 343699902
329323987 849706037 502668165 517409567
366384207 441536073 643370732 163272928
620361422 719679994 608398496 972384914
126526127 557670912 495218392 126300868
285353553 444030859 961702842 996334009
58458173 820991405 394688981 20306665
51399198 693780754 389400810 273101403
435859382 447265336 215553719 424690753
813533978 967251154 221755664 774693628
962148812 67741280 70197619 394082788
448847543 983259599 471757054 691713155
604231286 555657309 950482283 982797145
283713302 976942607 256546619 222563165
444980605 713922436 21662535 959425232
25623126 34212601 722768630 262110907
709883120 459238982 720905941 118707472
168220273 798910280 691074735 131620604
557341222 477407982 901001323 518269487
656057524 321115832 110092135 270382637
214783150 859634531 705956650 33765995
779725931 768149987 253536068 573815870
105496488 932156091 872278761 191662693
45355313 126828113 552195957 512115607
799274664 363859328 881018284 530053661
154973821 435813595 276863472 911717862
328748029 142586243 280287415 698707687
187736235 53291442 598602982 510694971
983484205 860295166 832211468 584500317
225923743 560204129 110832840 224039100
715836376 279599105 340039659 784039410
353609530 305519904 984745332 770777169
103916383 357552345 130306938 564617925
488712219 859624718 938969089 69755458
975366161 265920954 366028249 558344397
12041224 999399010 659806653 132442470
613205237 458850783 78872568 219981094
552061327 5861172 805978002 942692711
473938004 433445228 659064861 757448368
88346483 483386107 509246652 62007357
992800848 685931803 314550414 907091081
796663183 274914558 885330045 428978056
577091886 779648600 802680047 885496204
589903128 442618830 25935439 462860588
733129811 606721964 126237532 799950090
96618864 119092932 300197762 937010576
847012465 149284876 12977508 512655977
395000659 627319971 487526083 973713092
361340574 342679273 613129643 484444092
801482232 9982734 390449567 73802315
736616258 624625902 724073414 645748112
879539602 710224459 166660764 724533798
17639404 758086317 576854951 722881132
683402226 306894627 233339308 449339847
613062539 117884449 670534904 297830037
309804473 826656995 328992745 750250550
978990028 956047952 949835356 788117834
563984643 891024860 854397884 685798716
413896329 70697875 769603693 595706742
894321103 452579764 443811656 748556513
335909970 240895173 846697678 460375288
602969569 431288733 647190539 511602037
476120559 462157162 88940073 241740276
145084332 610453469 236290047 548582780
799092100 207876525 913877279 48609643
408273562 630277922 285239311 702896200
561532454 757652839 38560061 758527776
180538338 175329305 73814081 910732995
861002314 740277390 242779203 861221155
513373819 537719196 988966250 662158419
96047872 443827177 348461709 769317417
529741807 105763259 261906935 442925620
26288531 568353941 192207221 281919386
889456797 161764889 773233466 827475872
115343817 689465210 438581848 509754195
202909572 166759638 135726648 759336155
272282874 802919193 322881742 381445419
453781339 598511787 322157089 563281428
928092575 120768867 687045327 784259554
841099097 626051826 215422429 621488109
415519168 114252902 116247352 523584506
382480537 488045250 744603395 544832474
592298810 90806410 33788473 937742732
796406771 122308604 963108530 374461410
967953987 128065753 852409965 919440372
276167806 63768323 101151845 105501777
575321906 916378250 162769508 794120656
482600135 575060271 312174453 88931501
73548939 328151675 506694550 756464028
696334987 814871421 450757039 925697476
405424666 242018019 691876749 949621682
803964687 685035628 965795172 760156602
795591993 172310759 198320318 904930157
287595059 114671198 421464821 176390262
668229307 339700208 255959353 827810702
15027743 68778523 103422337 422122890
988313084 108271166 132499870 593907755
79186386 235969784 954224298 3946085
95957462 416988924 144881329 483515568
520243145 578722374 862926565 783618919
861400842 286676085 810573956 622774756
166276211 924144894 966471664 452216825
274498490 449570347 584550688 758066442
30884110 351877572 830376364 624116965
237676032 425788602 506646641 2684240
623440706 481643987 333052359 329724099
566906463 662746693 481157902 811558407
507059132 260141112 967339097 841132123
852493988 470225308 860307413 324048052
773473301 930906486 124025130 791470605
109664608 312002269 601064538 88419349
460561666 997474914 787942027 234780473
176957104 350388023 989540185 401598931
591463413 645524403 850697070 549040297
236667867 981974387 24814244 95726089
760808864 257360426 608609508 168680007
722405581 79113299 182575365 787067078
578773782 151246106 198826550 705744904
660739638 933719440 885919731 395710242
673548883 546506911 136965956 464485407
131757262 450516637 506978549 115352993
247246684 752740569 941824484 125783000
114125618 816416955 303280869 294359750
956530764 456097977 149867324 706219957
934144249 39348911 515539981 893049008
791077623 557660326 719257559 755752339
506365560 684756682 448638591 105718841
560398436 737631560 299726472 189506395
612776464 247962122 930832777 605481872
630385117 908129375 986531769 563402891
688049712 422577911 891255180 166100081
105797816 18108004 726174831 208466217
494283053 302746323 302207627 87346398
790077630 178223500 388573242 575429848
780041607 655906819 839294070 240513930
507533382 390806338 304733827 837207289
348992769 110135678 750446294 533007146
