1000 1000000000
25489624 21378813 184460578 792995465
425779320 203656349 442393464 315934102
633609237 30532246 717884451 524903909
19592357 11237636 653855219 526976265
427087680 56482000 597411850 751874876
686559017 178030993 674504500 180019107
451206016 243524229 684574721 814523315
604398037 355795371 324224796 433914021
892695878 517720667 836624380 450267121
297797986 199885340 246110087 375179358
489843811 382743265 511175823 553636352
353718537 300689735 315977928 375116187
522024366 363723055 297732574 513357624
328208175 145979878 323243194 213993543
86932218 5850636 449274310 996955630
484149549 475698233 81498984 988733210
262677796 207499074 185652892 205302301
46930916 7297527 951248509 389465564
94434504 60753225 421072818 746899475
334623354 55164222 973909647 338857112
734530787 626770764 568556893 601467068
800016484 641364814 467656485 552837168
610428820 547831336 393654410 511915000
189590167 32274541 832221705 409017396
111683729 95082284 830054097 854460512
641255107 138187441 186453889 314303522
39460401 31759735 422260276 764058325
822241242 445572999 667347577 84088688
218222946 36302959 329257239 376706616
287633828 233583995 101709275 284078583
555865931 298050630 397600809 226533620
757504376 380117385 481908405 723469000
472337227 397954694 830969424 408843976
212202138 60206005 609269286 675341663
314904984 202850064 127128929 286600435
840551198 826146106 537554405 824811908
895902428 704833711 580077120 226656074
160202602 29748108 775766397 867908179
828502523 741772379 402663401 476573111
304454009 279849621 135237426 481599101
534773677 492061497 618477417 996960205
691655537 498894662 493544356 391807499
471446911 358613862 260119204 717175188
474755532 427312731 345501686 674432935
893301163 722395340 517989000 549284919
182253721 80987681 164461632 254623696
967065269 269358935 835154054 554716648
30859760 15439897 337365837 185537480
43767024 41224238 710486222 211619223
68584752 35349083 644630244 74674924
821455822 567706775 643658528 770923709
114778361 25345126 740136173 959441496
728740841 518641084 377641198 755717007
586982321 213816910 985055299 425241729
780009918 776127585 771364623 65872219
25962251 11520192 662339015 68982582
724688316 401225719 559607150 552329582
432680709 426815899 567465789 788786479
501699117 252774075 773652948 557412496
687055251 437507963 689627070 924991150
342340819 227342589 578120346 964948845
683754000 496783575 361041901 208008758
838531285 314681621 643391725 724621114
158213437 53013770 508091548 755422974
280616787 204137069 500376977 564089005
969009498 622409733 401404034 436048730
136280512 20225713 495551635 164279467
736525015 706305971 424915350 494044904
755307271 187217223 891749898 253565894
571769869 432233071 206315516 388981350
42840326 5005821 650726228 600262916
732053893 270673648 737110736 195549542
519629693 66872829 576452717 333457916
665002797 627855801 617141954 194951359
285085097 170924709 658485557 123425423
723780235 494437378 741536004 823782659
619954969 286693369 193106088 83852041
176491874 11941934 794475744 922421553
954481392 905339272 272982522 250570500
203793159 126450053 361044942 169729723
81430155 25295095 73807310 476809347
432670163 335883148 800692246 432949775
303370608 141546427 856196360 328519654
833665430 705092454 619491323 368730967
118748522 62822662 575412896 170026201
246266787 226248677 202112026 80175493
72451569 53685277 937460770 567126321
262216540 205573385 717330246 48197897
530992298 152110426 786637510 907231143
378791963 137851147 782162962 39569447
833990856 599384530 891793254 980063545
947490997 882207652 363238825 683608443
394762300 361100209 182018676 154467302
989651057 706740562 951614239 350524412
668075684 19765217 373062758 189563309
707524106 99992154 934761983 856317810
672001118 196057473 153302089 321346396
772966707 469435301 524486085 969241161
303382369 132064659 809605529 558311965
34282582 10160230 267733281 601189923
851970070 194147884 65160957 562722827
808564733 192055390 704820100 223472593
180448695 157601123 697046873 466398352
697452751 415969036 640638556 535166431
348826074 272663057 363424917 615599201
137823157 19433541 644856629 647236785
509749594 243257011 650920142 46416999
428154440 140731364 962081325 368117021
206742553 160661784 397712774 22183782
552200586 319840552 724057692 266957095
450495137 368137193 647520849 82944578
76516572 35202750 579417331 846923068
670618694 9907964 68478554 55609629
61702313 34696977 92447733 460899797
460633990 455656568 527530862 801922365
864877574 267677605 970994113 701491624
190338672 64885267 138063940 781855839
338557607 231654237 784416409 18199483
373821534 217924960 715345986 506812250
431855934 348774518 825887461 244607020
595729343 303219105 893057957 516462174
440673233 197095369 843816043 270585680
110311762 80813242 299817233 396976187
213722645 154206382 195142120 971800141
834200048 764764616 719365568 839480997
106999586 50772597 433910624 234912762
978689306 26198678 538830787 118201858
796036202 92349457 230244258 469372357
195994984 47632403 868666202 50429081
914649840 44080018 507504211 30915698
387686093 248334529 325364321 546101574
802819618 535881018 578331166 192993043
421846741 343978460 361173892 547854219
250587635 96503529 873366704 75543236
592642300 192148804 705362606 643838638
904767895 501108379 959818227 418497994
564898932 346792762 847517039 59087769
470880133 259556660 953195949 280754316
708234632 148372273 910962437 601151316
697660660 149847594 445158369 24879948
935021403 893828599 484983231 164295643
727613268 442763644 900523757 416300181
368821905 161483304 475642996 359092838
931919617 897644479 472789618 987377491
452478541 57919502 760854671 331302585
104130797 60681127 953600795 441890903
366523104 285322679 816569863 773194871
167892107 3060954 882262877 285918100
88815621 69426613 457282387 473843434
983352436 375268506 327136441 13952641
88310560 2877177 751338626 116947996
306005156 301300816 91499498 943303600
226891694 18667035 519195226 467611729
908289614 79306205 247263184 493575942
810114827 565777757 493206172 248872406
92881008 14904667 978866673 232553625
269832498 7242541 837126548 501433905
425387771 178324731 479782537 17654010
989583498 612664987 807959705 421736631
540817170 216407226 910431551 361515241
605995459 265308541 821886254 608680173
258632174 10214219 567599134 127317262
648927768 410993554 708069234 823902060
785722679 29643295 490301260 214996921
74056941 66075905 983900784 718507646
142929491 41112763 477003104 380559723
834570478 715270346 198243695 587408594
984566535 646134374 627120237 952315192
222113884 133886999 301073701 342154171
486333085 369940283 468349043 44927327
293093845 15752342 619994192 881243959
157444888 14519831 732124959 54850105
746484618 558641988 359837989 1533355
2004496 1328340 475765946 488519589
840396860 470425874 870756767 577166297
628196130 288792201 408797266 4747989
259801235 72722362 472685642 572027016
386666430 373778147 656845302 779263991
722867417 593279366 841411814 251771658
851749816 226835607 649207261 58519106
60444335 51942562 124940667 404649874
531817900 56794783 825847938 832693817
182498772 33323195 561094962 713852621
524610803 409506656 707718375 674826555
939796741 747344659 983201051 771753715
622391738 616315256 278474558 716264224
928475010 585939457 737914838 144751082
876099757 238532013 36910519 63246556
981668742 248750984 833168321 465264765
313379432 100234350 859373736 433183852
554934416 139274186 704544991 976900112
647639896 135817108 632052204 681358126
174880727 46754655 258448423 203500702
37473678 3505964 157325961 982829081
544153000 39586759 768783297 409594524
146811279 53039506 311940567 354377465
280761295 179886386 456719398 288697659
437851608 142914908 648610505 41986022
148396299 21526587 935956483 889519170
627271606 538316635 186584878 268023022
136318940 44891803 372954195 993694191
208404551 101923323 928640976 245921031
468139320 344617127 836279310 206497839
469186114 458877709 190643725 94587163
873924946 819732063 299999779 656309521
239546401 100732798 941269330 390422090
441819509 373462767 102233560 715864013
113634070 101544406 702962838 55373340
742207227 585478561 697864826 933059817
258146160 160120267 100740094 30203096
334241219 258247102 584889314 687496871
75906552 16413627 262962271 602232743
983073665 775266902 820986415 300566437
654536218 267901152 994814436 560487775
669785162 339077123 669981911 782362753
199350061 192980440 686364177 562480312
474590130 154613099 703628787 564579562
384515984 160486110 690968219 14711543
272627738 28045420 405192049 738790391
491170222 327070623 745988929 413596702
351665664 348368427 138453426 566821693
161657232 60455042 469842100 628788039
580874606 400718588 378841071 820573636
704254217 9621434 897218436 893831670
87843553 81225107 355950426 185923929
343890654 35601058 203054088 13119575
167687582 43089179 915005751 213185806
782305309 89358085 96482166 118760491
571168158 4201136 683877824 356984383
523409673 426863227 364733929 378584607
41568440 37053590 523578130 722329776
476338823 408411778 575056338 379772924
993520636 713061506 302453408 879932499
582340279 79847546 671990227 682671040
244005331 219683586 35570897 393760768
222775805 110692930 818093814 618109556
267018299 188685294 631697183 245010684
355835939 23198475 457277279 746946249
622090437 506572457 391936377 797698951
387517898 49223510 839916116 428485830
725824890 367594516 122619105 213334164
855302281 687298100 692104911 85013953
102169072 77541326 839190175 808275
220732108 213716684 567258946 918092497
522741275 357429206 727464908 158703451
265692925 70962344 258919917 853588866
310098692 299866055 555170218 22214548
8731517 4929693 959911853 226514231
259861322 117386178 439783064 892042413
226775277 71962793 473825949 907121899
434181422 425959620 169389855 809191755
330065535 106625164 949756018 596816314
865617701 571350568 976538818 2438195
706853260 27105533 844156637 628280345
382125023 259749772 524868895 4540549
680445322 410877978 809250194 920121678
885715934 405059295 547018738 725593999
806138774 153681675 654554766 642571614
992189020 843572115 998972793 287414200
927056581 201321825 865127027 496680116
631410567 345612851 308168107 391887817
514355658 151122773 461036271 641700160
454967814 136533204 774019831 552352579
147303413 134161354 766792001 147257483
430803469 387613157 724370048 77559856
366385916 230774462 877999409 154265202
488057112 480644801 877800966 302973694
648292361 588132980 443830406 866499312
843284259 429950600 893137623 174693765
477326778 463184329 544290005 761978018
173889836 169419319 23719237 326807610
5684771 3877091 345867286 430746712
324246031 144375819 846891856 702819036
523924187 404436185 150703574 99352403
252236988 135480827 283603203 49578676
20999029 539887 89594736 408524814
141574399 73761466 822712436 5254381
98297751 69026016 468234324 509312031
304458844 272741554 66343138 777572674
272332007 57784995 244744757 177003193
161193913 56615107 453345802 834410515
815170921 788551635 75926785 341266219
282410284 39791588 863546184 24274345
245234058 113208359 605774680 625446843
164470442 82761347 848052268 853036678
343645044 205944983 744197081 38409814
567134737 233306765 547474356 96947007
841501728 627698881 954560449 102933719
335080090 304186768 366590308 694134394
409659249 26015987 853685059 711883063
887616068 308198883 737455594 458638253
859896521 695443319 486627410 131983587
515438112 398927586 370057224 917773566
325317111 85895930 559044413 386687885
890655443 853414953 836642611 807313799
879825228 37523497 889673831 417366092
669330513 223977479 213297668 61385854
48979354 35803063 818738470 935513781
965969093 958121351 857636769 549577347
948007864 217600706 746477295 3961066
541493437 493239366 963570002 628761801
65677147 41418959 541967298 12393573
693121457 173525723 944054161 572501838
249855967 197092920 378318328 999055598
341843515 132007186 338287055 949975693
585478596 286735060 68993369 55726780
423330851 237316835 400537789 654359047
677664100 173957018 537121155 712808930
614872168 495332248 268170746 648330731
761833556 673265488 745410568 140320478
255144797 173824545 700341669 612316866
205701507 123292658 380011904 470019895
117962017 22017792 943558565 707135544
53741954 7455582 947346751 825874430
901957641 847798538 196073709 662315995
186318591 115882251 811934390 308058185
734357975 108760422 968161527 895377536
980438004 485579925 220553366 196378974
945890957 520657175 954225878 909932801
868470151 205520411 188717283 433255143
80022160 5294953 113631751 896579823
46428018 25732159 972400858 124268859
255460524 162465577 888758180 800384054
489802580 122028214 406528792 333694213
179271793 507538 926158442 104436259
710370385 572368652 793019834 51838800
20346354 5795991 234585407 320279888
803816793 595934995 569202858 679500019
873345049 38570701 580644566 128099353
265151915 193597767 615444977 24043554
582438621 130536564 928542591 220062671
863002571 397004568 590338805 508642929
511365242 466299815 283934968 255399779
620932360 222959617 654581953 42922694
763614235 344003245 850660470 71583554
206242563 139994404 666110591 52804775
438562147 373925941 94651412 688371122
317944033 107612746 738375998 756720039
855990991 694420486 978984203 34436936
216566995 119465565 392297696 182531115
526480632 513545141 461832058 939095933
533557661 436903043 960427919 156087984
968665699 702263520 864927181 880851969
190286945 162090405 150070862 528400493
234733868 193261554 788217031 337698469
194716029 159473437 89104363 653334227
79440355 40781736 106544785 222761166
350304489 290008866 846462182 262973228
15999214 2684040 95710698 341045332
405296825 320210606 325525120 931974777
701635649 400799231 803528619 239441281
381623212 99477423 522462604 375898168
271111260 142857141 912731249 870542623
150044354 27664720 640165939 999411700
857979180 575359157 668568682 385884716
827541370 131912311 877366676 537556867
372616090 33941799 878379056 292355027
683320574 18938468 197874928 114574023
613223112 494114149 765862598 355497386
260309872 185759627 689593795 646208394
817680415 156508196 919202481 138885059
564113367 352081226 913872315 296793392
585748271 112315751 493413220 557405245
519399416 218683747 318251530 453037850
58565518 26650553 110182284 498343533
299072278 179287897 651544991 190007830
579650318 520301175 457743214 43917804
123136455 7203940 811598951 849566051
700467744 341400142 473322610 911299433
319054036 210099852 154733185 458955386
459883473 309174994 512543008 657448601
251409100 45292670 680144702 489777981
948859159 614197343 797608668 696762285
110247734 43332429 208258428 826524212
643685027 138659224 948191774 654708994
666157672 455423229 553241560 819223253
203689778 34662585 322082713 536642761
763640580 434112928 613534201 951485320
187316745 147923108 235502364 839487
78696937 27405274 453737077 818554538
903930302 493542249 580314096 167650283
508054693 377750864 179691348 837190079
606280607 589024650 548948817 662661296
878404094 781507959 201820964 580331228
985150636 661553832 364212033 459106795
71899224 34863904 930126415 161686761
575802107 452508605 802998814 782396595
740768539 101412009 999986482 173745771
424442504 206203444 396317395 908131509
661437102 105486684 594956245 214593130
446065408 430236768 167150261 248537619
103794761 59045556 952755487 135588237
355171350 354937623 652055715 154758385
172753762 140943393 48048365 670837170
526150026 423002509 671766270 692505641
734520431 382558289 838377187 919800680
352879433 225098531 777347011 970294563
350488401 310836921 143421599 44798557
911406236 500239324 642144039 482769387
836616679 781048347 548362301 867898431
60748717 40813366 916186317 949854911
987982640 966916101 783996188 576171088
286186227 255267993 606859758 661716539
455109242 195940515 413228703 832647050
240111140 135604972 725703377 370706163
584358687 553618072 179035818 634672342
409285432 409118005 827913794 681395887
100273605 15851617 295023430 759200278
20469560 8783393 955754071 647957028
791320182 510510860 853077317 708723240
290687521 235586575 81683292 205506389
627865541 317820740 949375544 801832761
921411038 659749830 496167061 875262230
195720656 133450920 255165612 724201879
530729997 205071615 626300137 142781233
527549060 182231838 636025861 354200845
730668228 362040728 880044468 833272637
598724777 230629642 626817649 631624180
621215489 388126075 959381939 935579848
418983527 260736947 981027229 312773797
541158657 320115300 660505139 413931080
330308293 293916205 887810750 752383600
905834416 131237678 509014403 156110698
324742535 301630999 936801095 819810726
418522406 49982261 449760368 479051295
945538659 1933465 164273971 768390478
471363326 17244968 889435299 22761331
897630495 593464919 445540802 993438982
264799394 30907341 752010127 104664323
326726933 65656355 817826596 30286802
519051878 178960440 340098292 586664230
724763417 187557131 609247739 76258893
752726031 137657352 974605793 402391371
212114743 95581530 713913971 700848691
675649197 182821082 867458978 441309074
758862433 234347258 333730539 104199275
404770592 314919738 782555231 155456219
811717677 378295591 515441784 479311574
441433614 157388682 677631853 202869023
757424218 171052317 672096753 315192268
67984572 25722813 418003675 495814502
146572089 71899456 294334554 666114466
200097154 29781957 380695729 712333834
446025130 71253877 98913562 265782306
502098839 152735310 278410919 45096082
807095810 425827937 559978638 97339332
200642034 164225226 489513139 239381979
380866922 175616023 390124705 296988675
13027787 10362146 495428268 523127125
233729742 76105541 885570598 436820323
331981156 246094274 389234181 240179368
996646220 522956594 974283781 697624214
42715844 41099243 682220501 52043072
190953983 121818627 692881175 837663991
109933447 1293453 274987136 248242249
441027931 39395926 171470288 181779001
682771602 600105946 99336229 337088211
236420686 34440487 556430364 569583753
520384614 444983291 339553335 666841578
701976910 641581721 564975340 590917318
633370674 621614798 286108491 496889995
929770274 457216899 627796283 484168609
261849604 115970300 489312134 694834249
803887776 118706307 933275104 309198233
32510467 12526224 932961095 54778022
722697744 417082078 319883842 649802898
884835183 600778266 451126041 741400831
194169730 147420209 159742329 70927452
817671376 653436889 307068147 964464225
224696912 56836324 499548467 24288216
512180915 431486685 468780676 491174037
81003101 79121801 500718164 365952848
359869649 99255112 412510538 778560700
696704129 666613265 828271497 925916573
192581894 130524672 344236246 589758522
310007126 1321216 466405372 120179272
581708936 304921823 971040415 381494702
449181810 187675617 914840810 339513069
992485093 147270476 613880670 156608450
592610068 431083983 313294217 538087791
299572838 248948025 318486317 283661214
468769608 457434873 954688063 215792754
35816762 14793742 79077675 524938827
781247141 722496584 541901031 604339492
634763630 210821018 689577259 407778882
450694591 403285661 572090465 861705507
786874492 736961173 101358870 747327035
933894017 679022572 675573499 80423506
694894681 256986685 792494139 984086958
842046392 75297125 316971046 372519555
439986530 414116517 86437450 984720744
226534828 109772839 558486536 569075328
308663021 55466357 707311881 75254347
188518213 36180436 438406800 866384567
156023197 110580292 48027815 904621516
639107176 327160432 393142108 229980679
694977328 605345536 229338927 993449277
668954831 596817301 476207305 933949083
283767977 12531831 919105267 201747133
762420442 488877500 865557137 324345785
989812838 80657115 732837533 5862480
288992240 50148217 622996518 206965249
901946498 630374848 843035270 696079781
516080293 199615394 584210124 463548210
231114868 188603078 914902124 214734405
260466712 148414058 336769866 307688041
624143878 188597257 623673441 799224822
862698413 296832486 927175733 869661397
337639729 130235615 542548676 777199106
658878363 353444014 883109125 32086137
776680971 488714787 882926987 82164995
450645730 305374699 418121778 834696398
894888210 893063952 297021684 579280601
394958555 273532196 999894804 253508599
210642090 194124653 513215326 4940164
204833281 33247526 851955351 111555373
569050557 269697082 346574619 797799467
188758196 142144948 360894281 51938865
372226389 114289894 431315844 154866664
960356885 902706012 817074618 505686582
658055243 243741974 601700414 894085318
663536735 314964468 640055366 332552568
371034403 131706024 531021831 871355319
674735210 200715717 681054047 798272444
75060994 41155538 181958435 443049163
446002011 291465961 286138692 614526087
490545347 314218771 713059064 709580780
765804298 276263391 752832885 146316721
930952273 876644620 328651543 630355532
496459104 54944014 889578441 831347707
891387593 724157012 300289716 786302631
951692833 572753290 861106936 595351678
242641020 175287714 268636606 58256712
729302375 218966639 644554560 225982893
877258462 344606075 955877153 475848084
649044909 535176672 617272908 385499001
803323284 606059127 217141087 409527331
28988784 24201173 474673057 659393085
212173896 157284812 79527371 845071391
309485444 121252483 858359669 230238095
658846500 512107463 564163507 501557093
542637419 391985450 277648013 660932182
173314393 63862135 365501431 183700593
247024346 1316915 750548922 965768730
769713414 689094670 387610303 850452148
372267284 234224538 979560381 890722919
982632453 81964169 519548750 74441871
996764925 394079043 667268700 979234479
180284177 1665628 502501054 74726892
392509570 219305053 264550142 732452295
232134648 28597828 232668142 642758520
878253912 850843892 258359749 785353136
986457504 73617811 178885566 49195256
269890404 258346496 859305372 902863240
706117390 580318515 336268720 126940629
499848875 376525158 124261431 472474226
706373325 327624041 502657170 668320419
278587544 224396006 165904195 822295950
362284113 143534741 632766002 355359970
233775694 2543781 784541482 171694616
749855063 632225010 143317704 462542924
375886886 112163333 936904994 70923527
247969249 229721085 623951883 322332609
701369291 157120413 91564246 27683949
582324031 467346686 267045234 961054400
261009661 211184498 88738805 152325813
65235766 55744184 175491899 522661731
972594749 567890001 445864456 965574424
176193703 64368066 629596604 474205838
594436681 327314021 526143660 194901480
262172585 130279074 671852110 519870798
755758769 384080259 646591753 842431765
30826740 20826493 847829031 663340443
561014501 489070941 381849737 192746984
642357588 575088207 275820896 665432300
454510799 111530029 545989709 299374562
195072228 147654698 299860718 415507998
297281662 11845354 488086045 154471704
178055279 33484289 162583851 787320405
283146811 266746725 472365332 88596865
473482268 276765546 205442920 191615198
803777458 152928146 905724934 363963749
664236640 357605436 612770693 503883414
758714116 133751309 722637892 75530559
785395402 557447724 955100885 806525537
685798145 442521756 298661898 464490676
56323035 46341620 79354933 648631829
58878223 33216703 425975961 78671516
425222493 328030062 477181218 358732960
853863527 234020458 943586246 303996814
355710508 306469895 182390891 776656290
605987584 448679108 502132499 651191953
281460022 152922120 949271394 745469519
955358015 882869632 726636117 764947366
885068481 607487652 885494603 440232961
294493199 11748013 686786064 113632877
345473400 273240461 106121432 801398982
494877483 87339083 919122200 941063643
612049554 545283338 696940416 602059424
300281085 32323461 561476439 882852215
495350774 378408323 772336699 482274678
607834663 59416060 550119188 263717799
449322188 249771916 202748384 864954016
550307127 149358769 501389739 218131162
975231992 754203467 748071916 640593726
809435493 219644308 947063249 946591289
394824505 304977214 198545745 547759823
180399005 149992593 438438464 921928650
683843166 302845154 462479916 128110601
593782354 483379364 548374807 718431453
465093469 271956136 770594424 867870725
812352956 805195467 473732891 179834012
353227820 64293442 510015584 415993127
924821756 694807203 636099208 619861096
907870352 606030727 658552165 308736991
540532289 494327123 78295488 784464962
120371783 32901732 752276301 327853203
262651140 121300793 243734713 302200830
638214135 345026476 704913458 201468070
158942423 99830402 215808215 745474000
500202702 57232305 683140164 908352433
194399950 158437796 678937255 831440832
301552776 31789277 420243016 312068533
105296816 48070313 73611165 369158973
795162767 80880400 432802218 231638479
321041032 51436165 911072236 54772389
894582445 568484856 858475819 459238565
319943095 301684464 684977667 824892131
607816677 163047328 692219688 531327889
643351190 315365178 388127998 726821834
950585367 19454282 450539078 393458544
731432612 212471201 268722515 88928293
5895165 3948563 89375172 408803539
898509365 717941094 507535132 276253343
3271150 2284932 868758244 203368011
90970098 7370747 470949053 508255848
707097995 90431819 468195337 35319176
586667525 520746446 265243231 763221633
278813685 103125999 877679161 843398103
607748577 514093623 578182863 408286219
820576036 701448056 584678823 455271454
224292768 212652380 663183691 692780354
996355586 754090034 929330143 325798934
159687534 132736959 476329643 416014240
301805855 232827198 256226747 656722379
594005972 447164432 805226112 933537105
165054701 93542432 379948183 238225037
262855147 235495774 903984932 907122571
624883355 180708035 673822978 916656931
744437511 367154082 377466658 707662136
399340028 395562397 816804564 569516179
470037206 257349003 333737412 801323786
301892426 58879469 765967065 450915811
928816589 740175692 229946061 902798043
982518490 347892257 870782110 47207719
914862343 79942207 171527454 555859435
344593954 43610137 393964343 367405448
211692214 775803 628325282 967900299
166692482 61405500 879070503 846643362
506706810 159623491 770064953 581477868
18178368 13838582 712641331 126950626
368240136 251403221 767523709 811028351
90887675 44678325 189320498 609696848
371603272 301557567 440153241 345251596
137118775 66196404 362424258 12168644
502584478 20047649 950049612 47964669
961033999 876946238 957042627 367995475
842803012 783251649 369063310 834382593
843409316 624332338 969760646 645641140
448897926 273165351 288704737 467611326
738548468 694009527 809343214 490101383
276018593 257631667 573213620 870008559
85523292 56172650 445453485 869570574
954493505 496878861 978003757 45553059
153271569 146762527 373507373 482484603
977222192 358495497 733603237 402819742
458851082 218776987 943896811 138095108
557386511 328542667 299848898 13508623
797255856 456484072 638269871 624677899
618685125 594818292 358490504 103830408
721653899 191679664 966710141 881056037
624522946 80961226 558071589 204757158
398525079 211054006 309107666 985448569
386452477 289741255 799605239 755612101
574783227 280008284 947779428 672232197
392557360 287276712 788341842 938791323
262622970 160422038 102263589 591156120
409702413 326039667 420085514 268300945
287737011 261300381 425398186 872796833
568456364 460334764 301195016 882509922
372499168 92962304 573655715 155964585
154203765 69469756 964265116 277411661
380333364 190203119 509654186 499125185
304708386 105675975 779065107 44214543
971068316 952324630 340078976 958070120
973969044 969074180 918467141 229377231
471218679 293884235 353780441 352691827
249505975 101708578 322393415 332063004
542580895 237055488 384820501 49393276
601681008 549218381 278263900 523328768
266213205 189502340 494436479 977061112
204088277 147435340 938247157 147594668
980204061 886395060 277324859 221540336
129123978 73299567 234993795 112459819
433127905 237607884 372772721 763988840
501000886 472737760 75133188 755568502
375160488 210944643 687193711 568945142
163947693 116441002 357569869 67516126
816257828 86456904 779402179 416270192
779679714 400362676 320703579 3996305
400202930 11985996 622600651 365020431
102730297 60872353 117958422 101142684
475798518 388478037 588742653 941491136
376233299 288531307 266349297 888901489
412904845 105855751 482625446 989284091
202647529 153856177 967320502 810766136
408456065 264224434 865773802 621513104
947126280 212186957 306585063 422778548
246615394 229653311 613336350 383458900
298369322 217188756 239957338 160536429
606312712 111087708 495904077 742815175
728273370 635972249 100808705 258430183
810262617 21937603 890791229 25448798
287540904 251009800 945817815 127748982
114611729 37969249 579370776 926343377
81070232 79610160 240334518 521155441
43457335 20017507 408143803 444487757
979055567 771183232 773522077 518507879
240518755 107673528 631155799 131979360
241060798 187052579 446327358 750072027
494523114 148848569 638328424 882780299
97412166 45558768 995251070 257843262
326085854 223227925 154419008 103331982
766119028 48831756 564471772 121312207
28526066 7578461 626174343 361841600
134675190 26322657 510331518 711319272
616905733 494727597 983854087 653170231
899943759 739540557 172274590 754454732
632971462 159662300 965249460 267247774
482038011 88627792 999853158 58495969
21447520 19237257 156907710 94643084
118311482 100811878 502423954 24326377
614901386 206723222 866097803 154661088
395974707 253155781 802026288 744590996
943792698 931635406 814504795 493286689
91964756 72348568 188889541 91943382
500524777 307574965 313178029 936536763
727587343 540518944 308509588 824766363
184280945 149854575 662036423 872081312
821038425 417678957 806245534 177527358
674012653 359000046 649310986 815797820
681325779 268650749 430809250 489166605
478030267 39977952 548762169 367885620
887140747 93237140 237971889 527482896
64510366 31234045 918842049 111769095
858377793 589868053 366781838 671423562
405374225 395160241 192058556 883162835
822715767 743404668 568986702 365646204
735623147 130285465 276656747 75507723
936874467 243232673 389736317 147430752
196268625 189931620 727693670 686843000
425264332 95181507 952227391 423502908
292521769 192454183 256302316 448142307
865639277 311376651 856800832 210590477
739755485 151726309 868060823 278758809
459293964 456726162 334385711 780697420
623704750 554552914 646855662 995296958
885757958 408959902 675398201 308222692
898214594 719348202 197864336 307576240
679054516 411657012 850318049 341774091
372710513 209757968 721750773 818575335
895935436 244900492 893992574 95345379
499117122 459180216 872337519 545706395
549548086 458421098 735191247 951931310
154562741 121721194 827875155 877685404
285773109 243805288 588760455 528123835
738357638 67358525 692053075 28937515
923897515 843569246 405967043 462753145
839378933 360608090 607072558 836654162
679878267 570272298 655422539 967611223
986920496 65837593 310928892 49055495
114023460 82277220 153715510 799984160
722295428 517218395 712837984 546938579
693470672 455305297 259705157 371662247
719460380 487879295 926231795 264682006
776747087 456225321 847003706 312478568
357376038 280952038 784790799 476715373
138134490 108846408 619588710 703421410
964272781 111400264 165182549 561239564
364413360 92014015 284050438 206833148
719788944 481542247 794141561 242279518
66828115 49735500 258190175 648279892
71356055 13817859 86363814 594193728
142591206 106318260 290967652 888628229
597630385 55029086 740926322 880650900
555246694 354467430 639609772 75330387
860780729 768359474 908449687 415773248
105122026 9904437 175893393 731070381
479629923 383479153 847040517 734621879
164859610 104686913 737699551 237634297
438348745 72150194 87573004 219733285
206180777 111291194 788628783 837079122
386609120 250250601 174377749 555859481
295322385 83886635 859552438 222196356
833505486 532053044 844270888 784520379
970281647 631847315 960980527 316107384
290388809 252543401 666326665 351525963
674865125 570630742 382704688 424147870
273266949 148115272 381044222 886319470
417202912 373124659 369653087 428787492
684890975 130983201 708090476 888267201
143367585 85626503 296901468 361543217
249373947 245066604 733305917 892614108
961503743 842177520 489869106 875458249
973991523 474187566 844929884 554442889
868418468 575511134 857408134 347122632
586041523 126507701 586440894 931841964
36948992 20965366 192705203 819288309
273217344 3086201 682244368 555846408
147246474 6089424 232842968 823012254
340710110 257601598 425944335 658205834
592729141 343652663 588989901 589812023
389670620 45619683 510639865 692158352
836880664 628310831 568360424 596778703
342398188 44287227 938878959 471658940
421780584 340443824 145820416 623389555
752234 277466 20584116 759599869
336361324 174786842 174564456 663054604
703207545 59032782 662004913 541860953
380657136 242035978 838794524 947608335
37950585 4260741 579244821 327712353
837107742 202136569 645675704 495582490
545109206 421979438 165588120 850763328
965538762 527716368 947015716 698027217
519666507 419749488 403952190 764612364
289612526 41324478 558180375 436328073
306895563 162697119 515505265 665582387
591392388 125966111 954263855 615228226
10484616 9625363 56081200 204743471
798878302 447958866 577128184 198566105
690411398 76019747 802537440 81597519
859971480 764384578 310112513 80519032
671151630 157686171 554611210 19099451
461428194 244916590 353596576 247473855
110645338 60693995 985283170 256202311
662286358 635855709 101524171 525065107
33314367 4559034 49526141 705326248
160828510 147508846 410852954 791056927
815823337 787818642 478604487 603782508
889963515 604448885 516728040 72355771
200740345 114647332 582316261 398090572
714013970 603841686 588137485 227759959
75100435 43750956 190563815 991827759
555869130 244741891 669450849 488504807
898957973 775803059 498729403 670918481
720217127 460079363 674597226 951299479
803409014 573854538 696012184 577756144
231838666 229484438 136448020 609653041
614146137 607786173 455813830 916567183
353119450 283753463 885157958 283554091
713098610 10850277 714157801 836027170
78460853 54687859 88229001 281942325
463326380 367254707 703975483 956984866
75590630 23527236 480633592 236779472
622868961 81261629 907039712 57060283
893587225 740739746 867621627 727091703
382716139 116194651 592203347 478949028
752859750 401032588 784890965 965858198
906324576 583134386 353393812 1043133
197485503 45746980 856396872 532663145
627429127 479377503 214544780 223036013
541245310 335235519 987248237 144305121
996195889 879845823 743718526 536954184
314764415 310619087 822204825 738664393
941580516 461893507 127283035 257763840
521079365 453840257 574236182 948299460
589459359 574508487 877157338 786372606
268289716 223348726 303501635 39388320
113442815 25669725 328148100 258856100
815782787 387132832 591168121 890721993
99996375 28765965 236009517 847552196
354743034 185639625 592066750 850848943
847486381 103124438 359674947 180053405
860218259 447253887 739304496 917618827
974819880 804222546 311988798 634064783
57427403 1878116 401341970 812105743
721286861 606441350 355821389 349416829
34872480 24812930 365188723 700637342
137085666 5285030 423522460 3435241
380416329 222385132 374329234 481368498
758868428 670642565 443392895 816742113
908159909 730545424 263369732 32513469
803125972 785529139 224413199 162145849
838796341 801479790 916260920 759844856
716767053 347730414 958250845 943882042
699170525 677641227 687449311 250817418
45289132 38370859 373508985 471167530
824214287 665696857 560797423 395401011
976677125 706337955 814941761 643065526
878707366 792675239 355696346 322459153
620954306 582641864 224904509 69121636
433545697 212390588 579046430 489577720
616206344 321423770 673538168 773444242
602821008 254078306 672961531 512964929
313833371 268583420 918189987 444307186
59327236 4750941 481535412 433906108
356832641 247737296 589388193 99770089
265765871 177516457 225232149 223387907
432583836 28265563 725553590 10153383
562628251 21571451 962005199 748984937
857341343 422219921 655406084 802061552
610375691 168309673 777245423 353588214
180470860 94958853 549010509 812384540
678333737 88174142 543056438 39987859
380300667 252439954 716290690 609746964
133805808 79863610 822672751 657643355
393501044 298327438 675656247 836173541
948538428 524831174 749751146 140673210
5454837 1950202 778228642 84097675
808800453 72062236 880141046 62357962
639785226 86492180 816879728 908787412
607074909 220743597 473675071 793330641
586540622 492457442 938145473 125157949
240620079 101555778 176859046 640393076
781247166 328105265 746079441 117937159
228982838 141386111 880135340 48014198
622343365 403441174 749927473 326840570
183425638 173237670 333632280 957095919
945580098 819017822 821314417 548326321
974218699 473112742 566257801 136645043
394684977 188873816 584906275 96497940
202574579 174912837 801950032 534327938
150305598 701155 782376413 795224391
821840104 304644447 929573417 773973800
861298638 630234833 369823190 84665721
593291826 357192817 344266660 691363499
772660500 671117089 627208895 53903661
683651345 573248975 360156993 635904937
630446593 279827374 669631427 527931939
291331165 73593387 398275194 765197791
262531052 145549888 706150454 793122364
251911382 18238591 26003710 4010741
130923562 76021514 650270375 181905898
263438389 246658336 712438576 361850721
344718924 341262584 498000942 358273095
825152671 589982092 825993366 86457950
638163535 430837783 738205443 596476988
950865970 940682108 835281559 594065343
777638186 459052060 291654016 8679761
77855281 18615047 459074356 710023096
390969342 228509423 277705489 298561653
823684342 605184987 455738587 977885996
133962304 128838653 921488948 50243817
731925174 615902897 738647248 470810505
58250315 47104118 693464109 505203365
90432580 11074558 148095506 727787991
331462497 82730850 751871416 270869791
970491237 731945794 598710975 245590820
261508361 131245006 310411022 772988227
310315847 105600927 956653836 417338807
201874764 25948348 781171943 815979946
547233395 429068887 36330697 70342899
495931008 449630869 894325581 553424684
791134249 492374487 524404343 794505417
591628907 38661515 665412542 46537306
350228508 300580004 66814184 713148284
302110894 269206400 578805249 871485744
105759861 8660016 570708089 711169521
278906682 118304568 168633655 254648049
224784663 194133722 454138103 519812994
733505359 225816530 994378593 559955136
493959737 246644585 904259218 362656613
202372416 143057189 705492107 870799334
474478069 418169098 358954462 417612166
837184027 14972017 484743743 74540843
537717987 133894366 574026625 986065765
889780143 827166060 996487325 62791047
928411359 176293980 981606130 658249735
496166858 16950142 612252329 708104260
405592630 189734647 849465114 593644691
597079140 145043234 788892493 397480655
14899851 8588611 191188683 337852375
660671667 616820749 605222338 184800402
275824102 135976141 553357724 123438561
756110588 685952097 543235775 231020040
553206131 282321089 902759049 657249512
136188327 122345092 394018728 146635880
151092102 98693526 333343012 966047151
791293816 577547071 227903933 425976064
757840498 500357897 992069732 682020537
91941634 48931096 275440540 460893106
383306373 131062451 293432369 410448266
226750675 113784691 540803277 904478082
572256787 175759883 560906451 894676595
755698414 474114818 368255498 496131326
545985588 472173653 968630407 133187376
989402100 989233356 732682074 290176763
224360818 202767570 582756442 91675968
667538091 370178784 742018790 759714817
645168169 433601367 570716777 547272538
