1000 1000000000
909431990 581560665 380197493 311257703
435557118 119457952 377479521 760050988
895729243 441838992 622912539 208774545
758366742 640625764 876239613 660820027
69994474 68672185 261159469 752676686
248013987 231914326 231017960 460710003
68485207 57942404 361868808 503412472
657381033 339405960 904971315 282493039
486326404 243450435 138325957 96667887
618536305 234532233 617645919 183468569
36820365 12092451 711260576 234857654
393823774 77152546 578446676 540541912
99788609 83482346 456969506 369354608
268996788 71219768 387970864 547025545
282079099 146631592 629868172 277818256
272331587 154346525 484696209 93323488
646618069 614600040 451441930 205395542
226433906 54582649 357659174 793212094
268493332 43071509 816748780 339577800
126682060 114826132 690593218 436322153
609635552 553711589 8333051 44964044
270359225 179557101 118295456 103878494
738677281 252610739 84828926 2663509
565347979 386073766 795709578 888552386
810186982 194861966 929480558 723753840
715662807 554884070 569789828 65456698
462307275 343151054 455984800 222930646
674935849 512405447 683398032 281468763
449471154 352515513 217503461 246798333
56055169 49872806 175518734 948089656
599623954 441246161 627436502 19362074
745769286 310915903 918147636 70024042
589725532 452069642 458623293 765952195
709758032 607953814 842171749 372891000
353473283 62090414 505520865 859462776
285202215 145333877 506579540 821918452
67564042 29444999 454100455 342549438
529348834 511781341 287061049 269723530
39875256 20157322 191159638 202243470
387979193 108769805 777725325 605402868
44221162 10108866 230261768 186105105
296482662 65242731 328184579 514142714
425749358 219242703 359958248 762449569
81659635 4539394 685761703 744567338
107638521 20079055 194842895 588517147
407125200 201864862 775477583 38738733
567281573 431143096 923605076 308277355
490391893 241760750 354309583 851908487
792755956 704153490 193559098 694096703
891677522 425656340 807943136 526009438
628907067 613243080 922882779 124207709
927922764 281605988 320705788 737552
644980198 570971993 74756143 327310964
480990052 419806809 481307029 761978388
632206747 481721700 762405591 185380989
323147730 197222878 471648478 681263482
695500463 210875170 201094342 6699468
842456841 785690005 188257332 168471169
77719213 31683322 220261731 715577129
182785701 73804241 431192141 975764645
420438757 92133310 664594451 557934058
443231588 409750987 774259464 91534810
955131422 687653231 349209604 857667269
434698189 434256474 24816272 708074968
756294903 90964418 973231029 271276244
35705526 19317904 332077372 248034098
488297370 107452849 698497748 199630987
450646332 205220929 354258974 944096298
233689138 122872221 806249585 177859865
207311067 121694253 634576136 662061072
893650582 887107949 633435747 949120577
652077159 554592507 420881310 244339552
869702166 698988309 943884299 781230764
309334731 30550945 911988284 666425472
304608961 4911684 453481156 989095194
224317172 94302378 705175866 528489490
699743513 541753114 593791282 232197193
498755133 382284621 790729748 556883349
233732562 189662062 188510851 928825983
92644752 56136776 693097515 484278825
467757434 394409665 523743431 452432620
646965852 590276265 966236743 331157275
803921933 496997938 974801661 140050113
527723653 485383456 310272662 577723436
130310995 108129457 191876385 390975281
911890096 511277723 631972160 295711395
258710139 70745579 986730012 578482367
237524332 223299299 61817725 231265711
179318433 91420295 989563547 844970123
54033912 36243042 534448942 557762507
430780370 66745278 662137817 401394391
746176208 172847974 886937909 753519556
336373064 29101185 571888951 820745392
122387197 96998533 51671686 351744240
700766126 354227406 720945675 756778654
512536925 39101850 855803999 970979126
746978728 583062028 953864316 463639774
852303174 109395028 914444561 274719224
31877304 6751394 212175483 913168880
10473179 1095750 825063034 472443790
984992476 660922110 337668830 580660607
876307656 155071173 822375337 107299001
336120429 80337086 705302340 797598873
686677052 500022633 735377664 997162642
44017300 35664521 409156265 755353202
375846241 186915007 859884926 65424659
164675898 71624640 819446371 254176861
522455206 510924025 45602838 700700986
585649160 367233730 748226949 49733375
860892322 494436708 378580057 336976707
976586333 832767332 817141006 386912882
190648192 66875859 321860648 166097009
609303587 139621584 536348030 857959236
592787656 473419442 737264405 909650062
458458979 280815825 984225037 737986463
352319578 275567524 687604391 721312443
546837904 23584895 37802828 129122691
966605596 532918957 193774350 104560437
137178121 84860808 416932753 410616834
658178869 14219040 396758116 131591774
704137352 15927790 933257001 328641302
670163864 425460456 467820052 32732713
388917652 88432879 425325170 783918528
589373474 241258799 581378533 604081918
693253802 306336552 147666846 236042979
131582066 93961325 612170644 475109947
544944154 116198196 556021034 802557931
620524114 301994917 559223256 334811186
588726747 203648348 883690367 148598897
406397553 42051232 415810463 421907185
367139490 303156686 785718004 58382485
178921604 163285451 780212062 377770850
767434464 649568194 186924277 515854213
323326137 9607144 993012285 737763708
867987885 630399779 844706427 705523235
148162205 17711011 260590763 646128525
624632246 559113167 719385487 552881959
886485452 168912893 951018870 529111661
511206053 164517853 632831349 397019655
620352131 40632514 613879199 110388787
596165869 376984954 434959859 836458439
191666396 134736868 849307944 41578065
560898149 43944811 76300214 431486326
760935044 690145965 429039436 117356201
953237232 671319261 536585458 554509056
274320587 202075576 937188574 474568169
808342627 590114617 387265432 777269739
126367161 91466173 611543825 178959455
679225477 675068800 82057238 171640623
933475219 457263999 960491659 999029632
387861370 110713736 351237197 615649595
472325599 325318201 603481056 698503590
422082966 79352512 251925644 19431553
399747042 151681617 940041643 100276225
212190772 85328505 284422917 658196251
854501593 56858174 809984705 141379462
446167544 328246696 507661438 222138397
208215056 58272223 608626150 595561454
34113514 6224865 923219112 926641354
108923170 28963957 896561556 239129503
825639163 773256586 719725690 680437170
358125948 47863172 775676522 790336435
219095131 197102100 480072279 537459297
448697211 88226863 775109546 395671358
184962231 106188095 191001096 206022500
468461080 403520422 978285821 351841919
513857705 152402253 945123844 537543296
835645370 570760173 768832631 976258489
391552011 302998037 132757188 142913626
814519963 621847091 781685445 854287769
417976456 171889596 830450742 245102852
265191214 213445938 561291723 105030720
279037073 76275611 345071237 480803168
895585632 878155574 242068769 194051589
428216619 235722152 691285141 931224939
731217953 274259733 653055089 238826000
71281757 24895886 863792268 776776096
936046657 614562933 747180466 889826678
779898747 514695621 959020270 168959351
453908621 289723714 709278328 270757845
483332233 435107793 928887795 795338663
530822648 236112329 468726565 959241398
964723152 878137907 396272593 395431401
179571253 3614654 846358495 341361669
133063161 132371816 148827777 876901569
831289694 630784246 322756637 744982914
886420179 656024708 557156358 675359243
703361000 684113832 231426177 309641324
603785303 398596729 752169410 736067984
987793142 833816841 720334544 663041489
957258561 248241183 445374304 40558700
375582397 52113953 887780732 834441042
400677188 81670959 795813585 766863581
709851079 655322077 196010589 881229907
571152759 544679580 212717116 189117757
875778297 832004492 617589256 83927117
45927631 31339387 918476509 460298919
829066236 432860743 177288800 215947715
692057870 45495110 945089056 5383177
804153033 309740137 913252479 478905372
65873743 36724403 501786966 820475441
138828421 95237691 644422729 783517521
115537667 2278165 579839073 488260790
397491602 85528395 523390589 588602617
566970075 493984174 725949183 951752104
548262139 469960747 784342737 988004990
100740893 71705096 661047446 519567548
741201036 491725380 317904150 945293125
755696422 65824469 128448509 38418797
424220873 177778018 468376923 891327887
779388288 437193049 542273924 829727957
87543012 4782555 792576147 800558421
986817097 661228696 357173852 250065932
674014825 368965583 849856052 361888276
776137994 402948127 374182512 727264796
850158394 822814105 760967787 1546120
724899035 478694064 817471100 3936115
62849824 12904256 55626988 625985374
549705792 526465134 673322989 715439682
984704732 461709694 711965130 95786773
611910237 587577588 123043147 417332378
67373339 25579206 257306098 475115363
10063667 6981499 413189438 828622354
659326299 613696767 191408569 931714207
752655179 707860551 175830941 604605964
558570799 522125900 595886611 581934423
993773015 882907774 698874144 183044701
749810513 38552783 219194016 440193108
545571635 98731424 837208279 976958255
412395024 242808364 297493979 494597949
254297809 82465775 376187897 477341783
407253411 24078894 523916757 426217518
974452037 238341566 879069475 621670355
605377997 318641524 287976529 282344242
447542791 237358301 362805623 511236282
653246912 617036834 45088328 767495083
528860949 488564934 743888928 768770957
725062964 50896537 782609137 970630063
757651144 515647915 753541857 977425491
608588424 271432922 341131583 892522438
653618176 145463270 159864892 203717899
377454589 163460241 247605898 7688747
968442451 887322058 612114957 155363164
129586514 125011001 465042496 876117709
312435495 248709265 845633524 56818780
971066549 232283839 830715823 526568388
496343111 80815287 655960317 239963417
763764816 697486715 270733384 296345048
708100739 694908731 661663327 719627120
988330913 675898045 551641139 738519328
252505442 101460722 916876341 118408471
518366984 158166318 940532644 5863958
765645038 274331855 928308033 10964939
883350215 738831412 955196273 624322957
253253000 46060092 727184189 342309450
344006445 267289155 842103461 289137308
860935269 515428940 42926797 70551289
504675675 284206543 913644790 296618355
918713236 145719962 834249894 107014874
180568480 35314386 977180908 205165826
770393716 202131567 915833176 571956368
793999763 640936708 968900236 393124538
989063184 534809422 805756155 66139757
928715882 628730689 389051035 965374858
68517433 42959174 138863994 50095124
434067665 194560033 285044157 763743401
912703880 798792188 841226001 813800076
506489594 449543207 102445764 941172468
100790136 53923195 870115216 623036751
780867708 718589629 494823430 560674056
834952725 17690485 997715991 794937070
180681527 82444101 643192310 397938544
133241836 133118174 696566294 156820415
298117606 285347201 568349292 812330573
839511374 325858670 649734835 334558265
349129664 51355731 959680636 119828631
833154473 519748178 935748198 608084171
519960581 75126664 644869731 348608381
734023062 681255567 486409502 579073867
606333487 501468850 920010102 246276358
385343736 75482023 855069835 93453693
855968289 170256170 928438611 996692517
11777445 8283077 535539042 442904721
712951383 38934936 903622356 69785266
503856034 502062350 818749909 853339065
548844649 45919270 852525880 34475459
19588151 19215006 194538626 563291423
674483921 283774115 693234574 996369221
465907995 263236294 775986647 620716598
458194054 320843648 486763511 949469007
121536924 92634264 106638242 792930421
664188087 34311703 755436881 709448448
694078663 230648662 640373831 283556118
999436428 979227978 429187070 719917003
277223221 97175719 347310464 275353624
149563494 22722957 842353743 164071461
724572282 391941940 457324576 918367859
145715771 24063300 218265051 740086752
782515024 503005239 712529773 625572267
840343632 364541824 595063817 233026620
870054563 500522083 566869511 610926048
120748917 99044310 273077437 948733821
839758580 55236446 937442088 519436657
391061174 15039331 772266290 465683181
575308613 315075890 448248026 695525411
427889107 396263212 134749211 504777056
576135530 499667965 227532425 838424641
311738164 1391684 363769668 555459047
893793122 727224915 650315244 818724732
369743011 358963631 200223051 925195107
633630118 626715876 94733798 989290289
985383456 957996887 80617255 998786198
482979623 162117782 937353175 633123245
270591290 260476701 678619898 308330627
58533305 21819357 751232942 661613076
350810545 225330198 689033420 941685493
38899027 34167541 871204627 419760434
543231755 87341244 769352468 657116997
791507045 101399363 298882890 312624933
944843097 287288409 868514195 783472325
705427874 433600207 813111481 651530678
755023354 420642447 353031729 705550434
256316402 207222513 363885281 738620506
695642616 210633574 988141759 484854598
458358146 67011051 448936352 931513192
502075014 100827248 723919579 165895141
219869324 128078912 915424482 993667616
828423037 215208609 755422382 942421931
73794328 62559510 522609048 102111010
936246766 102617219 523166054 277718277
933077681 617083502 452248987 854876121
901329328 582632448 94570743 199869612
187668789 86746486 695991899 867197738
233603718 151306353 823825689 666298034
210591465 122506470 888123208 657103868
524758648 352579150 483948206 452746705
425843878 321155245 490130104 421232043
19094070 17889259 997170734 581301999
754428249 540715081 589737077 647329452
615921248 337615766 810994992 373255125
453611956 303345472 455054268 827150719
94335543 67266129 898189655 894471164
355821324 144288564 527815584 254032875
104117319 102500171 52535463 722018423
813712010 492484560 448707893 4816474
118536402 2909870 827280055 602778799
566751121 531408273 39848392 10137389
314144071 24526835 528731796 460933221
884787958 682055259 688496014 144002112
915956410 872278389 169732187 984213008
923265997 395844498 567213269 956316497
689949582 234374555 362965883 59907678
585555367 552603360 737486917 893280015
743914673 290205334 334800810 8711059
934765261 337866721 669015278 258555395
816499915 332612475 822869592 605533735
242903691 17250247 503340034 873486777
636656158 513207326 569590445 432923694
60217836 24916765 966011495 958321231
298839430 270191371 134006776 169448500
440753152 384175323 844834546 825616858
385072318 105457216 461592965 708418145
739315952 487554996 405117509 819641267
564512964 326219631 362016704 890165277
959085489 861362534 967473085 999716113
882880012 479981581 510636704 931865211
566044255 86326408 789581281 827072710
789165581 699972445 563816353 220168044
101892772 69687644 856282103 332372970
511909887 498683497 979338411 626244516
512542180 343705358 701158108 851226633
357191049 156033328 409520965 492234967
910413668 4478235 466552123 395265250
209992234 114410270 569755197 235505437
275401846 160811700 832147169 218474964
404467966 284354808 591023206 265130106
293860250 75214654 295208173 742794161
259759030 142939315 441223909 441990771
400077274 64344018 402286419 766591040
164094398 39288449 396000384 346822185
558380228 198468706 667452664 482126752
984451580 412802351 897499920 548606743
332021047 241680228 272950236 79056078
411465240 410285073 205601919 808289366
670827811 612068477 577921067 508945672
854818091 593488509 436504629 123206640
254252643 87960915 901596524 968197649
648399663 523674851 514695013 342996175
136861841 49142561 455489963 268320411
996231171 937848787 878794992 329367827
148464586 44636687 701889710 448761133
667296242 173354977 978769617 448559876
869568066 837922751 46884535 687365654
347753160 51047384 397708543 500494964
587522116 297754249 948512124 432985203
515566762 437939224 461627962 706951969
693731857 320872871 725233088 675090368
276438694 267618438 335608454 121629368
232425620 217511139 243535592 956814348
349747787 178944850 799723458 64033868
978747870 906443248 474557407 244879090
57031457 16269708 763707181 910535491
761497546 746927774 62459872 123894040
362089945 207871631 406633725 822874480
44788202 39618795 964015337 448610799
437259372 135719841 484638260 572171368
403679312 129130719 407978811 775182859
846323759 604273571 519584306 582860093
202658292 114284988 735755618 537734889
352831639 128526930 877842263 95403291
540786174 174516435 312560516 37978939
350071690 172099430 208651428 796940945
754495326 662450595 280001891 267366102
211022657 11913113 857004716 442316700
801514223 511285752 736767916 655313914
370276486 244254760 805760024 921758824
77723871 60820536 275645608 486049453
247130019 128812785 402399873 865580657
45869143 9787344 304795772 506325432
621530753 569514699 167733872 923655956
302975439 94600044 715671564 814551955
630705568 389527891 277119968 367353464
983884106 615405770 776509666 25577541
476040181 285055100 838379167 626769576
33952709 14462960 163218156 88270358
667888572 540902487 545876035 877457824
535867337 239137028 730357106 755483180
997443435 442751853 98989132 380732980
575514289 47458542 743299791 979037441
674033610 623285059 370251783 694706722
516732823 255472076 621678637 186137312
876642666 3299254 873528173 498165355
384768397 159262848 781599192 67209941
207105563 151251037 924161505 271530001
66369682 35267126 967484158 518521891
69003714 35171400 744226555 300375511
229966406 191159385 200874689 171327498
721004563 707916267 438872842 834534921
824359083 214691339 927574247 929716896
234475503 198293066 960522525 37841585
307928136 193135906 413275334 260527296
549496533 485420487 601405429 636669366
956566413 23022880 484727981 375867318
203901448 131016554 286152080 952962577
515248283 51142136 546205526 843905976
876453288 737054886 762033436 177721453
91610677 64872696 767006376 211170335
494819518 348301076 944182259 744839357
269096828 180923227 646349615 546022594
599956318 341397910 642574296 849938842
227558254 225279904 137163393 467988755
147519140 139015647 642911568 954560788
49053112 1206430 246213901 683927511
723563288 54444586 455599311 39697106
559487713 382716365 248461376 729116120
996134588 333997668 866060773 878118722
559191228 245449867 936242575 5411225
988122010 961652089 196311855 703788140
705160733 520160887 756355590 149898377
963876284 339585486 101739766 455157615
187125609 34529332 986437329 36504988
665583506 134663017 970750808 365895928
204035524 115607797 460716306 486669294
411439582 245121575 990241953 87714605
733967847 628479563 231418294 681503291
823446857 547842111 967243252 364057549
568838361 32766456 879367466 199504228
751253133 652360228 475998079 74739553
797066239 342562820 292488159 13951659
286492900 184266282 144406393 498261398
274635313 17696628 789707450 328690859
26513475 1387136 463991824 402760976
901870863 268591227 734756357 531783571
957484581 73744980 207947405 66205270
415233416 231661268 489313979 900836377
23115560 8012446 516109450 183975390
56365640 36020424 911526732 871844069
729134541 667567283 738823711 758525551
73051477 43852520 777863118 251546921
618083241 151665009 560116941 502413592
123345877 105287199 934224017 543005255
44391210 11222597 758839127 942926241
522032414 473786628 135735805 643566059
69823052 33004725 609413108 159140930
20650411 19958330 174077908 153678341
736574865 228108619 761349761 705697680
705778401 410189292 386883053 933889063
574184139 371983127 444456804 816226705
888544267 580078499 540816787 629773964
652835526 617691272 453469341 387265391
282213361 166620804 229881746 508435095
831040115 77967827 374972254 279022455
324339053 1199309 671823320 678622851
928259319 332463685 47288367 46248214
313675472 310118693 228060264 584589602
787743422 614147873 567949770 651515963
744341027 627517472 976040639 58169605
682636010 293580214 737410222 304176588
728964746 11623624 235735255 54610056
551761829 387424019 445810724 530074656
136536719 30401950 869094223 459715022
648480314 522481014 708772341 687644607
218906804 137754750 339216705 446401288
707660385 120945267 807555881 662230510
482165458 429277142 747867010 8613898
863739863 445053095 985049979 614451305
717942372 200981404 309000597 167143846
298804475 12570531 664723965 274072228
304647680 175267007 968067130 328834356
218343454 26151886 894630842 317027041
420236966 85665970 538303420 618142785
691837541 380898785 986544523 380977759
785864789 181500704 621971994 419276215
392405647 358864736 573167289 541419104
871167184 732430206 375175768 877498208
903832944 593452807 567235127 444452915
148207472 80305716 601801651 666793006
296652721 34025780 414289300 113635759
428720548 229738835 562262692 607623074
122142665 4084948 903789455 423039464
389144702 130110258 762949729 919022690
725039105 241882935 729136760 474662270
268529337 83328353 639944900 418598810
721836941 85272480 811065507 546739474
78247545 39211278 114903838 659673900
138329347 7655583 645956034 995246175
445340965 122897390 774577704 513667883
569414451 21166449 589666817 856018380
978076064 596101575 432623419 515047197
897463454 54706807 416223517 156476744
387151310 197259216 661016087 411912164
749786503 79062735 924087327 24315317
605452726 344522048 729775333 716984082
51340639 30931499 972590761 639693316
561851287 546374653 205480588 319084504
232241633 190602691 282790391 748327033
581876133 467146883 775536166 694204881
471073216 463049661 732367874 376184759
405491165 282217762 505384839 291613789
192088541 144114619 821286879 466102679
89009180 73705350 240320039 486765628
462651991 454176478 78833190 783537167
637569839 376694703 546178386 666613041
400894392 215980194 942497333 578965558
418933415 295350127 221097055 238295931
58190485 43078037 151592318 12403089
188426528 56098238 613297391 714796288
569596264 18363186 92786020 371029263
868290011 853918478 206052685 406077218
117051512 116533779 140655672 751229239
361904531 22540179 794076451 721369125
728743275 590313218 954269409 36724198
905073202 535189958 854793242 166318787
509261555 299517060 946309856 144397200
854343967 554126287 525413966 596658308
367164232 234255432 902775909 637984320
476376858 413874314 282691527 923229105
16525458 14295653 95488263 201330214
40364910 5977127 460801693 135952325
352525411 301954762 359240425 167003131
122846197 3234989 196204589 236452521
63874133 29444203 905802225 911327018
462280158 119995933 503907987 371228022
218287927 43535107 620579746 491872583
516301871 444823174 123698921 29513025
209206162 23856131 679779674 364821731
650681799 525321576 559398145 501748045
313682033 226150004 795949128 443203574
131271359 14042972 346787058 372262935
644109359 332236557 905256362 309072667
993974313 300966137 403549346 108691054
809856158 527833065 326307346 706941692
344217734 88754802 283648667 578534718
519416849 226675793 309596387 644775647
602631165 97780113 219885183 104856179
603389296 40426020 730084442 571707816
796955641 552992969 426869628 971907185
713995373 468278177 792578570 869171498
762321249 657010449 861751369 436993738
878998711 781203399 125496108 750493719
257284561 123366326 461375024 931478808
908535914 773706904 914269346 951188046
484319961 201096266 512849131 131948963
403814878 52140370 391928503 462430592
297631869 252669337 768691043 502625311
104539084 73175622 271539248 761147512
505920790 305758093 925372277 604836071
237543530 67414481 943717349 797657252
349911790 87217216 872782602 620409600
422198481 203334666 566240212 146934155
578191948 186137716 629069766 790396754
449092683 440285512 106349927 905755022
72368385 68219497 388445319 321447132
694548998 385694476 446953407 678825598
822868011 777250473 330569449 467972507
166236673 3798580 889773510 48455900
625823515 516876064 736638601 849705071
268817177 153590971 625270740 350774159
957959091 192081687 768305850 594336083
286977207 119510755 920384673 326385668
409517662 199776148 971983748 46484840
90515083 16310918 508965583 152074454
106334405 98453041 192379733 68506959
251104589 148157728 761363398 457618744
535639067 9533415 597723510 647792334
713665808 265561276 573730739 404800621
13524604 4306643 718391225 357673192
215697204 150117568 374861350 384595604
252037861 62888278 965675958 406093663
825719012 732579034 659822593 398888503
918048665 684403903 761966068 655917818
372651367 357516936 689723146 346753165
24884278 8110591 259936802 703246017
217446753 58766555 820174305 774948970
975897327 946878052 193810554 333066711
868842501 176873899 775336538 897076173
521142276 230019297 690976438 888324127
12142414 11194871 507494943 460613953
756343475 755801685 939549774 635840926
810815476 415681175 977488828 375116362
803330519 507278966 966116924 211987116
40752366 14962885 265903212 857730876
807414653 265664727 559222986 531174687
573084284 439875680 899428000 296460119
44711020 29333107 906455073 210670841
925522495 522983219 543054722 385268723
802894317 47763467 795982713 557585043
304525175 255319975 852001020 471057531
583449028 235751225 462531315 329377802
621122019 496405501 91338970 31469283
463651536 195119611 410666004 141246888
954115686 458128563 152708154 92645337
814123043 363079885 707986956 936806742
31239526 13965985 730659140 270519865
371112132 293831091 910700957 539025244
742200172 261908326 648158587 500568249
831011485 146812192 397919939 7381568
910028546 284193589 110468808 179445118
395953187 336422133 843407164 728207074
793826559 365862895 747064674 803642863
889423404 746777615 325308576 84670626
924697158 916589807 777348017 828685347
806703954 370960526 890128049 335914660
845828555 808767332 318750580 612362967
387326115 227055722 744209084 610509467
480526744 42265052 986505902 230702685
436132235 412534566 746961585 460643348
911283541 606979040 724421441 139082800
115333125 9444614 494976625 276949424
627302626 477095781 287230473 710927738
862682343 752348245 886683182 901012083
792852025 12365454 851239129 798582024
912697315 888273957 79262256 436339968
812158121 663532418 299127860 767069293
894354667 612164575 919619363 944976142
895459826 452092144 971464396 252840784
688867039 381862292 444469256 900536171
679109250 614816213 599254797 311741123
66267853 5126246 639454618 586515836
981453741 154355936 833570575 677059265
528550534 431815084 799935126 345126205
378354367 314440355 190293367 76780975
727947809 445585337 668074140 589862185
500385661 257355916 181483346 57902261
916793138 859766116 332597566 986717356
891088096 696868205 520752324 201397047
144671320 107453225 187798379 384770865
993369531 825687858 586098053 673379966
68941809 35580611 945753097 490185742
845131363 734496619 955926123 627746158
285858108 210144132 579478054 130556551
91404035 51730997 148134120 730729084
350760788 309028031 829653674 66890106
177802109 80504725 632957992 374420512
897986361 670507430 510501960 102471311
398666045 189510787 577373773 640656122
358284944 114677892 569392759 445725069
873922359 805744588 91250328 938019234
961432855 75942053 141886716 286503673
559178977 262559464 345909289 829121005
29809611 14048783 88639811 960418610
480511500 413878350 383343486 119528316
128638143 112858532 359827778 458192522
38150817 26265726 871013979 533836633
602921282 554100987 580964347 213337904
639520463 169217934 597344275 625582553
526363046 51462343 772563245 838960181
571441796 458453040 919144569 577925360
309769342 40796189 702557393 543891634
402485430 159478047 622786580 31574641
101522362 19715256 651391222 662259238
157837670 74181579 504349005 638188754
1079918 299444 523411972 480386071
352864730 328624049 188555631 978383691
82511855 67418571 130972953 387150768
133913374 26901038 438416012 751514178
63941171 59388944 455834230 613010619
873929783 512291304 883467523 50046679
873849726 738334491 53189828 4810870
407121285 391421241 990055056 360112513
558303670 2221470 942175107 670137317
105299691 43230865 620891550 925213384
302005604 223289615 646663583 259351007
585755218 347027710 488572248 28686539
73176774 45094610 261930527 820105836
876789147 867523970 437650135 700074482
389607023 12316823 247607349 33764181
883212065 231588356 777643426 466773318
914637008 661053864 380094636 643706867
413350208 156063320 686698451 69841972
966316521 84305128 434831158 251258369
369959522 203269499 550792238 493960815
469491096 232967140 355376191 670882435
35150390 188901 803308907 553979730
175955657 147876168 519276199 215446067
445318222 234303192 355927321 628750911
703981118 427500992 350478189 996944998
999901967 254394834 794025258 983779160
778071847 122158349 743213311 44649082
179606410 155916924 113914874 337697025
282468963 40520647 456139763 161786783
853357257 489645279 738692570 979935918
144365874 38360031 408395972 54843680
424954154 388692833 378276302 999879702
191716924 36828646 486507466 172552006
841802805 420388154 707040907 950748780
907477262 425844403 977313319 263544234
82558738 29392283 118934810 218077365
195659537 25353955 190638633 832045069
781006928 250999249 628746334 860512501
414807052 181768501 376979184 390598695
923689504 821819938 121985439 541353756
298062130 296610823 698857275 491903561
922853570 838935072 624464089 461798831
751328895 507683182 698254558 559534069
466019872 312649995 855383306 120409332
221478076 198367174 703174029 256071477
634541888 499609191 290140173 824542816
997403481 666071413 897547184 538006659
411576889 193613982 342051900 57542242
114173225 25683644 947323080 850893140
136822796 18051172 378009148 635353690
369166904 202278516 187673633 112668880
412549879 399442798 646587447 750700098
190408619 30001302 839679572 591212138
521166179 143704401 466116520 797791566
916786820 766371136 155570597 510016745
428207060 204946855 567707336 645885730
175284514 128870623 983388706 472357558
653628713 282500431 472449769 750952462
143235000 93311253 93607458 115446393
173448049 161263815 565574203 292364245
53642660 33952042 693604615 95315048
430917985 106965049 672143907 417777800
563966625 261921122 936721519 237059928
474551028 439972477 299542946 833456185
707148190 632692429 191058534 443454358
105097958 52064288 538420065 240218764
972309562 221492773 584152768 104809123
803323202 418313707 811787593 994045827
231851328 73029294 665765341 542175211
933243184 630389881 489211222 750849008
406611469 370403568 978169799 155495944
70718707 60231998 592458113 561675966
359918197 103988132 714580105 838940846
221022292 198689809 367867985 76740276
851122400 164335356 729391003 648303633
912151308 541501367 493172660 775440123
114455864 168992 808821768 497049783
507991935 94690443 635146105 397108103
559799812 539009931 535647092 136173104
864246583 724075579 256081018 661058059
840361498 408235314 755744398 791446832
303027890 268935961 971038694 778259877
101578181 56575707 671619732 342157430
176371364 159564118 756240709 110938013
219108726 155015488 220716141 270675787
984028842 734058608 143166458 15970971
724121981 231037864 795636450 449208858
436478137 277167072 970780114 927624786
832416375 583187621 520469449 95361419
885507646 599880421 793248264 902721273
683309441 559304390 268079538 28396449
571798793 551440315 516126110 400976129
534638610 226163405 561176213 269804226
794284958 501548768 656397422 108652423
694716770 220819971 383809630 62185639
502546574 420449534 906193780 801216211
481609429 217526789 787320461 289660916
766090681 688703745 186753176 755889134
545569153 81216740 481132702 286407873
118655969 85448136 214789689 174666943
866889424 312171408 810211689 196965419
484454918 114949141 123253434 124241545
501004043 424039612 246405340 815078402
996966898 184866267 866305514 411610716
262622796 259751241 446887504 312084720
540521065 438094521 160620326 719212078
262924197 71975910 263692807 74981726
850394439 683849228 494935505 85006084
736086339 722170335 470293318 431944506
927956778 779525263 568161440 595684118
324524787 70298507 690382787 219254345
226119123 177705504 360116313 687403802
778947418 660992312 485842171 467228989
563118536 486202072 326450600 204522920
684112493 446755948 996968461 200945932
77870666 21918669 622937932 628476450
579648860 454817378 301053178 284377732
88145527 3321028 763459244 410300970
692431941 114416678 642881839 771066663
400723460 344504491 346559541 828909586
842153024 814015454 684229671 818217968
318294584 164472410 178596340 133648254
998033244 173433736 92693761 9768555
43966080 40358522 899359095 708811704
202264335 102671195 865946448 545544932
323737791 255044404 751471445 68618421
742695437 678617654 570921500 250632975
173939906 160649163 436969700 229294085
820246643 155380301 956000999 976904763
632366363 20396619 522943302 12580934
668561486 355027037 596161164 649004214
770417141 590630887 747141596 383946025
296899288 251342128 280932260 752127734
752985568 371975692 607924270 479570715
332608243 208028449 721511733 341325618
522729570 164430480 601100549 589107271
356427647 349064927 524656139 700028268
405447462 283236000 221580898 288983011
362596224 123100621 351839124 514878900
525446095 282455916 842883440 961697045
168523610 161062221 253260644 89879771
617877769 313520097 732920092 451697897
323614794 79903572 427578832 171767596
899765837 519274863 388912975 967120925
87009730 49855116 237201037 429468074
631487913 284378607 384494055 149190703
512136290 308719200 787786573 541236744
747623976 690931046 826274990 645620774
853197123 433205234 424414137 916844668
601898012 486088132 308715168 887270684
78754025 66351013 466577547 883218634
992569703 9516484 408631771 54003806
694589736 309886006 463450472 746545315
707634929 288793805 469747237 236689466
44530226 8564727 98388495 847344875
925381406 613509710 443695337 746883549
539718378 494815066 434098565 532245551
691269449 331139205 563753277 144579830
645992293 502135817 593315338 222581327
820627064 604529565 354437605 216703196
323296060 219216009 121292482 300417630
595535741 426321414 415759167 372255970
760001619 192599266 916817234 215970828
981432454 901587822 307254271 57857535
649693288 337295664 957916245 52718396
928097333 557470360 669300278 536068089
234466595 101637865 842004640 739619381
797986575 458422409 392399067 152685244
572955397 349161322 473371133 825196389
496939412 357987669 625378773 872020520
749894250 414574587 651142765 153740890
930703907 929612431 741158491 804942238
842842195 533097222 460831928 118552829
258952580 180619783 428849936 963935375
147606264 125954293 180002541 763463637
775060078 224129232 589925630 299735661
735987807 40546378 872725762 2103807
690196567 564768815 422952697 412042476
783560454 363132265 794075172 443825468
230962719 39284151 524397764 862849523
349602292 170434095 735235506 799911304
944846099 149957447 970876129 233459126
780892562 551859586 464426915 621285508
505881334 34700039 143283159 87505158
32513488 29909237 756687802 99896875
182482201 177302836 61717526 757096212
528889210 45101814 614219518 819166022
764936738 443511723 949853657 154023151
122195125 114554024 92550087 95932462
250364943 236033053 791170501 48791972
564416826 379325497 536488169 162101212
856835409 761830273 558894756 26289546
350446487 118475384 539107670 81777060
152115006 66414939 329020147 461890635
689730074 312390385 699418922 501620594
404338722 125646670 331603893 907542090
197825739 128500259 733826887 821987862
670558324 483103154 230865178 126671387
312412559 110963746 300565885 203305197
853677129 442520992 738739040 848398285
564271191 276605487 724225988 96814572
420746646 207933618 379578742 349489862
915975720 452425816 586184385 564302573
930969974 608325 235502783 488862707
587979014 528851602 728767193 439443296
931595663 506924208 633672789 495675613
381801323 287431209 591105216 945450867
793767344 395835982 424313457 322876126
11803671 11740558 968637590 669294601
642993479 314918650 565137140 515626173
920907229 56247018 189388196 188273362
660830580 378442252 657207482 364870739
76319982 22132957 658083950 427147730
282764797 171904724 409069637 692626034
164257873 24626690 429445008 918993273
266471407 103873450 654940314 84470967
861482426 412796151 995405213 243615040
595464103 478699046 805377877 169060556
820301610 478735170 938932058 883597347
969959065 28304364 365907270 266501370
326769278 267833285 563083632 498484954
636814280 416884031 326272729 740601881
134704209 113598396 876935363 797158985
287724786 171505046 232779576 700172068
697937928 1258297 964111501 184716655
802455245 224398608 653005087 534593253
901852513 531947481 778871947 101757731
993288959 721726217 609132357 681677354
168330757 160240335 14498592 591219740
458556846 379420754 496206207 912256957
794180402 524585198 832699302 510857648
869846416 122540120 766074084 740835566
153642489 93029268 342563773 515153853
336294729 252230663 340141743 461652824
253820731 54901212 755763646 132542216
304401482 158545365 244875675 765722255
513347095 431129100 942193072 525546659
939307437 256559916 211239458 414901489
825034846 793512122 381087420 75236728
728349673 321458906 432384528 403354807
948675061 825865861 499783572 1654527
981942055 181972598 935597794 429853025
999901355 52155165 745324998 198496191
723114675 629754460 424003653 384234962
574556757 161128107 557108316 539065984
829468396 499905403 902087215 325110008
961067883 802556968 477842518 79436834
266223368 38159399 346351750 139256563
928674606 388876828 942550264 788288948
522169124 415997666 340105293 482236550
833294959 764121156 980523222 398759986
435203035 294420585 756754821 909328933
14623655 6879731 647242402 710567014
108903168 4035250 626526380 539463378
914883939 742853446 711630956 245553786
85430651 66662273 264569423 238459848
804167889 12407406 200592796 126565659
595935047 179630343 713903199 73696860
868259127 831179724 766364392 86466371
80533695 80161978 624473214 718375372
784298483 398743741 417859195 333482091
585716201 568906610 291541806 410166935
179483916 45946500 315491272 972321689
826200923 499891011 363548092 753600640
188033718 152674797 837335012 979521715
214276111 84047149 801042886 587368752
719051502 472628196 505575035 360398303
63446686 45650264 486140017 211371703
490677454 81009371 355341817 17906496
423315570 207610943 444173733 764942328
450364622 185669803 584751444 952289488
976856308 806232723 532264869 217616112
15795035 4333624 571888296 90754797
385996491 348717676 606399467 932602251
725260348 439248868 687858672 903859824
21897524 4862973 367301446 253945854
890002642 721658190 780134159 650988767
685636971 232353860 672722731 587409211
344268421 240908755 879644597 8217246
921604525 674432615 941305445 91474706
867457358 808180050 998365137 681133129
128285718 122950180 212480117 592729569
566314318 279766424 806018968 171622256
465907686 168162929 854556211 845783163
603113076 251642063 956583698 720297507
41518244 28426193 728864206 648287325
279008312 42413366 403818474 242805353
897599572 664309660 908112712 144887913
275480649 23902477 384450866 508003476
427429594 15992426 805646059 508482493
615141331 341484984 838775433 888791665
899323423 831453750 917726864 122348908
738552372 61744825 177825898 374484043
814614026 421776730 931720816 326599308
710912763 252402192 979882620 866302828
850843916 580549355 591607375 974664251
802308512 25406211 392517417 45837054
390007316 188886790 887976547 96062127
431026954 372003168 447916979 928465162
736449471 462592929 690195819 496164096
839878491 217248400 334882751 33750437
294853880 231914909 75499239 27101131
763248987 244562402 563695398 90310361
391316086 40329920 391933867 668755067
714129121 353461300 645843913 61718458
58955899 48903956 177004951 299620533
203840927 30864576 923765389 21316667
86836826 82191814 482235948 192836887
