1000 1000000000
383308958 321351480 292281234 649570982
445334916 382442085 537030446 226162566
79701395 48710740 682470478 741943637
87075729 1335137 837176643 99559199
929720712 564823137 407760765 796539865
809468956 656955212 676155919 384689236
902583843 68677350 940412535 336691080
120429429 44863609 310421702 571084362
79956929 20630691 977299843 504066545
939274623 751026750 620888293 272943187
583796917 412097721 475171735 194688509
138961711 84437062 277622024 825059362
972520150 815909306 827182772 63850969
836670246 507626937 502575847 274114256
694045426 473983358 863273180 114592977
138661478 96469108 518242409 329556388
657443189 334653515 539080125 777415862
622756342 469852506 181309903 222248020
737519460 74566311 196417116 17170994
213708067 164871401 210522984 686034840
111625164 77016570 167455324 587319398
957521412 755828032 826566599 568255201
866925742 595126204 310893396 233302443
724286345 428801512 420863019 68257621
508690236 362613855 883285572 541382084
200135908 168217919 999199297 366330986
590186849 558505642 631172142 992010049
449482601 411436608 564103347 284722155
385752063 50870405 10302259 99104789
824476509 91298431 445126761 286167209
565234123 404016728 363003505 708560347
245820943 67152111 847322021 325517681
490294391 314259416 543421275 280362629
207313927 30601553 682831684 839169712
392041582 316400122 164377496 654391084
218066485 142418845 457199084 565327000
534192956 525820363 438473386 68202619
603527766 191535744 441768885 109893591
251247987 69821674 319105163 729241548
471504376 345116493 562303164 865355281
336849200 222802309 514952925 10141020
684490341 157527554 131908812 282821754
675019105 432740149 450362574 256280435
315448584 170611711 975084898 448204455
538795324 202388900 579019870 153362849
42062080 19075597 212034812 172480
577563275 80488606 832134339 953414708
949924026 878360089 637538006 564467087
324925443 297849591 294290124 458607186
636622438 51088778 890406022 734871594
141391012 20635513 589422378 367877372
229280422 10774575 734968066 519966710
893137101 586091652 643658449 327382790
706915329 582836756 744056283 819112643
406255722 290592592 685381684 893527020
325365908 72295666 623875577 935050723
293197456 6829410 892839131 825809857
252232974 13583864 369302633 169699188
653739308 272830291 690108830 192289627
305400995 212192615 250023673 354996388
871651850 269863654 996838977 524493969
124561322 73022579 254558503 475412623
366698861 362234728 960365743 747612064
121248341 70292035 703516360 501681504
310120874 34486880 839023611 778793091
885582105 369170918 785703015 622571551
250379628 227939444 199575404 250539093
574833047 213649147 880412807 297488740
790218858 434294848 580642072 282534534
764704410 551803908 688970564 51092530
371345685 309928095 469962654 635636747
162035026 98432958 840584838 898931193
514741940 418478892 818069318 560582856
580551510 98369160 750812359 484330234
951017669 524219645 944228162 752145532
134919508 134716348 224717901 416735819
484564757 96066800 849664612 138717912
115985693 90152202 632854641 712120568
434835877 3410927 936519822 623552421
276463645 236290032 85008024 146019272
559117414 284269206 890730518 817844262
451196142 340386078 386371213 535665902
599440558 260972609 626867835 171581442
4962430 4617202 370897521 960152015
925054021 222311373 203331912 5249034
499365552 359422624 353332708 913935959
661788156 52384021 711909088 811490111
917864824 489096936 609698726 646500210
610825120 188576477 489104854 426201001
102391015 40052162 351233295 208157800
810750437 268790723 959514710 550638059
56648165 11165279 465380585 4715811
572951128 477060359 520606295 946037212
255123336 192142595 929262130 487895033
811604422 387430785 440955410 992413601
395697597 112084477 344028856 165979190
900104192 603487890 556742463 674045056
341705042 251447953 973612487 653993849
133487393 36733411 169358317 373935625
908515921 130842742 922696236 190869086
823047582 787219338 758367105 313494169
160870026 4402775 396649724 294828534
491792162 456949513 119964020 277100251
49016508 31433816 944821260 922827980
444241225 380116661 254696009 459118349
613869325 583059987 390710874 921475759
114569503 22425861 511437425 939946002
321788672 288407705 925025622 46677131
42703621 22714079 669495231 673157116
759518658 608252259 851798196 504284207
580825384 571170894 639885603 348135465
9812512 3315604 454178603 472834306
626136334 2669266 703044446 616294081
202020854 138980954 615015783 432700862
161316668 129507025 151201365 898929926
171679126 159723937 726077477 126118883
686517689 606304518 314045953 349533295
811473033 113230118 738213241 846108091
117354155 59776817 962076056 916246493
257616960 228450023 843795458 576706347
29364809 23734870 844737410 336500008
821506642 414714062 690365371 9354381
667523543 536964355 373457709 221859682
670057002 159836417 675309661 443571804
142242157 141407987 411145876 475979278
234312399 6083815 334480938 646970198
779281456 698812051 768767998 237951763
956798772 827945472 614508761 767358152
649540964 621034024 506172799 963056300
603177965 332467570 402973749 909209337
346592887 328451517 343956472 980516253
260056289 22819506 305931612 448181079
896202740 332376559 754666326 30535881
22949485 12041800 911643592 208672473
926514025 332343021 618518736 974870271
96589213 29620659 987778837 548947661
684365560 399123159 630233565 640016880
712156171 320474151 980933257 933420508
236029621 235974872 642523204 508216295
838010903 178820828 924188542 903604972
884195180 298832361 927213735 223110542
733867377 88847314 772219850 344751808
163039792 82768531 637764577 959135374
668098324 65137411 847342970 782156194
748963224 426115791 514452868 454966002
444510377 206831296 290617850 917057789
545129451 328641942 661634746 899369639
789874914 600417908 558348478 712718569
52815887 49890388 382230780 867354109
666778556 583311353 836171203 267010862
97477579 13366307 660385814 149134839
421826597 301124720 138438871 395819081
695422092 295296638 893281384 884235540
518089316 416992285 956960767 166461548
397447271 131132754 47264783 78260292
399302733 167893794 427667900 734700227
544354736 387217895 985680965 633550782
991042339 487234075 878676086 799008462
783676228 697710442 284129012 401474170
382061870 145193650 679429170 535657602
45282869 40783323 332398319 154216088
752587023 377797267 534130626 397122933
789262492 654472624 554554827 601226831
111671744 67487568 931971851 447255589
295867522 237050112 111329906 249976192
499025370 108974244 803815453 327233070
898177632 565582179 587020779 212778633
313609050 163956239 559224407 387680262
855957438 33503991 900141196 768908156
220854695 173928222 790333805 589115833
621006920 411946422 233122393 639140037
589756985 516219632 856541234 339975301
811589528 633818679 975167698 726694618
121084315 57021141 111470911 904767327
721069078 696464078 599541953 24060127
617420329 128938435 805166361 306768667
882762279 619360176 660479455 633803393
702246332 220143788 995605494 482533925
53749524 26650645 760869919 599552883
682952271 255928290 630486412 332239668
611252831 191217826 781261562 527022121
156712242 63173867 677907468 490641932
825095387 411042763 711822626 799056256
244597102 231601718 266170546 140450398
621296880 505485820 512303408 734650080
745220349 90286077 961330561 248634513
549398049 77803553 101663353 37805399
608770098 604667983 55672836 466427649
930934563 905978033 372326305 587622405
584058998 261607524 512705040 30996359
142763262 99919213 541083952 110982482
320344345 61445712 643880908 706915877
921440950 632307858 528937848 93936503
9113327 6724954 108923910 996835851
598152517 570271996 429075849 249407797
604745316 45327834 867706633 85097847
811093966 718322680 677809397 554313084
142133010 32723683 128971331 394283439
530686742 49240618 909225249 535733295
686067160 460700812 278003729 542590470
700461246 464874312 648022547 757394676
69252290 8281900 541708157 909618943
762936013 556429311 527106140 908980113
247649235 236447058 357824362 171789675
260015204 36121246 304175697 651355738
230093031 203151149 753169838 443023201
681514422 396651872 573238445 694093296
663735304 243547972 828413173 172472944
769185617 584242742 712672475 838098007
885262885 435777554 508419491 360125986
302683211 202847354 391780283 652245716
177327326 140565727 787987017 482961636
207379977 89464884 609963794 891944169
476673986 455654241 264336356 663765211
882490826 335861555 961859232 201090354
579114581 415273646 636537816 540829752
348323094 197569381 770571826 839579626
741183662 597322325 359803647 164360815
43603294 22333248 958620857 641733699
695058688 676320347 605035726 715114346
872154810 369012596 762820495 395936253
346204601 102528911 801716958 61941482
144285427 21135549 797160307 644925956
614398381 426155032 558549817 134163197
905680060 829518638 239376650 845370134
851398797 654528842 302118850 479828280
524891148 373837730 410736831 170905851
717315718 273697567 571678494 486330044
814942412 29465445 545447735 54497720
596347674 454750940 600636572 447037917
172059878 44807254 881961474 577776444
43200699 20228650 75846569 573952653
660416139 201781159 766611507 61055188
706563568 109602206 325284668 20132960
356112951 139285906 358698177 256345682
161865875 136856211 633276811 240726726
200768998 53456641 251823310 234411610
467405143 444008952 746693173 789974559
381425106 296580380 890620215 793091156
46478396 8279073 238778407 596189926
364592015 194067303 650458843 500120289
899606895 372411524 262611810 15791285
912863686 733739109 304951277 963155427
333408220 77674378 747154842 278583987
102129715 52102251 560226647 695757681
754588028 573105310 657009058 299878242
682587531 144681008 151102685 366295674
440650261 261339080 825919019 998369849
451307457 247368034 898008522 817169162
376771395 245624167 766102432 417571812
365796762 358220519 197720746 156548652
923487880 559290477 401317817 61881553
255606976 165467652 304323612 402341714
981699317 831185200 803220833 771307094
751265822 226146144 759755315 484540960
712600268 76626608 773218417 386029854
541187303 515838745 428393857 802626249
498179875 385775134 846134322 503275282
550270151 196347582 997394509 823763415
807195532 777666694 143832701 276438830
614409565 605229932 142644510 838931811
405561413 154646764 921921097 562120019
228191256 203496110 909362968 989051946
710128353 324122169 705547822 666981166
1198697 420461 815156679 718609673
833666959 496649378 373676159 928953418
554170096 345735638 840871111 640008719
364686827 199552780 445288192 596125625
731411166 161309859 969002908 769434429
711293484 84953721 999788482 128207373
496015615 158143410 858129426 403610944
765743681 613892950 179896991 736379905
237204941 69433202 502781797 452217234
150458879 117573043 764786924 815331293
504933615 169068355 732721023 502291979
382292999 260770356 733483391 228924506
524734548 463815113 148424741 54436316
236590713 154356389 274717263 753147856
495504827 398484336 805292001 838889948
18482821 2676008 632206468 226916642
904460860 245198498 109947006 2424718
974913511 495389720 574453776 322193774
957964050 402990295 816724229 1075841
397488155 123627303 316489309 68923229
843241626 807731802 365362496 491593446
754044254 157640674 619067500 881110762
845156718 74777719 118670834 218210070
917531513 677867184 988079196 814960407
813555345 676578693 772290515 47822952
289909413 97434360 265612632 786211688
572277226 474099205 800134564 844535788
546627508 446827989 492908174 127649344
167686515 42058177 492880447 254245299
341638201 164829767 585351305 706341818
880610445 820022406 428539838 459541333
497449613 96237690 690296275 668167788
291600799 227244415 596067660 414956643
754238935 421391382 548468468 840444461
304093655 158023987 354709335 319587638
105794555 88112104 204358455 484467181
198615691 182916103 501779846 670682177
175820686 49862753 506418741 978960543
64543557 44712290 558641179 837777194
237299080 65364980 446469290 64368961
103741013 97481908 785503361 442872368
270299619 75482569 890441633 247014624
397022665 234324653 735189191 196345589
945812228 735066357 693961757 877493945
172714077 56019943 964987683 319541200
194471912 97477579 843154381 11085463
228934886 45126520 786786005 785023519
548245960 392349566 869583076 697130838
142964531 131842497 904447777 974004984
487440625 112710142 600629835 57884450
215108969 100406087 442496453 22735642
515302500 175267317 496573091 137283544
48472778 11507913 540942244 562483286
106025506 55518910 348702525 181406751
558975279 239254174 857052924 498486701
99363898 62392710 219140982 60536355
252685734 176146421 580299737 670405928
168651391 51811076 197918252 137075472
745385533 395414538 371678652 130161064
901482652 69101356 901925034 585627706
32411801 14592531 685864928 262790802
293779643 245817923 116770737 944612651
341244439 5733476 488615414 231992407
853029282 420565266 734964136 217544236
979276305 584015847 624576499 155603588
902308919 143419253 922014165 188242763
283716743 265762729 344450066 725271114
156475531 138570350 591648504 50805059
158939636 70849458 124637137 901210158
256340474 42681276 517323202 633084503
67634094 39733247 160697812 314324141
843274733 325235252 636331110 99695319
413125609 383661638 57231276 275334149
720244106 356291156 418406330 7218126
62930906 5864615 273821584 726479144
425340902 206422436 311987612 223513407
892530025 194683201 885081540 133010656
950080723 245739548 434936779 229890298
254763695 102322055 960906829 63052322
801128246 394303306 680159678 330525650
687657452 181320823 858797014 409042977
747389473 233279524 863997832 302513528
427177042 396875876 655432787 381527395
277983652 163325021 178144149 852756069
831724557 487195658 820106918 482229688
426615996 102811698 985807708 465934574
144896346 23564764 976600517 957102995
998275951 494259153 583771426 952488059
194966774 45864221 993461961 25965445
710900147 248500411 919916719 740971937
716584042 215124184 777138239 177132919
510491161 320123265 864404073 757299437
896371845 468789881 954126619 641035228
589991742 124135277 128272569 70351193
507212559 131464196 637507436 562798118
964253832 431747730 209154013 158931860
690710734 276027232 887969505 794126790
284179123 121264643 639662994 167763042
187850934 21660572 768870493 94337280
687774366 518541826 278511234 929231587
527687916 132057659 522485478 78688486
56622348 12432257 201262042 64235612
884355737 468370383 460044625 13841080
160227408 89797324 753403833 388224858
503317798 447126942 410458285 441172671
372848192 259197019 258363181 818063628
270233587 242880652 695156648 802243206
757940298 315578591 585393063 556030686
88787625 15536251 854896088 207535860
309736734 34511033 978980174 515370
202085964 189126445 496402532 970076051
732712860 604677123 748077949 745845532
462178576 212987015 419707160 99285378
50844779 41067963 243674630 142638587
829657249 770124050 525018236 280534011
171344005 157167706 357302228 150934312
429649599 172625894 417075391 28677051
165881168 85262490 869334497 779685015
352728787 207981607 625595011 639045093
317641540 244593889 133285623 643230013
61537686 42120693 946316789 979958052
715884813 101745504 628175297 106579268
854555325 845087793 429376875 718196830
772850233 460082610 616082041 400761257
144248479 21388477 735228869 749014374
36057941 25190909 794542039 22482337
929011616 781370879 559543021 826295346
152649870 62661188 210022030 268259572
167145338 48750262 641037437 75938805
817719858 503456808 891932341 791310659
570746352 335204236 480286053 745764477
79793647 2580957 340308030 880733490
407699437 224173777 275945462 956336743
907421687 421828990 268180230 558217
180329849 74945421 908313451 534157577
272944294 36801565 724536256 408445739
818599169 568946278 498507816 160822460
831112972 145221234 766941688 245389039
941841566 423314768 628167468 694000714
347218502 154730465 282087257 19269851
66284711 9885789 573548992 23730471
290160057 172770987 633098738 715449907
693040493 83705241 749771299 212911215
375554468 141680686 486525503 69367740
89879724 3963142 946534193 572522758
541227942 367845340 388755796 408041159
163999982 17225993 423130102 957769597
445392993 70278254 412632059 145576893
177514216 84610284 43152850 27607708
304472512 156688922 284849034 898126791
367265750 79910268 997751717 171659358
918036612 592659753 477020644 682910266
51664359 48488421 539963321 90341702
268650415 210387955 732378404 278251143
843637950 650450883 695928182 319916137
529110678 381235048 213093291 765915667
64792221 63353802 485690882 318632808
226070144 90742540 824767971 628597388
435048950 71521065 776315983 492088903
217272428 167266711 365193122 176912892
276267856 88055041 919297994 74732060
17123331 14924415 488164359 683793462
600371349 412290687 880123159 781681003
765338829 762252254 740441509 375401551
296294584 88041796 452133150 463629864
316307588 251807701 206594071 693161590
592561623 502364581 827670896 741569027
811702469 279456910 944193376 610209567
938662908 779293634 716456207 307206894
907129082 307966932 380105226 185146029
535238021 435778436 226536237 612994867
84177694 33643060 526013647 773074701
682047064 678249451 706925358 590860997
118504702 30519230 699140242 860842214
207284553 89660537 551608511 985428567
84641943 24237078 803634173 367073365
842839001 70869542 805561858 314778676
735601530 504953084 615399669 480025065
44953218 6741958 948853013 408038057
449991020 205591010 920042098 193651818
311578282 259998734 198402384 990082649
650843467 598669905 948021354 153067791
60727174 23049332 777483498 688595065
608772114 606067061 954430266 917184965
115100470 75404454 616446930 104075320
477969641 299418796 393930770 933983660
713069951 613091563 800368774 824653605
3424759 1808251 11957055 125583651
133538234 89432391 242548363 257131235
334320448 294724837 867247539 871866234
304009280 38942234 824316759 714510388
39454500 20019560 657759410 64329277
435610853 202644390 594916804 449629456
739823334 332612216 752030767 232671201
184904153 2287914 438248213 57041016
598890814 169484363 897844562 989309095
819028398 314631616 559373760 616247385
28281584 19239625 927678554 170305443
146221444 4477057 824397020 787813366
645876233 130829410 680835708 999853821
435425229 282432700 521196908 370144304
924195970 868650717 345800406 91765634
252841539 67035611 277532794 360370872
386484391 227122020 825014937 38318274
854608956 680487853 376682865 362718694
53321588 8729958 369073134 473624400
742122409 616307961 243379581 174495301
460237103 381211291 758976322 466175537
443872077 299519374 740026219 775124641
296412888 172982207 269995770 310667374
637884938 562559030 756480484 420735375
109339147 64640360 827637623 387756474
452874488 314531474 502503763 615904800
9087273 3581679 28918416 73512208
858650559 471726974 738668757 328213218
426736968 168174916 609008893 258019381
947118915 459197883 489735394 56578385
209947412 103464193 309815779 593388799
791428619 369415052 679041986 192836112
575218407 321891905 166608101 82628305
816602590 633575538 209798156 415003110
22455139 1102729 204206389 66398862
624682310 114673329 714030227 968436631
292622115 100642500 801642425 326185541
865374406 393098766 879210152 546290398
246805213 101434848 259432727 171203046
829472891 755031220 520092382 806998410
808660558 395251086 669163856 435581034
634982385 342363810 373149665 412611806
962967727 858761012 890578056 222555875
176360448 53635050 882327552 856936684
448166414 172468850 218500291 13769967
383639327 87328190 772645791 893356680
913136636 538729810 539770511 398603097
174161517 68235723 707136979 983437840
636070517 90425430 648723503 36933148
578227899 278678989 498376924 437945643
597902990 25176532 817555811 611245820
319047662 264662445 126057662 176025662
194207778 125224959 688172555 994706208
28183349 19446869 311437340 552833246
840128169 17473319 33207842 100067402
106708168 51664757 951864873 123301445
656762682 599176789 943189684 784599550
644770786 11136382 393751905 232494925
777808544 205919286 151787923 58326897
141940815 62336345 502276684 552378426
559914199 225121080 681567530 134844530
303726215 285147665 411805047 906512493
16737585 8120930 538014116 62160848
826659579 264569696 883451671 162526391
270915064 129520861 992254061 600896825
649216533 446507332 667350970 573942078
326399391 317176640 478358708 419499744
485214706 198589382 366742975 365729788
205780590 151696364 657863051 63267307
120234160 93225987 432259405 345842031
81508776 42704195 437945569 773444657
460991571 292976746 28093377 11638701
847086527 611477147 478096566 287347778
81434097 4848798 390378335 769801918
125623982 74554754 251790343 497605262
400136583 372933806 87016957 197183753
704942148 290778192 655122167 976915212
242019303 184151956 120604861 119492320
3500505 3004567 844553063 23694074
177882327 131425969 375025905 255058878
842847473 331204294 765160715 589670637
595149277 860497 990416343 839354425
590198348 31426778 877895826 345051175
541411412 235324310 506016755 712971654
442323202 283379111 315093465 758219688
577248428 133737277 809077278 116206720
835009793 471604383 946609322 771025311
598808434 513246318 434305813 83331472
779724337 702955029 421187014 556165778
441024005 175180586 353785363 94127103
599486009 521062942 95150727 930604182
806857985 744939356 858375823 721525081
259797138 239201008 270173851 142699285
990005561 485713592 786534384 592673175
744113685 641390626 960136259 920844656
394220603 115570340 997284965 307240963
925608155 587940389 343430486 745361665
478147992 211528373 701795310 604068099
919741307 899845954 355106861 581554159
786641713 181255556 665444137 864006665
989298037 847534667 556391146 172431611
233754300 43067079 361808201 733150896
670484852 645398550 383386836 84411710
297537845 89207942 960038880 62245132
234479589 133740159 895307833 512646203
541347690 276457108 425290679 401234972
266250118 198248900 134325734 858776629
718445705 183392559 799784056 509955248
393127273 285728648 753445689 342155619
495837330 286109641 415821646 465434285
161926779 57464723 662114361 127750229
164804322 150575023 440944994 918999414
440239261 89058733 588217435 718888947
528427565 370617377 622742670 730174997
862435362 175925453 721257516 735088194
157979980 82368172 579680538 806705051
244703917 7722251 514522717 776570261
791381714 85279438 946014168 362393442
283716637 25874102 352526827 927452734
135841442 39037414 986189804 869231472
80772994 27188017 749375381 787860235
284493574 15730325 480211436 180139360
850934351 565808079 463418255 822269814
346085296 109354450 944280208 158387097
969087238 569575703 974484930 130436140
25723901 9258942 312225245 367287544
130709085 118265811 131006060 260598756
641554520 234525322 736194233 19421281
101735458 85422998 661027515 70447795
336054154 214328180 552782725 349538662
13294370 7622699 712465626 761574660
382551136 82639015 567304351 187838021
48915640 25380076 614842468 998916166
436753181 76327683 764653434 916863336
228312722 86727489 456336712 80973039
660551244 560415371 351506468 73949140
43093682 21214697 452094468 750459653
569568388 547800899 278829513 805973808
580468036 373599960 742700792 510739861
722525534 720794538 179860857 131365870
587165082 457524338 194183623 739279222
863276748 616221805 738811656 657545535
511887835 235952737 911780681 302759986
465700240 431505755 962232617 471268549
37980146 6307101 422108500 124340664
533058476 158401101 553421579 899668545
554543618 30539593 699823954 834170158
225720775 25046023 220219409 286853237
351821183 156122006 716969986 826973453
618651849 545034378 917491732 785112751
200080348 39878020 527633876 430287521
546527175 273048272 518625684 273885717
951902050 352344698 784725766 236530667
879226696 253411169 828804884 649300335
322928822 4862729 883156795 159978008
964142247 936847594 430636139 157025821
172847548 105841371 337731066 158318655
525265256 75448595 921096773 892808852
57655672 23884594 800311980 893318530
371003862 331126741 536374497 929023142
854801922 842254802 460193266 297335078
774688589 44850607 871639690 858693962
805039050 558326245 558076303 532501976
965776448 660541458 705027970 707021354
529070260 126941728 842440202 306232596
216880071 186247770 871378723 293881628
466666388 332024746 155386680 360961116
796324960 615534956 393042233 426421337
462688529 381752725 454566230 781282972
106458338 7062346 885128527 997119648
592137481 502943036 363058284 286174015
235128676 127448622 597439281 719603092
40871752 18149627 49902147 326417924
921144117 759251504 741026203 107567043
903119113 832342460 991093716 77998020
301140789 187462640 268340418 937451729
584074555 265123536 918690731 140479853
775900826 394942296 835965379 148710076
520744994 471799219 753508590 849057195
271685006 5867611 691603340 446477803
176798762 10764803 975604496 85787512
544203069 331705206 348686424 780456396
458936986 305218036 504989962 560215148
227166368 39164517 718572663 439951438
766545401 241562540 789936863 540452819
171744422 167292039 857679769 79904341
233389569 187492183 46460093 112773729
845010233 61118110 270065669 32069803
684937241 303912784 440870833 625222734
663303471 542071808 468672841 245698126
136888297 112591155 643600064 387318997
695200175 692412183 988078915 712022317
20182830 7931037 247732644 17698914
550994230 16146304 742391165 469900994
662014815 506785685 659803149 840353896
117275169 39515810 809143315 984915818
559711935 5703575 595371712 87751590
605782895 141195010 964877487 855021280
137052588 19147888 801587622 982899354
247876805 71303509 933651611 935605305
37518990 6435971 894423032 876301881
896617359 638476705 392635388 299897770
363582107 190478075 357212664 783629901
806190844 518274355 597007471 134932454
797909454 627325274 326136385 360467939
443205524 318327196 916126660 187981011
478443832 270397232 881934914 35997977
749023778 747508399 502462505 611492529
378052818 260732377 450172744 143888605
333890002 56285597 829584101 668372144
93501297 62006140 753765318 965078153
286860089 277407701 327125102 76402899
707315905 201069956 951307477 592097864
323352348 96194912 941711149 914932361
279591714 183886749 358991450 137097138
33341339 24966137 601019087 92122800
65788196 1881717 146952546 528602136
999506999 906417734 941303521 33110019
241364802 33211910 531442976 840266502
833167747 680932483 485303839 990551007
984937331 460132218 768342499 927340712
910965585 423270894 733354442 647086538
184291265 114431462 246899764 733303056
15816309 9256562 905331554 310359519
115077198 107364494 699590307 226034140
847653405 324682756 525186210 223883373
678671461 356913105 731682554 233404866
125609855 80836732 884716865 297735598
421524976 383508490 713599725 748992320
632932622 206117736 622886132 369684299
631467354 221765236 876994911 571481752
641931761 457188632 270374718 451122696
99914556 74249552 445994326 873544974
631059336 117849461 76133691 425804307
808335713 343732918 556341173 235479061
458185577 412699345 778797291 422078417
655033324 310456240 890531694 69720382
114982228 97824425 913979250 879505984
236514496 70388088 452543335 387193746
457430400 144470995 367202968 585124724
161471576 150152035 725274754 617985183
916793771 898670815 196925706 390748108
27905919 7972540 531527591 272019655
410774839 387732541 611066536 293089800
293857702 1089288 366494510 741709320
29778817 17357856 642191031 757792047
203386291 124477149 360738212 86007579
832003404 168539942 920549364 624625296
917594261 792152894 688412085 830882010
477278981 130696085 523232085 46481568
379626259 93884085 625488345 494576705
250691992 95571889 983039267 589070815
120534313 82792326 585980509 236610918
635077789 145567246 280503907 53473370
625692563 361355284 581859251 490394123
814118956 440502461 535708278 873035771
897443739 873256616 654420103 984120200
91164042 39188885 216218112 299441769
636955302 445093223 716908290 110480136
905545267 854488759 495220749 300802770
10303901 7638518 351110500 988182215
168216373 41755046 449183880 696911808
320952326 140230621 982779595 417271746
528941069 463389143 986792266 980919056
982956215 471457818 969392843 668195640
294473472 158478633 579743986 745000604
130825509 62947175 989715185 265202461
899462901 260204374 781778775 832568721
392761043 364108733 675056582 762303130
548559814 270138236 323350891 792519824
900293289 465798200 752552678 362384105
105353976 39015330 951377275 954490464
640515259 442462229 571691642 773624635
678887518 210620891 858162743 584417936
897502679 542542916 484233702 16159657
144612345 61824980 479195626 876754640
891094606 680889499 386683190 400117513
933980872 220202264 927606031 11117020
947837904 222913310 855396565 129177228
630058289 454978039 974749641 152728377
828114697 150277601 689916102 756824152
348186260 5840797 723307862 485483322
411505658 57625816 735320566 948486320
395983871 386559583 908873630 334215455
719216701 524761247 724750192 754942761
826050417 75246278 804225228 14787957
290992163 288140212 396270465 660311356
439983354 97444544 100306293 240758535
46148467 34478274 301670719 530806981
616964329 135360408 581016903 598019273
155334110 74303084 146286474 154252183
828465120 84304102 885920575 768856482
212305605 105414713 440703621 68578948
847089937 588011927 399014162 992879771
950367601 843052558 254064453 426232438
116229417 112934449 862534810 845167347
833859476 291273050 65672209 413456700
871320783 849280094 268145340 230478331
191251702 128557207 845457173 202498962
690605201 254538368 905270651 309790975
665570318 501425040 891342178 617376759
256139897 248238982 25222757 531176179
269662523 164915793 667698165 132767
436538038 217927842 551398444 103245156
90724262 88259238 971546249 645431157
8922155 626374 158517485 89798688
387480149 376467253 568648433 1473980
208995978 52429928 483071723 675865815
374804638 223437317 601971871 19175393
484253478 364187236 572284010 840524867
224402591 96203448 861807908 453058835
225733870 110714304 865110520 354235932
353945989 285702981 915211012 951573401
606965754 80697611 681790235 61948566
982750619 947764544 113524423 931059342
78540050 71245330 186917447 209293989
233511960 134821459 756556017 747133452
252549279 10171215 355426064 671284538
553748799 128666517 587894622 543864485
668741257 588062483 398375448 106368056
910705583 409378812 748574116 423551176
259753729 80924399 190115610 475120526
56507693 7486685 867752428 47335527
753626321 596760535 306576229 962722439
693854465 530922626 787630320 721024188
916679259 715482111 692127269 362898441
827340723 95096290 49176886 308157235
981980182 387773468 749664944 741374634
488045308 10001978 525219383 33180491
677912253 549229946 170786245 942764383
578843978 268822062 405440308 147801208
939290754 76578576 335207641 208071454
155159613 31158910 434789856 627191985
566636286 279908673 238363101 20859776
811822828 443304904 881789524 448300599
953909649 710657786 284290349 725604281
788810805 273841586 516415049 351123313
77093930 45981949 58768764 998855499
757702603 631416490 506239371 609039998
961283963 559788149 835444807 625236230
170483823 129174118 198344088 666391847
35537950 21081027 291875956 476424046
826318629 718435823 311185654 220572174
109410401 19284398 873880495 831411171
438687102 124550628 49000650 94610179
959432162 810625148 341048345 14590803
307837650 194608184 546636240 635790840
46218471 12244096 336091037 346816051
457781415 345456412 480617020 521086563
111971787 43242845 542431488 935869940
276617626 272184647 37717386 348311874
45621008 23801163 349433877 675735999
451883161 132205987 342138691 927254138
429422049 339970115 792531311 192352929
529070579 247773424 192669954 7547506
294655625 247312127 549453878 696415113
775843507 180510468 716153876 11957362
180998073 81015538 150302445 394973987
680940286 198867436 748810833 275959741
994940207 702936688 755617898 614343848
658079334 542728938 859623513 699038663
651751548 23989989 245433719 364947675
301970269 16513114 382950357 617047864
805255518 520887697 543175203 167356188
436333136 386436728 257485675 971942161
818487147 757285090 750588811 360342548
315559291 231858740 643632867 136105789
585288684 141586279 521819718 450822871
495600638 204700719 315264210 844512321
594750477 190126561 497439928 554605971
45118740 38818027 271709887 558932668
357517752 165992798 854573608 759394637
77068773 20368019 977867427 132488438
173252535 139007988 800249584 337103435
6042698 1485470 872395896 73667589
37579407 3386697 466387968 242301788
82212971 32420456 273578537 88112177
9647749 3939830 293161642 757742054
725205089 89526543 836080197 515780233
687241863 301108687 726522535 416657131
701997700 228117873 390180461 41902885
86905313 1357202 116612746 496660841
192068923 2785127 204815669 121296463
344382527 282651434 948643403 237978360
804886450 475485869 719678215 853332479
867123895 328421039 719991039 126990554
966550739 832333290 463575784 788878845
718820664 348752850 833396024 511371153
286304251 220217445 460318400 846137176
684065303 677583488 638467447 410250395
560643990 465974908 111961067 546125177
408208564 128741116 948873756 116875504
896826367 413050420 854253731 210134387
610451679 393851918 294553461 205801968
47950802 19071338 107804167 127641740
133893938 127659986 868279356 267872014
689934303 48580192 791669300 932924488
185465565 134177817 567358162 512182433
492575382 430247944 277569468 851971709
386211542 240844555 585346119 626375563
517174759 218502055 489849660 950799174
276524386 65606407 616583873 468377308
635202353 41376820 757340242 628451728
621045265 95997849 860206680 397924201
164499927 118306153 738187306 274967800
869092715 607047259 329382870 39399753
919323301 620337513 414759471 734063720
444721653 355303458 824751313 21969163
242853701 128225935 951743046 118638293
59697029 43866650 84962676 279376311
505352572 215689473 765454821 815277203
36462120 32715187 490728777 420623659
785817185 401078834 840572950 294337297
62815430 15168106 557285075 426524064
546170080 419329201 269052692 825308409
695676943 687471621 626184299 752086282
170375561 169963412 104320671 508663114
975716436 851086745 236385340 953573399
182907633 89405080 991676479 383749691
644724481 278704120 418595880 832572714
588762581 189137126 339600770 38763334
997975994 663639337 501516282 302878281
948042939 819553678 984099137 832082219
325237309 292551095 98975887 408608903
490683303 38711798 864034665 171345717
692387063 188049898 666965195 239045295
584887938 195898420 410286488 617597941
317450759 275463208 460963151 173072050
497271242 195363426 314131518 455142346
849426573 640881337 741729463 738945407
657773598 199593166 345142495 54992376
203199417 30429719 250744177 486416234
558485260 78396151 929927939 833719301
726073093 309735402 708873694 415315459
951835308 281973400 729218254 286667103
363205986 191723601 290426005 941605853
556985517 520318314 536641795 839662079
631680966 193742376 187909225 131102915
882552465 754673737 881640147 373806660
865956690 137804426 914627180 129135255
287407602 216815713 529968575 208333029
813629663 443321458 911179084 722549917
2696950 1623831 241362698 313744992
37036533 29478610 594281854 928833328
379588869 305069962 574161231 697410008
913849450 508660346 939414454 195996975
370894585 325255666 772841130 432195474
491958219 305058190 158008794 16341585
630679467 70436603 183628585 325245159
185833589 92711630 926993322 605501490
930589116 604372679 715408741 314840260
930640815 99860323 410779940 279793763
935659599 872695842 721750018 524354020
170724139 112281264 766836811 928189957
916267756 478519565 959990093 438727506
971683105 594495027 534259351 615128642
50357496 47370691 270651827 888982930
73561570 49562809 401159037 470216581
333332655 200368303 266957973 552092878
705114023 297383849 920423530 915800380
624509741 495241839 439237976 505098120
394919841 277638389 787557258 549392434
673442678 552960165 567690670 85666140
515992595 443064297 765622220 499059146
953430510 7951053 974112301 682402392
629259658 372996051 899243708 312870707
361404763 326575449 785813441 21582216
425135036 31305587 635345340 930100352
804662311 463326015 869671523 976801306
28793833 8216753 98803368 418737491
683153936 392858270 465627716 24690924
296787483 7639099 564450262 316881721
794040053 400883534 596009954 536388959
231070511 157162516 89002234 385726333
738573920 687320612 450288761 927811272
102117542 17307587 196594229 66408634
208557881 156774880 513135953 425999107
376081392 24893683 523459474 826500509
826248322 132945649 863025365 367127396
333532571 183483996 932625830 697139565
881009613 59010866 335192444 215589234
668896671 244268615 930967647 872862001
515159160 168032522 878566895 324522124
728438674 478445659 102987817 110552263
852937524 812598171 275807729 151216353
749568167 220006524 741531548 318491822
53433302 51461828 850110782 741390690
918574018 855234655 96012368 766131829
162967717 40201811 772060791 716236140
594818161 201421334 560052477 952106556
792426865 457320486 858901786 324969256
457518503 243816714 562704508 134310493
196902281 150898653 230037447 985302575
311413231 233863403 854892689 359595864
314505810 223870941 457283620 164215631
113456489 24107561 131592668 958427014
593110484 177108674 930448685 54802010
125664894 7439893 357292647 454020935
524080214 185432438 556357135 747928180
345548912 270816215 333938929 668208176
120563601 70669342 739930740 165818282
729601964 610511047 739693844 443690009
361359374 109083153 405468160 961020628
83898071 70277533 89017751 899844162
640117120 582879470 969778788 835306033
966457084 806292567 740771027 963800960
84945830 37950646 367717083 576033227
881627343 813996724 725737578 539061412
328364271 181242936 520502231 655716167
267693398 18559957 720477429 117162270
221249890 195530138 953170485 389929192
326650382 51101245 906439008 972211176
162578369 110842158 177347854 121189496
439961161 273957698 811893026 131581667
204945029 125233467 160281048 176719641
443377102 293492748 727330180 372900310
16183041 1579905 157698311 706021659
717918049 237885576 902298308 732222353
736423880 620708294 762848069 173029861
365096882 275615973 591364849 179550293
54282013 43594254 732151626 783066720
315722854 54122119 496289129 968579673
565273919 495119404 898923651 959945281
922329454 791046342 344190826 393429523
177277939 35208377 249373302 981354725
611413308 279298416 553141517 554230927
154625129 40414915 470765521 677974658
61849766 26416600 492418443 747865337
684573814 97638410 326704772 229082952
248849457 4922921 763783603 555630876
761811482 511620232 584611040 425368928
491463141 163467625 818993066 158558745
600970599 378778831 672798530 506842642
209207409 4221021 422304610 136123858
76021922 70465489 146673427 699635746
580604501 198929869 546368457 451551710
550595731 469964682 927219365 621120009
186438364 164407295 259765076 747982052
805354686 9053968 901141470 709399536
65079574 47921497 662636207 762779845
89592570 79398917 411838746 801797120
531154162 67035620 662074386 642274463
390566128 304396829 639081143 375186247
553980114 533980231 567901701 784123140
453466030 79636685 335319279 25185136
655675587 268142680 539345441 694077116
188518280 65498621 815039865 381408134
956963208 239141260 346454959 86140062
118440084 92292608 441416724 381988177
