1000 1000000000
626663171 856023595 510510297 536073601
543834940 401030395 199145366 28025623
747870426 679239098 196114980 146866165
441044693 141316489 198142839 162022817
286294386 881263045 573683827 954223120
776614525 996515383 982839082 371050059
442084999 94193146 254286852 674132419
942224505 881249963 571157714 636878113
372514590 528873177 378086696 706644838
355042291 436047534 209663993 68855010
58096183 386832110 31528238 313760618
693017664 41884765 719228308 267274656
301363129 502999280 295306234 630230471
199312877 78263455 279351205 989065613
743994739 684728269 71122345 702005164
680215003 107988940 385924650 902839346
805685100 731326079 632187684 747678939
98096847 708208654 1378160 682622529
233262233 567205893 983478971 772249043
334064468 251748615 356330784 963310528
888968707 241594192 979273005 466752993
854613379 559054906 145351552 503160331
591274200 833233940 293189177 724672864
483439265 51523267 610718645 443068366
557239557 866158946 941404086 829940228
135468265 619389672 933209390 895967278
136779271 329048308 148975727 654455424
127794084 557148675 797575812 337200252
910123369 782782233 566876615 103971459
550044101 802653450 97534300 584576801
461652310 321517034 556068815 625114875
506001213 673760769 323144144 849183403
968413986 102095391 368767836 850287358
230964752 529504401 763742946 275139287
973500232 929613462 115685751 843195018
943064762 225591977 443982125 769249666
469272966 40531939 472372187 441571175
753052291 200270183 374343498 153683652
425691295 232060086 111017441 533777252
825147958 897708413 857553156 160818286
25549965 358698670 580533345 351574501
924963064 771129958 468708205 948233638
782544448 275595744 621091346 717088545
64032722 881398474 422791215 600177506
473655157 109044612 27477431 892176211
596997246 109999725 799710184 765155916
785169043 545624327 40922231 775416049
652484235 660892188 634100322 994309401
255251177 377452233 159639165 897076958
27140635 102056085 498210314 110382450
454740553 374138687 931006830 57494824
861956613 612272241 864228504 4555800
386302849 693797884 943810150 202211956
773958229 380589900 561741258 818253417
480627962 528170639 197525033 525914015
497507000 605758465 311548773 641573669
689460900 217749989 207216924 998814261
43193182 80234619 241423169 537804563
119136892 858724904 404750398 924776314
366316066 517489287 172360752 632347514
747545683 546435978 519817485 374455491
392376018 59089515 246334713 358943066
562594429 844554029 56889197 276017162
554498451 382007795 758053634 920500233
500496124 22233937 8539507 571538279
783394873 697739253 682747419 657574209
870386190 826094546 953924618 568170313
555138416 615446960 602305523 907270897
639999982 696080536 175725539 551430775
513694908 344920260 493641369 436151867
359715125 456817882 576047259 891036135
440031120 523268327 740477600 478751054
357163277 552521129 744707089 594815633
442247952 796232517 72330242 765647591
765200084 277784766 807986957 730666873
754393737 518401442 568657930 891653963
425335507 190740258 187669037 65085126
824518863 777925264 360762785 673903629
600291836 222226471 935173678 867902869
265225831 188514330 419372786 381506584
57833892 984558269 369530484 174942504
210562401 248987571 214249615 761677316
567633089 856851919 872458160 399341412
61300953 26819171 852498567 540583477
582288905 223615745 502163125 735433209
625317655 474030265 737787840 775924084
623173956 340799119 917547200 453031603
463677095 37723922 908486354 9184198
651340450 879554112 724764036 372416151
247039063 915698407 194486051 722455230
751371030 802776270 531397925 585173747
425186421 380410279 681743210 899263333
752105528 306874820 425140995 496271777
813521640 400920778 123308525 73321492
797838068 799153974 439493672 474612705
575863687 583091799 758331813 603319672
123340401 763549952 733897787 293896450
296584969 190247638 334291463 724790882
959313232 776211079 694554066 837172651
277380065 149463911 894053298 627331897
491802894 958140703 974377087 499074819
903596978 654173496 219502680 994834048
425852368 722351072 421654770 90995613
570460120 50983883 389753914 363155002
103065849 152545468 986395013 288273547
618560661 550873016 353413654 265172167
988681382 358955673 122305132 304104001
795302830 630769098 590683932 857647541
52004361 510888603 586617595 369272945
329598926 470143319 830764369 682442921
519247974 847886963 465341463 300752928
115129690 402250832 262927817 510407552
455191636 992734736 471119999 431489092
18631964 404441688 2297318 174525991
908870076 242981386 165519039 518725224
870402892 77551801 388964788 189218687
290813636 827447992 847972078 90154083
305449515 897684308 925850634 218380101
638414363 283401429 579417121 301135868
755519562 269185631 581668296 596983694
749492069 416673534 803206823 941382150
406255522 42052121 737868564 881482308
791749337 147270084 87584841 50816249
274479389 701794716 969641801 353745588
967516280 771340404 339862973 167524987
348521158 470266803 325174445 661913291
838943639 160397235 250271446 61620161
287503947 431205463 191594100 362781736
149856923 997368623 989328933 313302710
945533591 890931186 855366538 589640787
447795511 342662578 505998957 693587380
811815203 4592240 842468228 241105202
567946002 755532047 689544733 101198041
415581916 876479184 2293202 799553093
257221034 87992607 864535062 904931977
453941246 60808843 950340730 771380088
503924650 157626778 675523044 220124301
965457316 170659548 921647850 529418731
15760919 79599350 474681456 654165629
949619033 719195204 81909202 452354418
92876080 881184072 404573779 607609279
217727115 448983610 302672456 979819117
486980094 730795897 966426255 601707205
987548614 708860337 392459655 370886711
384409609 544414825 453961206 668072961
359350076 954233866 691947770 97917820
979909139 952006182 237527681 353157813
727399542 104632665 375782616 628352959
105920540 164661205 838547388 687840004
489759182 505139031 988522415 429322432
399235241 884473976 454367538 393349343
26950133 367980869 373480598 280926877
768670370 786746579 263179177 890279235
643142235 804424676 15086539 567610407
930303269 321896141 163613225 231109097
621172482 461168750 428447423 907151685
481935654 580936921 989798571 771117025
919700049 4022367 212910355 220447589
809554144 782236835 985608759 422971158
776296751 755372068 292476906 850110128
684706425 507676622 537227151 304875869
734585062 911048306 660386600 289557767
315224700 156497791 900975292 513344650
360066088 667294183 110194798 705803818
283730291 375277419 583976332 212934000
692016585 958282257 512356683 309831396
34654136 778094146 554320803 271667689
265411486 638333742 585515075 76125447
461558799 45623253 833505421 192878381
46425649 916120824 881123314 234714079
86876039 332236006 230614756 331982115
475757971 473070641 185037165 111008757
795182260 52923618 936394245 181231596
338630992 349928387 542329008 458604758
989020361 209951878 326747507 306643497
145696635 838758478 721202374 813589216
21335231 639461152 363423153 69945788
220593546 28300689 10094656 928574197
647362976 693134212 897929642 532805860
603509375 114406650 316483025 966537549
140933783 167979533 83936649 679268497
474746957 665829075 364424262 904436381
261673949 511101303 650740189 830670712
123491992 988818150 748517005 734713429
427179272 609106810 35044562 616187187
135514101 971396433 341464568 362665001
792052106 865529647 698053772 965055717
129852456 298587922 816349071 341567805
460567073 161181819 602169762 581938698
438980444 587384314 44567021 103488766
571571793 23330391 658539807 469484274
83982769 57311202 426368240 695792178
783635071 213434550 156876568 68971510
110652642 973862289 89902170 796924496
896747862 484542440 292924349 3645614
306563778 499471431 256024012 983596726
352240424 664348990 643941466 176082610
339634442 439858020 710810387 161134050
97496275 239329272 198724844 299364387
116383617 384798404 758525769 408972610
680986946 361409781 235415177 793743824
861721621 649964094 721378203 221972426
436601756 151051157 156183729 158333378
432863037 818602059 186911873 697032623
991223911 342405939 796715400 777694320
54750176 697360255 964574806 796114215
936804927 394471305 676392877 795574036
256789057 525285407 36485652 742323282
418484575 28410256 724954721 467647377
883065842 819466635 682024906 735768460
987308358 340325221 33566735 987057968
844691471 142247038 51098204 890720937
700586133 742560949 596570954 726621043
316374079 775954315 190793446 392783987
58168633 770200203 449948364 192517404
540506211 506313297 290466241 139974805
858086104 319274740 531800890 837282504
277083286 94752447 647312970 660262105
212913621 268024676 609280222 782466621
566184304 421960893 951294359 889602384
709416129 228371163 94312538 515938027
886945746 388262753 139985996 716817040
6620100 883617237 136516996 841390465
122181430 932191843 598714988 70921536
399251462 75126886 325033155 41972309
567645159 915076736 8411850 850892094
68431634 523783564 404090652 783476444
13158793 874005790 893764876 184088130
782526896 771108318 523956668 408342950
672053075 368049922 967395770 399621466
817209195 728128282 430640628 760830966
508541743 592799118 519241090 999805548
798388627 612579419 735865344 614694216
215882945 638443255 900694038 971671511
999141774 928412030 373979777 173168664
401332800 408293643 881336971 42517107
326542554 303198627 946149128 906324712
293062458 944698915 817742679 594604186
740453421 201418888 442056362 240238954
495132511 660573244 240627377 427374924
109729141 233632590 744743369 338308484
247883595 861752253 903572581 456058358
405616923 537251706 461524452 326075069
928961792 183104674 686853578 241470627
137059760 900734868 959122495 48999710
21200920 57765364 936885369 960428030
849577734 820000766 90951665 961838112
714449863 863821675 309281226 853979567
603012349 802976875 491833994 273799002
205985135 249458917 940929327 594561606
172141413 714578120 43348603 937066048
751641580 635556026 547671454 307615432
305961188 18050703 661159080 224682971
377893404 980238611 279336202 658533650
428154895 870063124 139280385 382456727
373747888 386843843 914966401 842896374
62017420 654830983 515976745 508242848
874607009 626419549 577212291 165921807
210618421 476712491 724426190 439705779
936892314 211020752 10639080 69700940
334029429 60291664 656342662 797770361
535202656 184508861 798049237 263692575
674980434 723999969 276303900 1752887
310410936 537535864 590631037 112687104
793009823 82816781 582491184 112345565
823424025 914541869 422701315 851911044
489043348 963511569 701957470 310164601
258969172 147275578 327339147 972031854
842041637 622579703 720021422 709007222
425473639 407310607 615860254 799959765
567683711 751727629 42428152 3791652
879447507 309434458 13847509 656756143
271698226 623914150 238326853 906796868
125325843 817926849 545340246 726843269
900803882 831466781 434069777 643306711
263200123 923255237 948802162 161770240
4402364 190038945 459193986 302113529
481692629 977831684 401432150 947864135
885339628 520840759 193771663 130665855
181202492 607897389 461994263 407097648
25933340 498645744 910559180 509721709
680478998 788376167 607107114 736183213
736819725 365898278 547653760 421257463
888652613 946571319 171841988 307403839
78792018 524050793 27314605 580576066
775048766 108500877 979519722 612947378
337968638 988988563 551216725 601399739
389708491 111603447 46512013 617322294
764681637 222037787 553842409 243115644
862532448 788371143 736648799 246415776
413024981 711106076 431249799 136743065
203081518 810755406 659774330 376360819
835576322 377084244 381483875 303040150
869908597 282804368 870974866 805911685
901131384 335549534 779340138 308767784
789124381 876431636 914246356 859624513
814684407 940036246 54194187 682532160
172073836 230986517 610664338 824970206
488768375 781279817 549760833 538541289
836897554 267536109 514146803 786270800
495805471 119230352 794621728 579190108
85611538 92020130 858993609 145798954
407868330 669176429 480962686 193557916
352618805 465477326 664737398 194713461
63703506 370100854 458721751 383121617
145020347 666748011 473687139 298852168
253806251 907762913 383997993 26388512
381562641 284335527 185011073 145704117
297895988 979326220 707922081 72701850
517178591 212541498 654478943 871297029
302829205 245364513 850860866 479625817
322739533 515976847 305235751 884533800
321838625 287472696 104127130 420056877
794478686 606453358 631128328 863741974
229301074 213844715 499885999 548820349
632471323 934910000 298522867 602032767
113632480 958675404 499118268 988924529
616140645 826593684 561442412 39814524
262484852 165928025 26840381 773201710
166528845 388190701 754588395 407611661
392284672 193530357 989533552 154265888
565269749 335763680 760657502 548093681
416504172 33637026 431405994 497652916
298140357 253990276 586439490 147203050
57294533 38520670 539333236 930339152
989564904 968397710 790500788 992246576
923500510 647438453 557981562 474876899
805882767 234774699 395500996 195965326
511137595 536724996 704274705 846614049
850047219 506129478 985732610 18248530
547079339 508249835 759735783 339017282
849354415 686123494 565537740 43964050
783895833 49331954 392627065 858715867
125510087 502427743 363770386 857483642
577140753 745604804 697390799 171436711
949703597 813758517 503096275 687365279
694042019 193447292 688756542 532822838
354190958 13256417 76064841 203241543
919853484 103756451 92528566 731320184
911583757 205818954 129799866 487059316
104716282 183928690 65561177 996598669
872643112 616278540 898486808 40973837
235183097 581827599 383429256 342458246
159649972 813464939 333149373 224654683
335820175 878563109 836635821 320260306
132920639 933838787 630526842 47317072
149489297 711885854 916027016 331656937
789472434 989219145 626248715 851916544
623087553 352701114 904719270 674391639
787227895 85798389 525836976 358966924
632739134 514135211 455005317 782955439
920240534 326244472 448803872 495287388
603532254 732600560 506119332 680890918
779868333 800569067 543187542 724458620
140303533 759637622 200735176 248898182
139361654 490331683 455578503 374514640
134557768 263470570 420563003 509865172
423634358 552904843 572129377 885566218
574950507 702099408 831146947 762482337
423314122 12271643 58386636 15817681
31509941 498366279 168753238 287088188
635937938 124074200 907550371 593465875
488730132 499240006 12257176 428388302
851513808 72287303 103750587 345267039
775341187 95773405 285597023 604294938
168491488 469745861 715165474 537166322
535883105 416046732 153435398 311547701
783406865 692369745 732766184 365151182
622809821 726785158 546458959 786156900
259565673 42716141 970374838 512058610
487242611 704402276 819998512 140394145
754086907 1097705 166864310 186628929
619212399 876245993 332641127 805247856
914405251 339310250 276790878 465512243
110401350 308974110 822866869 248661986
757558034 443817219 921420558 34355334
146047264 681252696 159562467 399152587
55228150 204219982 204443258 532229155
167076799 693023783 292527382 926602656
621001977 284992761 825113278 810891129
49964479 426994336 799098226 369348752
496548960 448810557 200749606 805462191
943032313 759432425 270254449 999724272
161391596 553856551 430608465 730826780
756058433 369421145 794218051 396118704
793903422 297427056 394983857 255077836
731013447 186762246 631661495 610030966
837168613 781835729 315995014 919627459
441445631 481795409 507558595 802017121
994879224 344453043 227511906 923198828
788625419 589924961 250599465 366543724
864044121 374706457 755882866 531076931
903402115 3951069 773425814 496239248
297115236 122738148 225477314 83696939
481395988 509263653 673342981 862587543
404101225 775706585 897117705 566139904
280777836 462627176 349111464 971593691
884572708 314307326 621244519 136275395
123221953 392291626 608319332 433773185
610358381 385842467 266526998 115491247
693319706 383815862 583895589 182058886
748240982 673485810 173752049 612394733
295570448 695057152 100713401 60797862
629036898 403684309 967204490 690780819
18233475 821196953 592884303 179309556
397493999 447577547 611888670 345365559
617256395 46013208 778998709 616325066
738413353 481851675 37672287 95554479
830288966 103494000 842067326 518357839
629108579 873191971 230960235 425581486
474083819 993077903 651445991 292377950
175144782 927755267 80958009 553992080
206895585 687760427 316760576 237141435
781697152 314173213 360816700 763711681
453461916 139154165 731971196 13058057
526920917 242900913 225197157 801387031
196467008 792839860 928035792 759000933
222638017 825620281 331526883 910268868
870715213 552881349 503818945 808538358
666092825 775863067 701148347 561454358
406826601 302228616 174319269 165822458
744739566 144557640 868272626 615004519
741103972 102041351 570929610 575888017
533061626 310265967 727764164 988995907
230372345 120633196 88789376 144431185
839422516 423183234 775869779 476639655
791910180 424355648 324912605 895348458
494206411 400340049 691363323 453645412
315900081 471497481 373073516 529158650
375522630 468308754 877103564 568071972
659065850 854704702 706821949 19023097
255189020 268852835 440259886 350701030
673296087 199816548 104666673 208408142
209478286 168678149 421931329 448387463
641020224 142859449 155585917 272851408
582650908 212287731 856688763 747590045
582558563 354595363 664570275 925011932
930748679 296583122 622720628 872130128
254033027 957809355 990985054 82956997
826729600 121341578 470442893 317054123
44881460 530895426 259205166 206874197
710399180 494290340 547086420 281519243
38726805 905494091 66576687 102280874
679774083 185192902 636570203 454374607
693736415 93139734 631642206 342161774
159099315 134005601 256148133 566582970
373611976 317801498 882151002 555160297
181498135 452661718 809334356 323153783
134869633 562539570 25696289 854602809
484744965 979564630 590968921 403820062
393602815 837783032 152721619 703727936
788697737 736019744 801423737 538934401
291983842 758984415 162597024 671507120
395269740 902844530 159458502 67289348
789681447 441332258 282123794 781883383
767205189 778778289 133132674 4465131
439593182 975896434 97419879 241564671
925039823 190901282 43965674 963001770
837618689 173892155 924913775 751686106
528982817 74909134 669228263 937899360
717453267 489125568 289617333 865366676
229207744 567786919 991005931 709929246
894858235 636230580 659558483 955834790
620379840 111490836 766468367 678990097
755944024 630809702 847703643 557742676
345093706 545655692 900591881 379096956
706616455 211772920 717531303 143393516
8700986 409309863 266842270 823035147
194202431 47444298 287088542 84694572
128096133 784283647 985607066 550080991
372701385 668363580 126795638 987983284
610831265 360589528 79446976 523778163
438786204 785385051 466917315 700387163
554067010 679409310 165626951 530104521
429388549 880620118 373742716 892465614
881153638 462509677 222278335 963689332
561977750 297333977 905119595 396584898
386145399 746032508 157153139 206249298
479430811 958461790 330446270 978978190
313938109 256476867 508896081 858391926
602280837 691795535 689866813 84751881
484894301 6716806 868143549 386379057
239189692 988860565 32106114 898224823
241096805 769169294 54281285 81842785
143650217 238399893 326517191 139824607
304958083 412493630 766322337 965866242
549042705 539370978 209819587 972549173
663938904 880174347 636366221 991908136
547859341 986817342 163070116 868315047
718388868 537899150 880601878 234943733
179065920 991629670 513001122 572747011
81507450 795954607 103854223 79791660
848342545 573963938 920030461 721009866
3243626 281088386 921669682 373571797
531305456 421258004 889729832 579957805
156616735 107935885 409418891 517137955
578558248 361583322 804781842 184100772
940660495 480486008 842822918 702218121
445695120 788002102 878396567 163792973
591389101 919402384 946851062 774448732
181195264 663139046 574420254 621773750
359142746 441530718 85626286 82787185
257527208 485883112 488674424 171988716
10652380 70471517 434697075 700254476
775788962 336945178 343868085 226079983
942322153 546619572 74255577 62626841
504480923 347007222 72419722 333824827
680561198 135114888 909689598 905762995
195132832 633613108 854732919 66156041
787221062 162909448 271867055 918893187
890950393 774865879 308775914 421137542
948930781 699276263 382211787 626161541
128725831 805109818 959983643 381218581
450108251 112243461 804836267 996168137
834200822 231769420 501041729 938048158
415898782 18729216 42632486 688270505
652880872 501639106 641529846 26017188
188111786 841028849 739266258 866584600
855956125 786814026 863007279 962858294
506082315 982400122 116091636 252697479
888407964 500337855 109524155 124451222
355124763 388881606 396767528 6583234
73243972 769727707 320708364 580969285
869068388 438119303 293284488 157285196
213729292 147810218 229900848 624378283
991915037 987567925 79178090 322391234
884166628 752305832 159928682 738415195
248035220 604587279 197210273 853287561
530882271 762594820 617217859 252898845
449476668 406504645 400821607 446218533
599233583 558174566 151486657 492598688
597002605 485672163 655108237 623825616
350545388 321042318 485936594 869393545
763746306 940320676 269528259 918988477
82628936 73511274 854793990 218372322
399209216 645873078 284074302 557423162
740291600 464424002 193165661 388996707
387129328 338247462 223700318 342878840
318374790 496922103 439181851 657063264
373605625 781877566 207689295 747234191
494634262 19783749 897349014 60405488
151443441 725171921 309844492 579513188
869071046 693864432 980757365 376413296
746349135 12583583 539685417 109523720
150076364 806113772 653512328 200674669
222777538 876257377 205964208 998908514
58502461 384189172 800376727 288480156
16207609 507006002 569772602 952581785
435634778 964706386 616278177 690971353
989677071 256096214 450577688 8797363
353640435 219208063 661935092 257234461
529175994 66464186 123578562 474075739
612560148 735788903 99776219 90091868
294665388 277040068 592381402 682265492
875488926 431269504 712057951 547465765
804724118 978043860 944824576 442440628
660538575 889937761 90836505 189284791
33177594 30690054 756992845 771136004
411327813 608283032 928478613 504218323
828449277 679203950 730314792 884022104
408625793 719462693 719241412 358873512
589146209 874393470 371680347 821391422
549042946 737295914 622427584 406034270
161020044 499387084 474259557 331351936
803167174 186706714 847224595 682166132
732096081 194300863 273956897 641079547
204397777 290083267 943148327 484370515
874975465 196829035 364753698 951333230
550533065 607956175 253789018 311037355
473815300 990781582 604593625 603533739
96656121 357648036 771933653 112858727
700925230 335565580 901575982 624069595
884696767 911918884 703194271 141606660
341695720 491199500 164490432 868552456
479565358 592931628 261668181 986596386
630798908 786793187 29164251 499646879
637042370 290343869 460644967 350547792
622644219 1912635 178007220 607710843
568840284 57636657 637053833 612781079
156452998 532639445 372512596 31921820
992185001 184394426 775328628 762102480
66166894 914917609 385984161 469094523
702026048 901680656 521939581 600507508
406176299 531655430 861583765 832003409
458937573 189882596 45883285 365630735
782573791 859918621 435113275 945284558
795925956 527833048 906511860 899115626
642468352 642875050 342084716 534314938
435378140 410243781 765890425 842461582
543678116 365842561 228168390 667619880
814120116 152749772 753326839 84503023
698124174 108558468 439555306 860424164
333295674 988194942 849323547 636516758
195000106 868573953 542831776 365496561
751613215 562416034 366098201 580158888
414994559 16912482 372096197 400143251
136030404 720670951 374159600 476391657
951567289 116163595 748095327 461481580
911472158 831868665 985798403 178533427
479996168 305748396 278948988 313365257
95129029 921971723 500076903 369484725
772783027 195309103 923267648 830257821
976848163 171292490 83924347 464383529
302056696 890860235 568638384 545369649
397042150 849439827 509131205 60720472
146398726 387238248 198319316 186629295
79405186 688327918 88876299 510999511
482287122 92743910 565735910 965354456
84408335 112048195 369490215 439936273
991182750 153410248 455144385 697378129
327764140 904381891 389183926 322439218
416311310 949243948 94672568 936410537
479196680 685289477 728963712 99563205
722758582 93761275 828399945 415220248
983544839 715022286 996593153 45266284
315614176 632978208 247532097 208885417
390702973 625894117 808234193 166802289
843657522 481822128 65998330 111063418
147309874 973251257 956096636 271937647
7354207 456500060 809447242 730766263
345632807 967856238 400753748 715607790
391730692 357521873 512185260 970255199
436693838 213348762 598649338 746733266
422214223 687158224 741711745 263583361
18591415 89359687 553605234 362227004
970083529 524540020 930945417 436744667
929023392 22953099 288224726 923399440
916144545 921422546 142727408 165337504
819338515 361419416 864548191 106612559
242187334 427452936 780706004 985941877
961476163 938170216 28220840 13716990
762695405 182341612 367794775 295735286
463643259 229271879 378446625 862317628
17328263 411767592 828342263 519419923
12920566 557616936 674319008 23732638
857555803 921016474 966947402 828997210
233592121 184362600 687280473 143136074
495334322 344506728 441010483 274162257
87964545 141752904 63295535 475974933
935279875 684944318 68667897 916781356
729729714 862396658 795349790 495952031
495545584 386611148 39503368 339353983
156180218 502328607 677529677 612107706
966201138 295257450 348610969 675431779
235753452 916110928 449580503 230770697
186042518 275830772 330190855 467246199
932802120 157573718 435135802 172563547
250350796 786584121 620778736 747551243
290645814 597628873 584842256 987573333
573296046 464061937 749519937 470843916
93962733 94621482 73796224 209877914
90871119 970668332 420876841 712825569
662473150 271228105 370588021 559052588
51220874 706177306 662357236 429962713
57227398 487305632 990875589 531776304
461147782 952598014 261834680 225744152
254752711 261323138 646615966 51654024
158181009 423216880 12161355 765779407
399542419 864426826 3543062 93868659
485503509 372008135 503339730 693556104
526527242 145192556 692301914 51166783
842435977 683889073 422102722 263451759
270761921 764645355 22773973 468963358
404599048 68375291 376655792 902727810
531897828 229887361 830403030 75001529
429396946 693376985 707987638 870342833
532866587 112064791 488222777 115248114
486370713 738787461 969211714 655815643
278101107 659092676 323057699 226367116
405228991 117856734 536627991 190345606
959115222 331781955 440796999 190961109
938302097 876065032 777402777 856086564
112737978 552659548 213253308 811272713
657312481 140073188 746706964 677264097
290664791 525087287 513855447 324754794
407144368 151390526 529081225 834836935
312344284 187016829 919396463 179615930
697910088 199061952 353345413 950061436
947654595 117838551 956624103 217659443
594284418 796068853 147232778 27462757
281866184 292984632 82808436 181643831
517238336 438181631 423375265 41322625
517189667 691973872 877691597 80200090
133397226 943477994 568727810 500029571
296121912 286492191 46374936 37394927
610304202 913422630 697703300 189491981
446680677 54098980 841610027 371414379
664695252 733579648 525582668 222110905
529482430 915977543 168316124 318989002
823908184 47533309 587482850 93773524
286469406 909926421 36278972 858356827
321245607 469273579 188626092 907790644
772579636 568092218 226941955 144468717
291497042 845094620 230248689 962098526
45156525 842751376 873818940 782048221
169089408 671820980 159376131 463415511
975987553 708539568 867767367 938002078
224398335 542232605 119991573 928360408
828311918 921207468 433666259 939004422
75128244 711894317 707489523 980919659
283046231 204798479 243433675 86908661
998619865 787476979 900562943 331745367
898827253 147997868 427542869 59623342
785907274 339021886 443134299 71921918
418385316 537313459 519522857 622426946
729569891 914433945 513740849 476607683
134572241 69373799 240975019 208375661
3276233 35058956 609112609 738836487
700049396 909892858 465028546 741974484
614612007 887454958 680172368 833996503
715817831 845119914 420409977 163775564
899297984 458062943 326308031 309758574
76124224 940923813 78779743 177551713
421882936 633310564 2171870 380463652
821560287 10199455 689607224 47511155
310731819 972647594 865745457 118651806
757008125 333424634 584113985 152235413
895493392 220434332 345552181 631358401
723458105 312827318 506543479 516443646
856954663 882882337 38793765 291980734
884202952 684692240 140900162 425142483
419840466 247966312 729392703 259296138
36923893 524629665 610686086 936900656
427011899 687183082 661106661 697634076
743981092 563083282 429559161 734279770
673647389 498421833 51666915 275248049
376104588 541755121 743118391 134607370
452656822 153158900 439642479 209437035
412947159 315206494 404327851 750015272
76426484 282917846 184645279 536330082
216084782 848093855 421269707 838056135
988753741 257124032 697646402 89241723
860228359 534803361 273426107 614718918
43811552 504195690 426724546 570897239
919895950 598696689 355186307 500721545
503600107 375177489 929386386 302542737
107664110 677669307 346038092 68184529
259615664 286037229 923695524 790425983
96494861 860867232 144156108 950551490
88644511 537294678 405225995 291988604
747246764 303857609 613095823 952894019
509040293 768690674 675062632 618872554
516880375 134049569 879383304 881897748
718840223 258006631 722541891 605846762
296191930 176726096 183340235 371878827
191649499 38254052 98590015 511369697
756160169 138903968 586667738 148344957
271218496 894762151 398207739 190632724
424172652 273220178 17416242 677637853
797670167 527168450 591623190 66759
731371119 76822409 536471072 56267894
22224719 319236652 229051206 983530984
306014516 408188854 740663031 625336112
570240775 347122768 710037231 189959421
878538948 681291750 303992541 743957575
735266405 445583008 690762569 476918366
758680643 913379871 447357075 685477989
318197535 279222626 735030249 603350692
291027717 931781961 990911341 993645914
864908296 10750371 923082107 915724550
629637651 833197420 436952334 86810564
306561182 33914018 421906644 383316369
646617399 910716118 637122651 920858403
70076502 126771947 394133850 84418363
20774221 470527485 982692333 670726133
208547406 610450810 994102997 538605003
820981451 956292707 748185733 142173013
678893316 21758017 754125986 528533794
291374730 280257329 882634905 452101765
687514747 97754264 740324533 975557818
805572934 401557491 566656623 532890655
148943548 74091720 968044568 177496303
657792997 380104287 836508696 643297765
486547383 814752915 190490 536128088
432130258 429793324 243998993 88768465
958012606 227793736 359276435 68669798
731237284 913984318 358639620 112566888
133634470 455473046 376067627 586009943
7061239 191428898 29612630 289429118
856282441 732051793 738436441 869786415
118032878 838500006 606382646 780389247
951819409 328364846 230698134 950166070
958069119 69180090 741784845 523676009
48426273 658129478 13287285 905852413
141481422 63871278 46821063 914485812
603255737 779053898 32412693 220570661
433578477 122501380 310623521 541269133
19507103 725573470 931500874 194039078
969228887 386896418 272000999 268854901
21217250 812799821 751637652 691769181
791865359 743402383 25251094 240090162
386787487 369441428 896607070 783065465
470570721 143202437 178194829 28480516
208922676 915628274 647219179 521871589
532320074 671355132 769901490 18433377
584979723 270863425 600530283 560578770
331086529 164370815 71131874 643517850
593751687 361370319 402382600 298498438
595741825 745700311 401189742 948371221
886985156 66341179 214366041 579386590
907914127 113317513 329618910 301074363
959323885 450803321 771735255 265850983
798098488 720176655 564475370 283749351
459764395 164637158 345618376 990720620
862787946 877308035 492245528 153296919
684242532 346425606 580211080 358313111
351208862 128370736 860142720 139501231
241079188 546793009 423516594 359921764
918147035 581292213 194008327 668230035
289645671 385435649 235072739 762690808
962571108 437557490 762468917 646856660
235438616 891261314 808026188 442009099
427451625 71478416 339626732 350402449
47029061 562430999 482618031 376955260
442042934 932757701 968055008 355643603
590510341 529826353 842402429 558614752
818506009 171972951 982051149 491817145
690333960 368062322 163733154 795652838
471056075 526687739 251357365 383970980
898508125 412272492 410091065 574660011
685968494 106995805 710300119 457387132
462064278 367978637 463985055 742469766
247874664 649024980 942083721 452646077
80683411 299056859 189158278 542349982
460677631 947435912 213151846 530553175
342070081 217144807 109938661 41872972
927959743 719980128 759492197 27692611
451519991 479831215 746359834 624450224
998026534 332213208 772646545 416208458
273607761 498964085 502241070 648962170
559829119 406514753 179520913 165565553
187147589 498031862 317288821 30242116
6181730 316961660 427441849 744875942
431728587 790341212 417768319 819146112
772997645 222269890 38014044 716566795
115506000 790232974 976779869 365805503
213948296 27748233 286073507 577161248
158064147 329664792 423128210 145808825
646761945 622829750 625987692 787671198
672317437 679130381 964014921 108721121
450446439 919105228 458043961 722652575
530922887 306880355 493121032 933867785
785202986 278192885 617183896 855592977
246609901 781331245 266100119 645433034
685839598 998030346 873389412 733516429
946412056 725356739 812233581 420092528
490660822 544173071 247684672 294261487
732178057 67264444 779709070 979543972
637863113 294320107 339077151 182244384
301733666 155452597 356025047 792224859
918161105 130845175 373308495 337465855
43630249 905086390 595944392 985423327
354354322 558218055 753496126 290693803
824805719 448921512 599624930 480694052
96516352 200633538 884668867 71312694
546775020 695752571 661823260 704245425
556181328 363647497 679924414 469693377
797392961 333230227 270392081 306278698
253620550 271861175 49689636 361793982
88244565 503622233 197653876 72911790
996737677 302715005 646000448 940188280
239335725 800673809 860143871 273044397
996743978 16740423 334614752 212027735
373352926 641868992 440891737 866105864
590969301 753340710 497142519 797395274
271358955 703701667 457079178 239485923
227884079 470360925 643650917 765198858
163188649 485723188 760250083 366649666
820216282 94185287 582498613 61621874
675702652 883623902 558625617 424059853
456989154 139807983 792946023 512363384
288813188 786576033 582808977 607274098
122789164 162461730 298877525 725543897
725444562 184298545 946772319 282480566
297110711 652938773 631698594 867284655
878745474 910315251 917769920 190143696
940039531 222428216 730189462 155081223
59447244 207748531 221026615 951276541
343646211 823006606 527428913 874397455
32781734 644411388 953955813 288776983
887586103 176578866 330757267 578067734
266358536 276433510 518951270 889837280
681926216 805113584 888643605 874685389
903477827 56628508 644994601 790434564
452089810 201548513 16912009 853585795
179837190 187271050 214275135 529569173
725829886 134881640 414325345 117603164
611663647 756145933 356720297 859418738
146399127 869076563 599558542 914311452
699866109 178001124 710761870 438637775
707537534 356699671 547700286 231454269
946546855 408320437 227026789 502865731
423920013 567292168 942512903 744473203
300908496 533733400 763908826 681148639
832228307 366108316 471229853 972459545
410741353 754345853 864599261 608812997
580707034 143812136 962198460 88451806
760279450 180947775 51591481 723050872
855010005 24996903 473396467 424872219
90494800 588461036 399342512 430978053
785682314 179766175 147011619 143402671
521253258 329742722 234029842 377735561
189234654 449703319 818807063 455044614
448823870 346018610 334128323 681118493
429823457 630742115 163722930 899042099
312850226 302933019 220850372 90033104
176491737 642080349 453550473 203213233
134392382 114356817 504471299 758066688
936296813 38777053 263583273 134147920
836157823 511025196 701218919 271449928
948912140 961768232 260643547 53705397
849054072 684247925 94907447 199377105
476516892 295025143 794832247 986966089
665458052 519677868 583180399 915410330
535948382 544066263 673119022 143463029
525557244 387942493 123654711 176429604
162896637 72659913 134370218 755029122
683027159 626758486 972844049 659839841
877531988 649498268 17761944 257787264
615814249 16515218 615041474 199588329
270287361 178035049 26103795 858423874
835272579 432324241 17963269 319723786
94300354 974813413 209946921 2024783
291397217 714920182 99891730 881280603
494064718 637372327 969606751 725096481
769676163 985499344 121923812 297303496
540536156 946903903 145082628 399091067
13008514 567811942 390056459 169869667
390872450 8530015 723135486 291989885
428688436 269298820 343227941 858620316
673384064 805465765 593037936 259159750
62713201 431201074 652118211 999651864
780605759 355478394 968021595 673403886
726933700 542649735 66678575 452835767
129949262 462114948 320609677 68399606
304749363 201021067 311253144 261195771
679150966 968076307 532522223 238937097
74202172 368326595 157053681 358945526
875895430 928301563 783825884 575269097
964814572 254218842 26647605 13753110
134152881 685998310 814586102 583726086
704050628 143272842 477144092 744470889
715230537 15179053 111489961 6243307
389721208 210734672 467134847 914367463
188285898 573732968 272812634 695854645
617123555 755270794 240688669 557012165
12942304 521646821 53151085 469842871
329141333 895223519 383801620 151910874
801264053 779146039 337008011 172623119
985381547 771037910 186554356 811411186
848862365 744285333 737885494 834842717
868430913 174937385 591473034 23377422
625654266 450083475 102583865 844580861
550410896 489746891 31577792 417242634
213897412 383595732 882086280 521653231
203071372 203284029 729062335 86105157
976546878 888712521 129619804 713705852
855376841 645322546 540365260 237233224
857488653 295536646 577201614 144494783
127568662 628507818 644646686 290464776
978548769 19889244 628145701 213006957
183595073 595384597 263898450 862600328
425646445 361471849 904493528 532309828
482570185 725308366 345619570 46524780
656743676 899297459 919565311 243019070
321806798 98264380 534455461 952592572
845133408 268110215 195179519 620087718
324432913 819672184 859491529 189698260
398306100 894348682 715243736 983489624
349144538 655816146 595981160 612696390
965485982 367244126 686247516 338627944
122686023 921799312 305621656 665708833
782505880 163592989 704757371 66907199
358040533 319318599 72597238 494856979
68162302 115089282 157186250 202735743
172996255 655115416 48836793 258555225
535541926 39245192 583331758 338708178
53557350 572481663 303298615 572034664
306625772 88749916 181440238 507945026
881942054 667302916 324676543 172796812
361067822 425693810 718334223 823828912
845419031 348288791 154447849 138355149
892064432 853831458 984375023 218649853
529406281 883671270 340038666 87172199
76812399 458220390 723318709 599102594
307791699 328542760 245581308 103991408
68154926 112884042 993712955 102016741
221468532 225505570 354540120 175171172
704567645 703109833 888716139 414232411
127980588 867372521 467232041 892808371
464998947 837648842 917529366 148213964
429055856 355334266 790514385 223998984
88006520 878637780 18684791 800809164
736941490 788726268 645641317 504209958
495822268 1757390 201152446 294395820
367145849 855443567 532771750 339374299
33029442 795670604 597457629 22410313
512658964 453321809 724924008 880216522
107989147 836838676 514169704 758409796
675149656 605499265 21717949 669970269
