1000 1000000000
616899492 850663420 906829263 120530372
955695564 371158444 794918812 522538646
200557807 250091673 894915392 702977541
190286736 202868443 705008446 194762768
542883282 804590410 653254500 211487522
623347931 522759591 614788947 724100122
676901086 338859205 802042949 735814734
765427549 197345060 385107172 739565632
178909276 40655897 666622793 184260715
689437764 699256070 402242560 828480493
161690317 126590460 61754533 86678769
429109394 193783825 762882522 159903872
439605484 10149423 62648705 175977609
11006447 563181700 968694938 548814279
845912673 885586448 519040502 542644773
474529109 979205944 182643681 843756925
68230563 979668642 51558764 282753797
752462242 921757118 421988029 307619634
884701982 770761491 190262551 788322377
146785328 232292406 114843723 204547202
949321662 231605823 84017511 466119360
712524904 351668017 422499600 89785661
747154366 337530273 516336441 34220538
196280253 702829211 424293018 289508619
948274187 921967031 214153323 139593672
29150268 650217700 792668135 986896122
687673600 134619834 93283376 885150462
305978733 795133001 373688991 308351707
573747819 169974749 92032832 766867568
284256001 21891763 266413076 394585597
918939271 874964157 117082543 194381543
895548257 654892759 919452420 112472631
647515006 594291680 866818865 832447066
812482498 261814928 480247872 571412478
716960253 714048797 277356124 897004003
846145118 577362951 983672339 512888009
269263908 533527982 454143052 286466119
672870971 187355899 592107621 992543857
495747043 370418181 814001119 276864964
10459510 665731072 420697633 805992004
991484583 70302552 913556647 25274349
243723546 593552595 923423952 625364814
246078006 518719781 876818311 184609895
11876894 844489933 294167415 470362451
590450362 525850211 226656098 832624822
648079336 359955195 651070714 245160002
884088988 107418304 483609460 955209405
591295080 913918157 440819570 913089567
325991847 970093055 380479261 30904297
803727350 176029690 686781870 566992628
724329198 104410639 303598969 284149792
487410016 542671874 283140481 659038650
809495169 230912077 218687368 404564089
161496788 962912528 411658039 149108799
403198090 881796753 870265597 902101901
710517793 649973453 243271478 725268922
197551102 399302924 112632705 976098137
7579255 250276552 177231514 233169748
971450040 729312753 248405093 743672278
819448824 531227387 650647737 592568692
662119643 92037856 983697322 598277374
102389440 716527834 840566630 316985006
821932737 245931832 169981887 532636098
527016900 154567332 725939755 518567997
531914458 541121091 190435475 4833985
291275280 530114885 371114910 468768773
254043638 765387108 924842814 9810021
548886179 176248992 390153771 951900205
65359042 937362079 319042035 761992284
979671295 606773427 590497994 537818679
835730675 941880192 578818116 626681929
604185486 836920330 711693785 389469871
920630460 359224161 469077530 333537730
211199901 848751330 482831060 478663382
554341870 727900403 311158149 501272216
461501783 788663733 969234566 422462101
533262317 468036757 796034797 269578255
845124482 320024749 315472820 17427425
300470699 534966593 994833506 454506745
408091619 238737602 813268299 126173426
390092366 526134611 387841704 821645203
713859807 118223902 730058535 353176526
299023740 724329508 702102996 756682085
113497813 225730127 229436172 152834101
659604613 908627415 983005345 292711443
667713786 23138901 682288856 584365265
155703049 173478439 331022813 630523647
232406946 300469846 729275985 633418391
42598758 96458895 91359569 346662559
154829707 681613864 63415261 187768650
174580968 483030394 442713847 339877635
640486133 192297706 593517930 289361914
89735044 853754908 539834513 446894928
957850946 303518662 322658555 241998077
944699193 805394973 63792897 114895465
292002483 447687477 569827676 291759934
109457052 382262266 531705749 792072970
506498985 840507373 926351106 739296798
323864020 629868784 661435823 222520098
901094401 403442521 325911439 784642049
654813539 950933674 448850193 208869262
768956938 773267564 934960132 864419892
628483934 498979217 588019149 86622602
322696671 270345083 452950195 360258783
498170942 817986902 949037083 3097401
691258523 228071183 188440520 761272342
502352175 627464129 559677907 727924302
503536712 912233585 670579720 937855083
141860422 29862629 645296561 907077996
123753337 984615711 804441358 484305894
497239308 532848035 827765851 247182645
382067843 894407309 496089162 498489554
622695577 289073472 256546387 72573861
935559189 787545229 683317756 996827547
435772806 403158131 51514198 338722876
158582980 225723259 908879202 410167790
559520928 800934047 249176866 465436196
758827429 494473050 309844897 609592184
956388159 423970020 40632942 352806996
232719287 355439906 883388486 957548591
664582539 112621335 770527410 389285558
594790947 463098704 767748751 349144880
3918668 884623398 331863090 889479779
893073015 370070184 606308290 81322060
764452477 466466964 820162839 531543400
619254036 581235532 168094595 9638623
541405707 431499161 148222271 172275546
411515557 686417989 399765158 465533458
417458409 972845984 343409892 958587747
439606051 191312068 787631294 753099665
773548360 644966406 738755991 951649801
414358372 639494916 534512026 412464923
950826774 405478317 58400731 643810975
618299396 261814336 421664986 601387341
665701004 843994909 41794410 937109704
989798731 878486130 237958220 201599600
185239834 35457680 526565648 131448746
792288858 7841032 762632951 780422165
720361304 355959545 376880420 927987677
764998479 53957793 261230684 975948019
888660426 281572731 454969001 597796113
576540366 88481696 783382403 167691855
902659170 807705365 862067707 711848208
136425456 604608321 848965100 269820174
550097219 632661994 509210199 429868634
185771917 715312038 286015312 573096112
202245980 634357724 956423237 991952302
539136872 642479421 665234032 117033081
821554084 966756239 455323208 68699532
429110709 66201194 315665334 876248522
819937389 61425626 938616720 558094989
122294969 402722162 792572246 818078797
313521225 769070014 346685198 891090386
903726758 905325915 402756754 624659678
34586966 253061756 692799359 783275617
878049519 849588984 449727123 797459732
68870801 508466436 402692953 950840463
803841832 294726767 70185636 977114343
913358951 547947724 82932318 307363195
977418536 404004667 523833787 810083100
622475717 437168335 846534805 783149418
421876883 620361529 164581308 318387257
524702743 540324355 875712222 732099901
597507934 116365226 751503989 63799717
622893559 578169738 44958006 281986414
772132296 998875344 750268947 627041808
512926317 696621153 335034009 256253558
184606776 619197134 268816274 508722956
164409865 887231219 840708868 863098877
514428663 990005508 343319530 579594608
826975305 527611739 341364570 108070582
774633177 279405625 93694249 397258657
938720978 210014770 741434955 267266020
504898815 541640966 244803583 109632529
387907780 343259873 216527582 35903705
38619731 917946796 385040979 67057759
149599979 100489598 325352155 173207063
898572035 381601290 168141889 763048160
80685354 498544024 458736648 264520305
877260502 130949867 980708003 256585663
646719352 161041106 222877878 379323910
627165845 540778931 830787869 849420114
630624595 632680644 292579965 384374715
530206868 636897622 484453360 164203063
435291234 216061574 864825716 738731510
407666656 890390395 486165519 13956310
480446165 257325765 346379844 11004039
52831533 468841182 916673725 158411500
999239745 255861590 517903975 868937838
940674380 819216392 768078765 821966772
77406372 584596953 201862295 417362967
597806859 80196856 924370175 827884716
438043407 958048112 510430801 988442404
692704093 36969032 112297475 400326532
182294711 642924581 962913858 858515815
52803614 501857250 495310326 754699211
702378429 645445186 504092777 352312298
930369748 982664433 664589470 910208068
983415597 764436173 922964758 239382375
587039294 813340992 155502929 311263470
289248335 205522229 7319149 152891976
581003848 72817317 400261385 271943669
208615143 95267027 642857393 776701592
791088782 163209356 435593628 189930591
727112804 991498122 338274499 788370527
147125103 646815375 638920444 170674015
57977268 609332480 142995759 498361923
1853658 202044298 279768555 374539754
426771382 622300260 640978787 2935519
496403620 412886064 345364909 684997422
153103879 362360062 753204174 77645838
277111104 238385300 797799761 26461829
234878218 269180818 423079796 161791618
661473297 365102173 923866448 309689260
476170092 470999632 734919661 378188483
422480023 113015896 340160384 345124479
533078713 138153255 152833093 296342547
578062754 134162751 696334532 220532436
970550731 189883177 285771520 529784417
38759548 945647959 522238018 292874038
50605072 261989986 359060766 98403142
23619235 421006719 33159850 32975720
290898893 441726619 418505471 797589457
939832658 353341761 159803487 446691564
738786776 531565077 295669743 950798016
361644317 566902200 47934688 395022846
239239174 872109694 318401022 819885910
177579764 221608285 42264268 597001296
812162641 439644942 159946885 957007166
685958243 425755086 731071359 572043081
997191181 71416583 918418653 472289116
203905000 506089291 967563283 589877297
644296077 116807462 883168245 465200990
280402917 435742190 252874985 182390161
673481943 441744647 409532250 362446278
330048586 959825581 906642162 605496820
110351795 839104754 92438598 503282986
799522779 928027199 614437123 307021247
820841540 942195515 968682733 414848312
872193930 219641820 820562660 868134865
889236651 959225754 135397836 380707648
604605735 176629420 463372293 515614443
501459266 596246401 198835728 198644103
118370750 159464927 300610214 330907668
861606775 423940985 46536882 79028483
30665365 268631945 591127248 973915515
11005328 824306412 604182854 7892690
413173907 239063028 87237986 555934666
886639133 338877039 945749681 412131036
825086692 615496571 409330967 764165170
613106005 277574477 461811908 164167134
518655807 190804050 659625779 883186897
147925674 272836543 993160213 761337869
849807449 924196031 462634959 810106025
825917807 21019190 37237626 571038143
782345717 917006375 29094057 836391231
831425136 761615285 951315201 746289839
641686112 458403045 493806092 978654879
614762880 130595985 438492580 152178232
829293959 452393991 400236778 202774631
707663500 817719013 344029559 731781915
217413039 217685886 501382875 343139599
456254467 952290330 832983591 781879775
163255169 626534906 336578481 983231568
683483979 927286418 264938780 602609657
577394049 758846916 86101484 923009139
354473652 738217764 17318556 749257056
878511837 802584050 638298323 123446090
540876885 725943300 909449793 595260147
782017925 85337521 109260598 313038743
743290350 973795522 169578358 84544886
506621296 446904017 970946605 303045602
85939533 725070746 351839118 289728511
218839189 26773827 481538382 336644683
197217990 921698393 537568741 747593198
454936421 300153910 170761727 708441917
776064262 899694582 816588076 160858128
842387565 691785338 597955678 295452390
420724893 654818369 893679440 533782097
232610255 461047566 362474952 35110335
46020837 47218429 661674791 296236856
644470779 899377436 354387598 409778844
832166116 308167350 258898009 539916778
59742251 360578627 717002411 971325087
699816905 622221564 685891723 903963808
69473577 525263643 388942708 862722416
890462682 774102876 405154068 647800029
976732579 593965271 35840683 143264517
440277431 373834143 319617428 878728409
684378605 822371273 815878254 765215731
279470123 749875067 515929564 148680199
678111434 385257977 951750759 623833915
397491468 894471595 525499719 397621
27097282 516003729 215684373 213639048
909076104 349313052 440891164 892101702
196136795 71003756 99596728 725100547
370371036 402724440 708151035 239801601
97621433 842640857 739067333 988002648
667966887 383617425 527746397 635469066
199946802 301504206 579067658 992515576
547905326 248736722 676770610 553044562
429318917 849042266 353063452 477179477
195650463 986951700 588940265 371908028
332313738 550956095 564491670 904269240
740068189 648000489 662867583 464266984
284433617 862082550 78600421 289020476
279975899 295191413 953228797 747922041
290172358 818236845 769657222 686285848
204714158 560957432 560964213 774312753
736531264 115039928 639687557 249759564
277420436 797115775 400902818 407809949
251473782 374616726 213630801 975274340
518949056 401081670 956599454 141151418
272669474 364974005 48743355 110527577
401614265 982621044 333632415 515128135
147501635 535666927 824771464 463190898
87521499 80234402 359765938 974207639
145616699 464509463 126450146 929498104
621443641 601130110 693293127 288089134
44191983 21263950 634717263 373946086
133590889 365171332 833888356 243741215
905587476 783191654 124722175 735609482
591375617 356241845 417827155 765234082
387663898 248137357 178224812 844177183
270621079 319130116 288811105 335184654
674743788 895979534 517874549 90404718
951816770 300767420 978552865 460675808
975764831 230330113 829261456 71547306
177254978 43106157 185308493 372181346
716070467 647347898 581503753 825100610
630547628 783051213 406517838 882396248
665140432 351138499 744036250 12264411
65772557 574427406 991949787 634178992
71544670 888269289 82282880 480614549
211884004 48870214 763270490 423616372
325421827 650607137 55306837 718909444
786636311 470335208 534204155 118384801
144298164 617122294 620913617 826674659
824067495 932519601 623734037 408377035
990557825 456133278 63022588 494072028
39751461 168755911 979788614 351283294
905542356 473828026 887384177 926956954
996727609 17278218 747912444 921765672
379735372 66804454 973782056 355004605
737288593 773245268 314867712 235912747
859029566 281009261 857502828 76771571
361755284 810573366 145185640 248809378
815472936 510887893 635917297 869170268
503282393 230061784 642319875 935184406
934942457 558599039 394827036 386994616
949505839 629354383 960360012 627616760
536706576 10064802 173666145 835689217
690280774 353782142 768356768 789394833
113270685 697261772 558580530 339279236
822325455 943911024 741322197 444570838
936004138 382800048 797166403 282279627
595432911 585145629 303796458 92294776
158967222 506739137 860871056 115576626
606732309 736867105 739932852 7337435
279915063 714603693 524394202 153092375
863522223 109880289 789382889 522687203
772044459 60088018 999474855 606295815
103282767 22932081 813101920 356790521
795196414 86576881 207089338 898780285
462759118 398799562 844023125 340101160
366969442 504515515 809148645 876022051
784844211 20998862 944159646 896154315
47338111 863749686 164681839 997402693
195158661 541220328 422819885 706717551
634226473 353418464 950893576 524069340
938581139 472843690 250396135 408729178
891512769 511112492 63241714 646951538
648939492 185224290 734550026 917946347
742114143 870273197 19154736 369378671
674652174 128002373 939396251 251754388
534554642 194990624 920758934 557423626
309486626 722858614 621187489 366760617
631930996 77289230 876478594 649803551
903481136 314786600 529467860 695079384
261069849 874638597 357357157 843181748
53859486 397275535 647354191 194573544
449826796 930683208 966901916 829966042
961348124 46079760 561454916 344654574
44843437 682080095 916193163 789121416
143383164 419158553 309606909 33023318
644128746 835560582 998853159 806091098
651703740 977074347 22022173 81166337
880324162 51924650 454885457 179367614
400412989 946494107 641470572 950141281
217749912 19381871 216675249 932864424
772591945 494571402 969668177 836595391
461147824 531217444 398723673 619053993
21735272 153344407 163725140 170262765
954497959 392191562 700062067 471265738
996828074 575641607 667483367 238698697
511812392 165541069 824721989 585041066
675580282 64844386 655021001 616148685
762979714 547175778 564367449 518162529
98035920 110892549 325310067 154878551
6876445 926705305 119580690 851723582
524044132 700207638 269354673 470289341
887071874 995625371 843032221 874166389
665891732 416039325 260908955 726545008
202552872 294793016 922235034 255371871
800637719 462105675 724503740 689812105
412198493 107834941 453641571 955761150
242652448 177927070 346792968 419892702
883818760 391925776 856343799 923568392
739008674 968827582 340961819 751887381
344847511 356521288 513778860 524284198
735211197 139515456 958374795 968494238
328703001 950578747 247110451 313656995
518749984 347565035 719388251 6336074
363590752 512864556 343157548 606025116
376852374 64765063 151746535 2346914
397614269 641770714 353143271 859318914
590249645 435522882 863577931 284754015
886467571 178879782 983441301 425349693
196154933 713246281 635248319 496172994
227635622 422821418 621526629 707642376
572678122 40810670 707856445 938831119
343372905 280062621 264345840 953718458
543635303 595751237 883769813 212342150
644829711 366147670 945264738 820520678
487621700 18578393 759338018 56788639
398330803 774613015 506902250 106221016
471276859 276830122 725728014 486359064
177561512 617548239 270505996 580429553
85669799 334206979 785820281 556848408
394915263 374385973 406854162 265257664
76435226 534472857 805828601 54155604
507809478 551408246 874923548 732905230
56863907 617218880 340137154 498378273
604819117 855471286 41514711 304348703
182986980 828283541 727201938 235028097
843522413 346429263 850752955 918396501
559460763 434787321 941860458 110505621
123543320 391261147 418821393 533160285
59210711 551037494 691444828 109222810
267051657 291979002 165012893 829355314
733955280 294104960 585539419 908776135
273476361 858832210 256129332 961485446
219751495 340632634 196204054 190205278
998793200 470954837 858775105 245740495
559621408 164619729 13285488 530111263
467104329 441777751 593988661 234094824
624373425 619796026 602780076 61685796
829585533 871131517 551958003 144559476
76488659 876161173 47203813 381958690
528388007 491757832 934929671 907102454
65965305 986875700 692798091 67456888
786046500 8714086 487710488 225042105
531057941 915622505 567602476 825165064
254778761 379849116 710812484 444113149
449003064 586120832 518138428 833683499
787943583 299463738 36909112 610903193
563328454 991425208 197277009 443907499
407709508 530773790 36922608 348244346
306496583 122863881 7931973 356243482
35519887 218565322 411594458 484978889
825123088 905812900 165826306 117735736
873289114 567169796 882147492 521587351
839281195 768491466 99313668 528731272
323373375 106565680 896430265 176149689
98697018 32087283 223169551 429598147
473200982 295038913 843752176 852136258
512292881 687711903 211668849 204943737
961541180 708400462 986723972 866311654
784465590 368453221 113846239 807226704
39203163 3195520 103495296 580421455
828845828 791942058 43263893 63526055
818763371 245749999 544457184 368749914
780257036 14948456 780342619 304457567
787261388 588321713 747684119 168234990
290412092 339758816 803654441 281372195
20093281 27208269 358536706 238893208
503628442 392981251 68101685 791158541
847372148 333477161 244786808 836837109
22844928 76251671 659179414 367820671
374598042 859156477 492295104 920834060
757783386 864606080 973088255 491767320
816973149 325411288 824503881 885621881
578069225 252573729 193561063 286411688
916992221 407332579 127740218 485163776
902806365 328635992 187593352 144797155
398578631 873811482 915195774 618978002
669899858 653009552 945113988 407113747
464103515 650963252 281416591 864290369
261344660 167870865 185391634 958615946
181920902 923516423 100100833 108057050
958560807 789102714 72121645 684130443
161049857 483539401 400330033 582030946
302387797 226972273 982366799 716065783
111511008 480894374 260643045 754857060
861791126 142315557 450155251 136167040
302452484 268966245 506023238 335132681
957541858 616640114 938738648 90041224
716486552 139361784 985294009 901560731
367149038 529280828 595384929 443344666
412862483 516203644 143531447 374692326
127097263 126257891 836046264 811269760
448995786 848624052 406568171 802378133
475477100 473909338 244292070 522320267
561139523 302266210 780109568 518159060
354988064 294906208 820530323 491635525
632916835 405132455 925956219 427886927
631869441 399919322 588654953 192475847
389873014 820614894 50822197 67975548
900733665 791171662 398470561 959121834
926604382 537643219 70021811 807431371
468260307 448306386 492210975 604181591
423707541 694749347 32017938 30682952
196245557 1278765 774257047 298800395
580609373 92273032 734178763 233652636
19393752 452815843 971607424 966990050
646286437 203360111 514504579 964403630
819292422 63880542 225248155 114068998
580896445 603724083 540941945 576711182
113743006 624115732 292034892 12269602
395054371 527778035 243278440 24625853
680491083 773706128 942318859 862046103
369063837 295078592 573735475 47331862
210897988 638097946 450600588 28591668
732557664 406751011 90673329 48904858
391836593 663746992 846239601 202857748
32958191 442757722 620967919 350962330
553998066 127322005 429677921 504598857
848206325 652946704 320287317 736201245
595544895 409008709 402017938 829164316
292964086 477991025 188261205 279178059
781758385 353779582 909308835 111389497
120277411 469084956 945971154 304276898
319735095 313001421 842107218 191806875
722889103 218999442 161381691 336648142
728703364 295885668 541713277 123973285
226030341 468309978 374202191 417412277
153505100 673794249 183049234 698076999
120641745 534901099 699787852 666143446
680682122 647154355 509379680 977650160
316561044 689559863 87443485 450510401
397707144 874030751 619271656 258519666
275354183 414314323 761064313 102237306
888596101 278770711 303519963 726521035
712847011 933541344 906906192 672588634
104841171 652418984 665445564 885537554
129981402 178532171 283485528 369328568
756160760 298438911 589320745 707758680
618120507 169875840 892493649 432881446
142036768 16641425 268246981 527352262
821286028 595574555 37229428 559164473
925662939 674563916 741218794 48091075
285938002 670936592 641370834 693269363
346444870 88565579 655481563 484399497
743184544 670365189 194273410 217350988
528897084 677595183 9579792 210300793
387223614 589792070 242384520 318416556
459916023 661205990 251736955 41019444
726243654 463917184 534272590 936501328
499124556 748401546 492225110 542416308
703293447 312505567 948098787 59076640
832355548 94709616 408221520 675004207
166752485 929771169 807509156 718487436
528890720 742201271 168569871 678143418
624372926 63594219 227901454 145894184
257194086 150579415 865179196 222366733
629163050 940098856 765124392 876038387
136453433 68884463 141340535 240873710
636792247 64345314 552252691 46654219
793362005 525736929 244648807 877169948
80069938 251975949 527543207 700618874
745276220 155935414 844742562 142257451
344882705 571009811 662904083 298346982
51484997 66635521 153321209 80821096
866591942 181768994 791024202 468517902
304991068 442720640 138256482 704772773
310577918 604237715 148603219 78672938
176562280 883590067 861783059 78780886
8988906 614427374 138622848 873927640
653553703 466302174 480354758 298669035
475223773 328703281 123796350 915792049
385855659 38065109 632730305 329839379
818778899 434037808 265610738 968831701
997343633 14098444 821471924 413117798
965832429 298643455 621311499 396501164
800242386 288283696 874984847 101300058
798060639 525677418 164641400 332274115
462196434 191937373 528164373 302681301
989470173 753253238 403780744 476385723
331576017 936186232 959872231 803413072
647686654 817867963 251421173 187109885
300226110 292726309 855829241 184704295
573310090 414705488 208610856 130492299
235005184 881917594 379278054 581359013
557829492 701754536 868652906 547550634
340618757 260447585 473758171 843632970
54561845 577418546 448611755 113691296
917723983 330654151 747500166 832786095
383263042 941419983 5884472 920360115
945317018 655298509 943239445 229280892
483275863 833716765 991132019 402520114
983356655 904550260 860399715 397907332
231751866 715389952 334704506 253296787
46564909 637311669 489634555 935600165
723020356 795778505 848944668 387012753
291397584 860632580 76331040 815956608
839662801 499834199 638107332 699622866
985288179 682475199 868272139 320584147
672273044 496354094 371886157 494398031
288072747 95595529 999441009 88155779
151327508 41228031 973040256 514055534
68863227 447245834 102975271 263156571
754058964 518301704 805590345 275313123
224030166 103648768 57752025 450222771
431227274 665845155 242985788 543147380
520398649 473809958 520760158 127717346
283602728 69690591 465901650 195357482
689460788 219072011 232519328 629287309
843573902 211893899 745965390 663206274
570774886 405659574 682912497 23514675
227229196 273864663 4763604 985099266
666079448 247406773 666208305 87773285
652532929 469393707 665781732 661690657
437182166 165103247 926139235 978730386
437508250 564525327 811849222 711567740
518248154 989912059 787085570 165947624
141275178 631862427 942913135 116052279
788846372 805231870 148956960 208031578
970391098 44723514 94798240 814148172
308220540 503641889 107818967 577601642
665939183 870228453 821213110 594668338
377653193 45833809 358434090 824732718
226669197 486888279 656700946 750051078
797061213 902971596 140094978 403471469
375145540 109858708 736993949 93992824
245104490 94859798 917828493 402010331
425026213 57041806 164015418 478975895
516998227 787672049 612252676 846843164
217617363 691243031 521268298 975119219
983423619 765783282 955417049 132735626
543877862 547682971 646620315 849505602
801224899 151273681 706080804 781371149
500275357 502413026 388321118 330130942
816634585 254307397 800803725 180046104
148276385 197829443 199386947 7780138
354040421 868803617 309902421 771787336
784219335 285944276 301109380 621279560
92314139 829026069 790068826 203956865
718028129 313927104 532626322 429408371
37324446 83129239 577850520 110152452
440909709 913820368 343832866 600154875
841115723 894099609 690789002 233346239
136260065 293296287 401926343 816379104
688284133 858665143 943537198 364269234
732446823 772943470 818417425 400456621
194600095 692641536 974407581 299833649
253815919 399900382 645185568 619410643
457608252 452019690 604646395 772245446
397095129 17360571 13547334 815831409
636813508 59184464 885032752 48001526
647902786 730266745 553788186 7898713
88126031 249054477 816990789 706226282
999059644 679592598 166987151 885191134
850613755 661917246 572045959 713921588
541238482 352690626 525558947 416897360
654610292 350958404 182559878 865274872
610660749 607774364 20100398 287476256
194169711 303264715 816722523 882707824
328559537 862125501 143231376 471247460
684894329 774711422 42235956 345635839
864728829 253066822 953330211 821832444
590784121 39314145 171311509 666629590
970781436 893880891 572682597 234755893
955446456 584784321 346107087 395907155
426959848 522412652 234130729 649249567
903121875 171039417 136430271 86267900
319416657 758231683 928408299 612399195
69577070 753540770 642122675 559833350
594555571 184841780 969755020 52023750
621493623 677424985 12025225 610609542
691081121 671962877 736797581 959662809
776033881 686730471 556937313 253035157
179497389 681286575 490214879 815194421
284712934 303980116 486580295 897248726
198776694 755096485 152077698 868986023
166331049 63842040 317408608 78298673
84132618 706506162 723107480 608473418
208522117 884397972 886900362 749424900
365130971 684014877 86188648 582305741
70240170 384299025 386503593 38556084
844770913 429170799 912343950 821795182
864478376 37204781 348215718 918853526
585520439 548863448 416356371 546149778
888411501 495533641 772098844 670980111
78364801 790785081 861498659 227235312
204322424 341802775 917148009 762280642
163238649 108440872 205697986 633750191
945021291 840988112 424459415 840467825
579147083 333768824 743275542 852698731
693019052 912844702 989012231 303274489
376562485 884621719 131404305 300657270
780467618 843070696 82666132 413148147
786907388 802404459 35771793 783396490
33185059 446556636 264290624 28125
600151417 566701523 433162324 820762506
708254536 120472752 49014268 195701354
99939806 573409413 711708759 77943805
726572267 975486966 286758381 963762531
412108503 31747251 615478529 843650476
57892551 85581701 764777439 611723933
339459398 516270345 748589127 698622828
850793457 438343970 439712030 381355873
234357721 588684219 494189262 697344657
809135459 241391384 384098121 661885297
259688872 51929133 492464717 274643744
642988386 805988733 785773556 47235261
559505210 542010831 179047226 963934630
829998978 953568500 814006938 844014799
563047082 623656092 733244422 394927938
580358634 523791308 618848899 563919731
320056893 111953630 927624476 484957712
759391135 622244203 786421887 663023261
923566236 575123738 642226216 176497232
56552251 174505073 758475175 162081860
503991871 789697292 220274 962514851
438204710 5358850 594791552 663615796
922420973 837692420 574820334 168023621
306447619 482413692 235060824 157006749
827964410 624379526 92788638 983751664
27579844 84311749 592396498 946987466
128670391 868981689 970652748 836934616
449348363 780885219 181002960 616310279
694674800 225276582 699133352 934395429
344698243 116210670 383852618 191283685
270884266 442920903 864514934 818756843
896372850 289131510 741961157 913433082
88953548 175446773 52878303 445707897
404188385 794467296 747746378 317642005
562096723 856603227 234007481 776735229
132920643 279776205 291630572 889853605
843130100 430122541 863433221 383235418
336678452 354970162 934639483 478091521
353344591 694722170 376845810 882183435
235304905 157549830 457099987 479545190
263847709 889322323 640577525 870227763
901943348 764520615 809999891 691842778
978810351 803030511 874069377 540662213
482049953 837861280 13126124 360257287
402502117 755080001 828175718 744542908
581525199 878924792 865625957 873914430
23340750 282706072 787476895 850071312
795125190 476571247 306951102 543833391
40442457 658126677 868034536 332008983
936414088 866971884 249935424 843301248
562133734 342661612 436693897 932343325
72526761 735009094 296099399 761798760
20193800 168406927 178473504 587171745
731081730 414191098 120659031 997835959
832076200 46198143 527093824 845395538
200656283 432805967 842587455 26478851
858597499 560262249 664963323 793110286
593470725 979453389 215224743 428155619
186850825 181407180 799380197 912539756
139648067 168436270 391852928 953031983
740560900 135343242 905918579 151828309
849448609 445114246 924488277 270364903
171403030 190321341 691205029 774807752
698275083 41697977 578988482 366360251
572549039 154851704 146533305 546652623
774606636 550771193 425417406 306321423
660937509 851962484 678782246 292418725
131944249 73107644 18821469 929259560
46040200 395456003 821689643 720103166
950746548 701390767 920121373 509595807
954534600 339180475 433748084 516017375
13891629 461528953 263093251 647549366
226736090 287544993 44730410 619672883
43995292 21831175 111336289 275268589
387876987 8243130 332628218 655682905
684001131 542628068 936698818 809405162
134403575 87441773 25011183 205256489
806255086 784549176 503777656 798251775
75478234 500001868 904809227 987469950
339168522 697257959 600172113 383061717
488075408 38893652 26327098 89997915
981119382 717489563 544700193 68318505
862884226 341837812 458081814 980969410
284400204 225881369 828364640 26856921
123305593 955160129 575869978 596642889
340286949 283113128 199542474 157465956
978721147 617794590 751883151 30560058
480216961 825868220 415887174 887559018
836769473 580223057 598658580 206892728
843487302 131791946 59654863 224331749
732536381 265226791 513628620 885712025
147823534 358628750 500032594 807581726
98643290 478499925 608657544 179854906
204372685 44398365 392822248 893592391
789001088 338699881 67755394 729309584
707725263 780755908 792830159 480598908
753394897 537808438 72519509 752958144
653059133 306102663 28484651 418094007
222064369 630845439 737409045 39555787
419821131 127395349 423072967 640980080
732906107 588837708 894109570 169883793
402812252 381025816 333792122 867133916
487308100 513992130 272319390 274725967
699802199 494422610 615361859 845805988
448091511 974185917 513898628 81234328
347070405 349575735 611966106 91832663
573746073 97324095 68985466 813666004
823822856 145443606 620513710 868896683
882113908 475774431 476381300 304971971
799458959 795780282 187367399 481836640
809227209 699444785 290458215 774411355
521928201 55175505 859246208 229670722
559891415 482238373 747870124 994286687
663566718 170602702 107738812 398925682
62114415 110195669 447239752 62097668
534867853 80795461 923028266 780411058
55476611 782010240 297556598 843785887
917205261 589686976 808300706 518076028
334093338 646418447 499388261 602674406
466765588 230914581 916111310 696717467
627519614 103016054 176507056 808526669
271945096 288590901 851904893 735170264
870877833 656534335 977471584 452041231
453568436 248328840 923129017 637078710
278754880 38969808 797735012 126700574
534782777 941143719 68463525 253845220
898112539 841940826 29183855 956914662
299898368 272302256 931094297 461688408
490625857 806033757 138514102 944394504
179733850 626979570 379107031 388315099
490777657 143783614 587212006 85298129
240098947 597020037 549017559 406330260
907243019 825221593 366114332 493081654
759109531 497023965 415343102 880294444
714282630 916288787 833222887 171240282
348843565 568712344 19595627 427562488
653398690 815109918 107307500 800795435
941655753 442598563 331406516 777058624
474085955 769472129 570069880 902076164
121706920 382819961 222830053 18621334
651834071 785817680 959867331 131311947
720938191 771325820 905378343 66861170
293589341 562427669 290585440 733925638
549254486 447925137 292132962 373958372
314899393 666052791 699782968 786072306
926071909 480923752 813020802 796806177
661875770 184248647 462657503 87982222
798044165 745137342 559817742 149837531
784708631 868002331 815190326 157201879
206032845 740945438 590521086 459383893
26286193 159682550 670468595 243045350
853342470 455758681 543896039 898655019
444818125 505198495 53181538 331511471
802457273 90775196 518309314 729174369
542504158 912298405 17101764 962112325
556212188 90817389 524653003 811347298
956757880 406731065 834652140 872562349
796343629 894038139 18104209 328146606
198738369 98506393 742035690 970888371
467747760 453831041 949891650 277569864
708534840 178192561 884996244 660882463
541681133 87773539 235929572 350758654
972746671 301380505 780227763 442492645
119875838 430688256 178917900 700981566
35424162 973784386 23464828 393181849
273085837 161742305 605152605 480250313
516424774 483368773 789288499 63206296
930264969 658906139 705930381 621357344
350683945 80405303 985877664 552777394
173684489 744798524 175404118 361446389
615370661 19466681 706251377 403949724
424998367 322585092 436055614 259938121
100020028 168178955 21010877 291692577
940453049 248278396 400701947 921139490
568454336 960305215 552436737 851065786
620948204 165973799 82462695 255312043
138463864 554848913 918875117 473438172
363815889 618739267 808553625 627757428
432451393 58469887 748636893 159235157
180883118 624386585 429997365 69743472
142938557 267272073 494924105 627623762
309805132 542961724 796568980 380597607
529568537 634406658 48961303 128694536
812365093 123803119 994023571 393418777
895372670 633451322 249908127 404597254
846469970 790369075 169208503 602961146
184139473 102812610 550551043 391704668
729366323 189541864 874195147 395085510
627043202 397337735 515807566 304824812
337825035 503194755 777150123 586513943
448855105 545671408 416147627 760486048
359113682 16096217 152053086 223409123
593991394 292534571 460595991 437039304
314218704 418212503 66578932 498769482
312496981 638704099 90060601 687016351
263010178 129748200 630465948 913735205
604867997 9971884 369924700 652488705
827869717 997550449 253642744 670346054
958543459 174429204 773212695 323781672
259842036 398682229 148005529 840892644
964712239 43744950 167129639 180425957
265098952 830665594 446787534 826635824
226990177 14686120 360805560 660713438
794694871 573864386 344483943 313746927
321918681 916119545 506132247 290803525
307487744 303724516 98727986 830387394
366166609 868767144 514364521 521707403
668601225 278029217 788888712 169687150
990665960 241178812 359736548 83539600
445367259 508451401 211868939 203628019
165978671 366156335 807035093 746899811
598762792 493245378 342806709 980953208
541672293 636189111 589008035 585562311
157521683 618482004 151731237 450963262
459554984 982305848 558316130 144118713
548776698 492611342 615843102 422745452
392021467 260851453 194090446 504630398
437965648 428482951 666224330 335411871
698863788 838631554 559109967 350519195
108529828 592124129 39082535 824472913
150440499 98719802 319566544 328993668
918455225 384739542 816127088 363117728
653399896 461152362 115556589 156434904
126468003 133954231 626712853 604820600
8976891 615837724 679280185 969968564
176842750 86879280 422762570 749382783
779597473 831141328 751080915 296841525
927874842 380150938 531842954 21339702
436762889 968679384 748547089 97195002
491863572 14859948 399052660 77005707
950621796 789174444 387691441 835500849
778168903 66267959 659034756 248665136
615266595 459198087 76145925 592105885
735015447 112429474 653183660 837887621
476329601 155696947 206035405 339150759
672033965 726817012 947164311 90355057
114727627 985696182 277346383 302162104
734604903 766321842 58061153 660648901
762642161 7817262 713866495 649084682
71026626 921100972 142246321 98895471
853783239 71399033 505971475 918979791
507292115 48020676 615925615 264489633
925894072 326221986 495337412 682048411
723170806 806296868 765203646 114875549
900175931 567893543 523261537 259217443
778940939 779670307 926184995 605710598
931158015 411896394 564912913 431853701
685435002 511266314 705476556 215756274
828023923 460458754 894925144 700489760
240059910 633355169 502908580 781297125
304695261 661577305 475550154 806093041
802114614 736729826 692673596 437314208
824742176 136138722 265617394 313005593
696292079 520272767 875283003 399800562
573032576 14391653 947512545 199370804
501620364 682244165 688420683 939261679
863978239 655359573 658643903 317769998
853480681 501297357 467371948 160469948
17506034 357170455 398937538 659143786
251153931 209289850 363316423 600990052
344326454 909870206 784960448 647133210
848632734 145984842 929271111 791664461
33061039 212826711 638190246 209138478
456277666 441110779 362347597 82389595
628029867 872074353 193994607 939923833
990761073 366050447 83381953 768071492
987858688 60104016 118391559 580243901
588195724 678525441 12012700 382878964
276748590 63055482 755371739 495425758
438133740 18598392 501085407 244789988
675897139 148345657 980190804 874378149
636083783 403408552 891988856 201241122
138174082 249574538 293797315 957279323
384148407 993468103 750285990 621659443
750959587 541148692 569605258 73012857
367292811 473795981 374015703 53870782
995346704 877488887 167589676 651403195
925698600 971828558 147151294 278377492
680948283 844572586 746232491 179624543
349551990 39886324 203120795 202799482
858745839 273211828 382881893 665540881
724498813 815190827 776263682 910166449
939699374 69876757 356281900 572593962
963743802 797302384 369936821 202521380
933405057 384382303 306659392 446758645
687003832 94448652 620129238 339351472
220650147 875000717 280948833 959389709
849785167 487248430 438497025 653491032
564415736 301692823 79845742 349617191
919339942 858408066 399993322 115193196
63760972 9537661 702338175 170157578
997990537 218425675 519091643 414635597
384598645 552746088 910178081 471533124
158981575 776601278 276549913 643845216
893672045 480818819 479187307 296990057
235625378 973669089 764145101 438612879
247410592 307484330 849717217 139784380
