1000 1000000000
274114246 585144628 428914629 86806833
678064867 995528623 275564802 858711506
21740192 4311135 136126494 51662317
470998418 929696810 237429179 917767667
456733405 116901266 9582037 183344565
587870560 234471947 86966619 513751116
39626413 282009336 528299020 981467967
579551435 94756856 967387682 159667828
667064165 60992173 272407904 724761834
699449067 720710829 270974309 318923081
776679203 673155181 692925646 720586241
390459519 627484203 133733147 869578965
313985666 22994907 325048289 521683785
417078497 569801636 187258878 962644931
745240058 579427174 802389055 525361650
790686654 327248206 390454833 104857320
665593079 931824389 410976274 482039608
411447915 297985173 24765350 533073883
932416501 153327480 481577207 924972445
853317173 823614016 197855181 423879933
143098463 523433385 105163755 437983654
140178799 83669306 261631868 636932354
704456777 231858201 279052157 993102147
897080966 33814280 290884935 713197056
702457616 325015850 404973645 608965122
306171461 163359809 916764011 732533956
264465331 533220337 189296037 516698554
585533123 306716630 77353532 644524443
322942131 493010306 547361320 830243058
551919812 586977470 837719213 30989111
825631942 968866607 608850579 149308458
456091108 502218674 313089016 924535431
326635808 683474894 604811973 141809377
896034401 581969442 85127356 346596738
477349260 406017038 117474144 326719967
484721542 90550518 798072231 917588175
108113205 610251841 308788901 53040000
131225056 720281111 155971498 94453048
250719111 617624851 342149446 144224838
113807328 263612304 938723523 193204936
383816593 538113798 262466040 681012257
641480687 126378609 534741335 152474150
175328368 790658032 320239495 810795726
317618148 567679396 281953460 252768376
489360450 412575779 749293006 174751132
469527918 554741538 341661328 91231383
491577957 328505486 316886445 954186009
588866748 301163361 799268720 386139634
377863314 797105178 401014341 808156597
82901567 288614491 800667223 255550512
986692601 945352190 823486277 760830784
938002228 516573679 47570421 606907508
727546040 414220918 934881019 847629247
449102210 280800062 786689607 163321870
934795354 379657729 251053252 538345245
775708586 957349904 827994267 688071184
843098634 580551445 422764675 144074085
916104706 914098657 255576313 958462001
790831394 34051 901477392 951747013
424450781 705376082 867848343 664727267
446966048 448334381 744937366 974024289
905572355 743266213 402240064 888511779
756166741 692709021 742476408 257985786
978755482 720717765 923492774 55471551
665576273 647645980 284243535 724277852
855522491 973089358 754619166 527631565
141504221 750972005 700089092 832516096
302774321 796249591 437280580 90436793
729816337 916720263 178523875 759790945
786077800 858638079 330176866 177653309
936074461 342655556 511042928 619000751
530848924 840211839 46320679 272359475
532627413 829155804 378958388 970757648
805513663 881374550 64037217 784868203
799371538 471121863 467905292 44189485
467054296 263473811 379934722 348102788
127987206 994948473 529601191 87084433
421441602 248465201 581773905 530376629
110307603 594599459 273020173 457536067
854794680 556482039 192841129 997310868
711004816 489243258 956805615 319247675
654754974 202443281 325632492 374600669
844125774 2628167 703480228 428958211
280218171 374707520 937113764 737206726
951983982 754217889 828544546 429818188
107768911 849364977 937109489 645381675
757658380 69015625 279401709 142421671
746797555 769926595 508714771 24029357
602586980 576030042 300913130 816630470
970462096 353574766 149852975 325638752
955590286 324763656 484221052 773546781
331239858 414299940 720691894 866631506
986755297 142970603 299408056 765892596
207975993 339656794 138232183 503795548
103833498 494563307 952545667 590788108
4799767 898090712 898038620 980064613
410863572 525143959 82126196 172466011
10393969 987346022 762921881 848633070
64286251 405579452 597142259 296666980
614728604 704691049 227866953 601321829
347894736 413144781 65592909 335576168
519122986 822196182 308218309 602862307
630028125 5443297 628669588 161339884
556235525 708274608 185601337 843728216
259742964 10797536 477927139 253310796
350986295 407225801 452444925 357503758
583639293 757102766 345786078 227445844
352808458 611941656 917493854 328193805
179941866 956425274 956872232 191625930
648025874 816749348 919827224 564194126
578948223 900650925 926387606 505938284
716389895 20994490 502290215 76271668
7175595 296057451 226448129 226858600
821199607 380963154 270004642 861002787
942021105 338042923 310907101 135255141
767858338 870988486 839319919 356042177
553150624 159919961 528463744 329644849
416785797 578815138 232765384 382106890
431617682 635835435 641399423 255142604
373005738 609589769 726624325 7578874
577921475 787110344 447244401 913734072
613974880 197718375 611543173 893005908
994550419 542756384 680495530 164901150
813464854 755806548 795922765 871133258
71408390 883003473 283136817 255841960
519949571 331554302 887370501 660183806
655324250 236386011 500868528 892813931
359218459 917230385 286051679 945954255
191381486 639677572 312161858 790680867
329372494 201950910 693592754 869266916
533377983 287136859 202576520 371919079
876105432 106793910 363172994 284792252
654353660 192544758 953414563 812096514
115176506 998240999 927698262 451080132
119385274 198040129 760583184 973985967
636330991 742999946 386724031 430846390
265588108 542407301 414716081 927029944
972743764 27949270 983860649 157630143
915662546 182223836 362417346 176612691
363626294 326336566 833272097 193074836
903554887 973412649 855125535 136276060
568891802 409509133 573422736 777809110
686026369 217001518 828458240 876908753
597630668 887856749 498804729 768335968
51233914 533254450 688155236 434850172
11073606 949340827 899895191 827985731
308889887 385160045 711314494 792134511
747945739 705652407 314741101 669100505
295583057 961717194 5238602 244792607
672128314 898086619 25516720 183469689
358639422 361332796 492383107 889528268
345166613 408272718 186669471 566768052
78257143 943578716 829004070 73481554
577676581 431263856 69917121 905871196
445056900 517963329 152869515 222154832
238425836 394718747 867634546 175514492
127230624 918757801 171836542 231239273
232077293 425317423 792538727 788460277
949730521 692639343 454090103 142573799
54366077 918335214 789099251 188757712
26304406 392205590 360549264 168074381
309900710 675325881 11124288 199170978
551616059 755521513 668241913 356258721
111803881 191600866 289730422 224562135
526467125 763158146 489832767 822964604
679028639 918416178 80510902 403709564
873100648 658777583 567490436 778115180
610962892 290193200 900574362 598422718
94208325 240197392 217419627 300553430
561950120 891905643 976049695 752191756
725014085 531995545 459722682 43581054
947596917 620908701 996508331 867267711
768146155 260915743 628594342 552794557
77873135 365231910 629135727 385026063
16314049 998746826 914293136 947407676
676504877 694767105 240062089 290349570
968496115 951249045 993437384 233519791
77792789 643581573 174482246 710276353
809993975 196363340 426156699 252923699
846165034 913244135 222207874 595006337
548400106 715880070 146455364 701219077
959967294 667566463 8818553 706283706
232769499 406712428 792656300 9292292
355925969 378207972 439835629 885270785
235194871 522776977 354605904 40831016
900708262 335022400 679289209 384294487
275453192 980872774 868902201 733424237
419124309 785383781 860361597 199880191
926378226 977496200 886764323 155669369
536895616 873700723 824247594 81254156
403782196 113262614 441881347 907958129
737564828 716875941 209619447 389434415
464440819 435006862 971469284 13456373
718337785 234685716 616188484 133441428
198387240 159303525 738645502 912757965
960954850 517792937 910531680 492571631
658071824 369059407 655084800 389303950
492691625 296449293 540080999 209719801
940363689 602974785 860097550 575268313
541664434 884067491 926717568 622756389
214724893 884576835 253326875 973981691
897040474 559007604 840731242 42034442
105437180 752918788 801083164 994764827
742691391 886853066 552967252 369647189
533440291 665783248 95664849 557745341
564177868 253638849 416655738 563197632
380301542 346360443 434679934 393806190
302957063 207988547 62779960 112047525
678394962 235260263 411435585 548455708
587510611 535934713 644362955 55289010
972732355 542803983 765599312 903500865
841981295 604461642 830108603 543645395
339514209 704811682 302815418 929277232
707618257 124012420 784446226 259142380
907087767 481840286 515803725 393256762
842933985 701389512 169493259 452556899
705961815 874874060 505621128 165238143
200543959 172740115 111577875 150590346
676189279 393693204 726227211 936146719
620472027 296791971 178765075 921860685
965045140 5750270 529990986 395380402
754106155 245806482 112082921 201344239
408384346 195424425 461544642 147769648
393387438 566416506 437356655 339637443
953797955 644677267 872979182 591184747
396240343 533678376 78346506 844337439
869093850 254624333 736624040 99414948
674805994 888282385 410798244 693292618
330106003 89141787 582684947 652521575
72542133 886147117 768753650 498265569
91648486 254209137 317322267 778121311
933895220 557924611 729195807 440880615
783878539 819988610 590662211 190069141
807291731 11547860 681292732 604591488
339683943 618295791 754098620 923443935
410940550 407005475 877535393 52979918
883117639 186638248 769529232 58576602
235045480 703613215 323096235 787583123
561636286 627277098 284206996 445153903
957367253 292298875 400106691 448511522
185137296 984334179 285428740 286002736
897663168 779916515 811173077 10830561
877718852 405548578 194214628 748297902
49600859 271368186 940219367 36712706
570802343 563715876 720576229 210713218
330167911 99728339 779063040 790969634
547463645 36093000 435298684 911186104
284702325 625849318 298943076 75359930
194242961 185371947 809413798 694935307
677029328 230037131 487364550 988019396
645570752 666232395 907169130 97538378
548536704 863452232 454252391 138596581
819127542 329319233 939952262 675068673
913278316 58819029 695663729 711753590
165473703 377723428 96958840 312423914
271497896 958307300 898603601 112039409
594787165 170468632 270842999 691207345
758345754 67174490 314630833 924857793
875969283 958447018 818899478 192891977
798348086 479346439 701609140 497717788
71051441 518188173 226916708 244640425
917647056 401949409 636004774 626987122
440366850 788047719 534966122 959719160
981537296 145976401 945711790 235729090
125563216 772855630 761279817 803259374
564660254 595560220 539200828 787332161
755347845 850893421 43393202 891248501
367572404 367006633 25067803 707491329
315394181 23802974 436416464 114450833
633082786 912013547 127706885 143602041
16184465 426105130 948874213 911159584
410358718 782403280 114511762 345262402
305455539 991971426 162417773 111662197
143442502 172671767 921529820 335471384
978728347 956575013 86015268 965641999
102629293 569482994 890137083 957240060
69021629 970472251 706866770 251842871
709160901 375544657 388328974 107653357
979343530 595519541 182111644 473643308
795411841 614543125 611061430 136729410
226421184 649409067 763748709 225662583
660127645 525202464 402640623 582538421
151874549 769631069 193700096 717801768
796234325 713031659 143764270 651675396
719838439 811121600 342901034 319066756
391969665 819424137 895475192 799325072
506812980 490519311 981924210 778324999
337557650 584266082 807414698 586412051
279779631 923795627 517055867 867616253
225013610 991611893 249588027 709497723
904750269 39578983 998118788 71425511
571888220 486031924 387487846 996803206
190242935 634992416 68393817 222386146
914746395 831703652 473868260 373751744
706746022 230253786 380708028 799445344
297244586 377525541 175540187 260505241
102762026 341818456 786571045 1867216
827771521 421642092 677257654 70968003
763939012 914493680 131726388 679762600
869918213 853157621 90830945 878269152
450305634 438163222 765361154 56657897
352056708 444636233 977692671 482928502
501631835 928979392 443096338 899828578
285642418 692327966 601215924 997021974
724963292 495682987 761372410 804697983
26262970 423530003 805904294 472678223
410372003 325379390 739372350 524724386
716698010 233991445 798142492 707606786
940850447 679810932 237576868 350650451
884129813 157317194 644057626 306117628
392485600 552379645 506755670 162527624
420269572 376272298 99105037 742856529
246020549 478383961 921751224 249598941
786633001 910264226 666787944 81509200
267953120 23956450 433606368 266032977
845526801 553093874 3405287 843421317
563945549 620866132 49554457 282195888
185774542 475378013 44646493 218258347
397551297 665579049 563113176 577180751
498356734 567603093 786628291 766841956
839222823 712489442 418951789 711090685
136994740 370965237 383939990 230102686
202530170 320602117 546767569 198852004
285641589 596236179 998361450 659880053
400930993 618209548 784694245 846715487
549683322 310636067 978043503 137346014
488744861 573179331 290023727 867912421
554753986 226796064 172097537 382460480
106165174 624677649 250988480 403876010
659549531 686841855 945810240 228911145
969644176 322452931 949384194 197326370
51611081 87693173 586565347 618853102
306425920 399989683 224401320 48736657
398298452 880964721 669471675 310123757
526771924 297385445 504817464 966788020
664443761 741379658 642762611 382464781
123081826 315128576 901573543 500907913
639282409 902668025 192992665 661081411
52524763 514288804 923914102 835261446
641059542 326992306 628949366 51478447
599827250 781862629 764167196 808257149
608110699 966547804 27470521 179179856
150460446 1308232 260810324 476099564
564879313 934370689 887869115 647088047
87531940 809152213 492777378 516616491
627247014 799032141 99805972 826442674
741692399 558951853 785631072 817787199
699052349 257583788 532772882 172461933
431005985 771228561 570718146 151454958
488042781 986329256 167107737 638056741
464892552 131233501 687132035 621195629
290398202 922679754 277271628 5701452
667180613 738021098 422970932 752432483
222886601 210251232 632851203 592414637
143503590 404059734 321136960 227499097
921264209 582555139 242986933 349370598
266060504 945985740 901514812 307530307
901534911 168453399 882654641 511605268
743355262 513332637 655920647 778201217
548510444 275540281 73498331 11358196
739177475 290416467 906344875 88226699
835920955 396643443 485962908 300719400
117244292 582379019 896024976 50577371
449459590 796649431 239381494 225069101
142291969 976787408 860593033 465163852
183482989 284738022 653305836 887243823
976380848 683215342 734679009 962776549
567693837 646861350 152338453 420413657
671270214 120453680 216034207 261261990
386391928 774951344 591460046 223001987
728006075 128884155 883329432 269528080
495779181 993476163 937563574 717791910
282000784 484414450 740416315 930016064
306096238 829909669 372570894 825562148
654301937 72749106 498461718 653778192
389144637 574995234 390690928 836441784
907997774 718651620 947959724 707723992
885464963 481639786 936041925 849579436
431050902 131302034 721654060 496094470
387443763 171896432 799678533 71752147
124636815 318116918 989887379 165909093
89068813 697000042 885526757 531210136
890699716 336139488 630463729 931835118
140281741 748437109 228454817 725916693
216076190 794176303 572903880 449985713
493027755 206200551 312608522 478335061
566357042 919244759 650680488 581273219
985019920 484365806 286245018 765762360
117869866 697203313 93128845 594530229
810329360 838635890 306240906 505199271
122008723 115582155 767851128 274659157
821300650 631606036 666498929 357933401
412059847 612988184 539287105 272786068
284455958 991312224 135605853 704910563
296641606 453194228 107701587 909471047
296184164 679820746 211486209 66503335
773176655 463764274 820267098 755670497
784078038 971374025 668413184 484814629
638134834 897133565 134299201 183525873
104015420 280095537 25194026 675512341
758125180 582930782 606560844 171766747
480308348 162664237 660270616 148355561
297895914 756381128 808138657 639934280
430266219 951697270 804528095 148648006
361895067 115108805 120174305 392247866
564846372 296565739 654065182 746826335
336639231 788566252 957752247 258989469
677547902 793842383 221947522 922181178
460633331 456880286 180567778 24154511
363656559 98249364 809940584 287198699
613858030 381951359 571216044 150490103
186888188 347719809 737581363 847490957
434297833 385889620 290521703 564283603
103072351 646009759 628102728 220661188
411586670 118928515 389346915 186864390
651680044 575886918 887567947 516855984
123302332 718450635 118064889 232773505
935669519 627801218 473265275 314525840
564611480 584683542 385636378 242914604
692011587 25703534 503594570 748301263
702240714 841110582 894302594 667558997
817393030 104192405 150966331 504373253
963372046 597570488 737878805 712503264
83867941 662548802 625662513 691423058
148294067 385182645 830202423 729318841
986080569 586884024 945004482 6369999
657573992 379811322 694038645 562742089
366410623 167064379 804382042 418709404
709526664 94663354 418412991 375993597
370986175 295420101 408233338 846571476
197618275 970593150 856137724 935183770
429734469 155124370 374420241 698573405
553964604 928149 310368714 737444295
655908997 464369845 272964476 185441151
558181711 769277259 139989595 385341231
948820134 96519092 338636562 731480135
137702788 693194000 920969191 861210435
426814909 753880907 18862598 851595831
21243563 608730652 732777276 742179810
484516324 132668790 193572057 941665829
237415811 763365620 278790797 500522905
379828036 900749197 67176748 722085078
134559133 279761771 312600640 533861404
353503395 33159805 59230618 293192558
367264875 977272490 786668599 938382937
533567507 815908269 532021312 981459508
590016931 735964188 987312101 397723125
337175287 818421365 537599275 228400986
90423451 349098523 868112121 172028728
405073894 160819636 793433141 139297763
495616448 970389741 574039292 7036819
443612706 692133069 708111528 471594538
273090078 908009730 81215803 836066332
237097198 165483211 789777802 49647507
541033318 305181383 875460593 348870328
313500205 375055459 594211041 323926367
36576919 863173655 682561020 963716645
609279073 679269691 677790664 284062734
106475338 877362991 581333700 371864232
452588496 688686943 326098679 173131782
107236463 186567756 269716571 893109411
685935512 71653613 337695327 920786423
956716138 21426183 685315162 985474703
76060837 385638146 763247932 612371680
189414801 754167684 433000086 745709897
573874364 69870107 378033123 533381574
793155946 209618417 42844993 270506667
465544773 421220588 73478427 195623053
280918684 422188161 669706837 39260758
917713724 757195623 868331882 352496122
113812377 833531282 978167631 335136810
577389878 822935439 869746440 358307374
192312660 648398900 230342589 912838211
797422481 941788575 856055377 174476501
72143739 332417038 899551479 311707814
825726169 159535582 891171212 375630440
208307711 796666347 620407803 143218449
244323421 946701199 419562249 220215667
549533762 258869345 321024252 954489082
726406079 381432782 477250879 240222912
41481628 248719900 910287636 26788412
969591406 612690430 932144490 489621593
19593806 295036327 464008047 428611741
730595125 820523740 593876467 377689757
691589354 532179227 188143767 203048973
535354759 497024349 636311041 460555033
711270272 812966279 657377982 338262325
323867814 411151271 10966045 619868563
356040879 769381995 351101372 763204937
542106327 612189090 940334904 525412609
895831340 404735809 235515866 306630121
209927283 797687617 556401139 567367550
820462033 412396135 661628266 313660492
148043989 548235409 721303396 706757235
45476904 11079905 519167432 277991463
792405235 484086010 671841418 769529138
10451438 372763112 193420075 369204289
798704264 429503744 682677828 979075493
995615550 576317276 59119202 669439942
696424822 849980878 33989396 847298938
232588047 3135903 804878452 839921486
335936522 887221884 954634540 503230055
123129544 571277132 859896495 645556496
324476826 290110835 911897725 491024288
984832440 312193833 382472101 585817343
17469079 197223473 835480996 649421804
528767617 226300186 113772502 941978978
216610438 79796859 964561506 730324267
497690382 908834270 124978729 743020044
838511855 775171319 958099287 569806085
689018292 552870325 556218270 111004887
125448480 802829964 391942499 90954569
643334076 292152226 888071126 784729139
117483017 672920665 691878159 478110348
451892397 750615233 630492083 248363733
64959378 139220191 338293239 743873392
153345843 915069295 258675154 615002304
255379420 119556875 168445092 861964443
760254058 737906160 503707416 391278876
403825940 292217463 647903886 873402979
922255311 407523179 401856496 722140105
754573157 827127447 477732199 133560385
548089570 910483834 186939985 169667423
133675739 815400123 583826259 900598575
46905597 652816198 576565760 270120228
34285862 57034584 504165332 361364327
457607199 248051400 611231755 427094274
618056575 788069697 202039826 58753058
427098186 484032009 798483136 128107161
786685434 918749457 23244634 450285383
32652779 550373202 982345984 223006112
423973891 416247437 253163432 199493665
309402350 174395551 487437651 476026659
421265159 542913374 910701072 758545343
745998265 692393360 922876033 424137636
501549341 601733254 706941865 780061016
486224257 164458049 450490105 815354814
259175305 350834216 127543616 226999339
84032981 782313290 215524433 407660492
814058311 737145253 813032125 982196832
745007813 693109823 724425474 566575919
802490800 268982361 800455408 980176439
84357662 276251910 472000754 607331774
200162771 307227797 977401128 172389272
98298632 170793057 975270468 30311970
934938700 55811102 627025469 318201466
766295313 150944490 372580075 996401085
266600574 724754490 148096806 527736863
697772010 487941805 971508972 242076804
142223420 916338084 947191919 518571068
109107473 203926869 909323147 714506639
166641973 27388039 220264011 848746034
68545593 68360380 171863966 969609273
201390727 227675925 720308861 121188593
843937357 150883591 334464610 80874872
381952876 501183229 402250407 777927081
412903786 185323117 831734139 455780891
70111288 717035854 743207974 791914192
759667760 70969766 636291865 740038580
873249707 460056061 577687726 577865042
359225902 498251926 791856963 133514282
937608427 634861991 718228094 527042182
419279001 532817403 966773910 840842195
999190350 135054248 643584867 702918712
6973540 369286287 629377848 616866046
141859942 325092130 284049810 835034240
855708976 813772338 980038372 519606435
834141754 818232886 193767313 809775778
232022549 142119149 155931513 460762437
562054872 63465381 6965728 684458226
985819865 680521119 368135761 299623889
522594729 536405541 683354595 616155275
512942534 280387092 856470578 56434768
540560412 586463053 412629270 217271752
736627781 490466734 41077628 437821719
612144668 919503558 140682552 547693632
318621919 727656032 955785631 19219639
268263444 937988172 17359472 963499307
974109054 800682020 883522743 79471679
286704303 553124675 113400533 368979009
201816974 86944902 235575301 411155874
540129860 965996333 854824806 805844615
938286641 695443153 967944228 508828300
86719895 455765408 62981049 528560757
587867258 79155025 391058395 842890144
458441167 308482498 70235506 622979952
52213318 312418814 364210399 308247455
52496825 676839133 951592601 861441760
449099224 500323023 952666912 540620764
592891499 673136125 447829622 349453076
765274822 214742607 804622013 701995818
353144565 686364651 473786450 547674936
597496974 549378716 33070359 596462225
879175632 683735505 772809977 912452038
961348017 343674177 702600473 753772670
756128440 820577793 212824402 941119990
924972389 271165187 232418321 643919305
30740009 157382627 735157913 927546656
529933491 449010486 561401116 808878731
548143035 686834911 669485279 445362563
762751336 423654711 89689732 432337661
109832562 60050088 560664625 809623541
884110518 103741218 993900925 12293714
911619881 998826629 459043788 63739908
175641588 331205207 302922680 580310702
6942122 608851860 103242015 624919262
632277549 728088617 769503610 520990492
657661434 583328690 875769361 526990329
159412822 298254545 691375771 248276681
126691357 12283995 479326424 827296002
601743464 106075771 798627670 264964943
696026082 857099132 394192086 840754938
823369128 784415973 755183052 320986908
403236333 22677174 790978328 566454144
411432367 227966535 135744686 794797644
905299807 257145661 315196393 896332702
141541164 32026248 367723672 995135122
305782110 543146138 505187285 364643241
399557561 71267747 832978238 9454293
303617512 827687334 912104719 425774935
251733727 679039116 944814809 548349217
991835916 330122299 436756839 231359217
907141164 751704027 648534046 343256750
646041907 445850355 672396505 21852220
397137473 148300361 130072247 84343296
795578951 248173743 325244104 998022418
359232957 647016517 505150386 102312355
154620371 255089595 506971390 626672323
335053946 163475076 825408099 651523796
434589557 462456445 209527824 808207637
134445165 844260446 257612089 349659499
517042192 114896123 840046695 511371196
166355712 979876420 839912964 164402677
927501243 806765385 787030567 997617150
133660117 305439440 573771141 983417539
913052744 275964230 953862970 814027715
686444653 497586236 455074473 716530755
412019394 484639648 167245466 515117899
354091120 358215014 491653363 297734502
391982012 920430232 350793152 424776438
364416567 429318793 198182271 296139415
390129335 854870842 790160782 778380909
25546334 992919530 483855691 422651849
916636223 90105202 96748803 956641374
772804110 942971793 965903769 396780727
955903635 303731093 597986098 982854614
493923652 864650052 346669052 333385809
168023370 869431913 11470212 42062575
710099598 136624402 172530162 369131332
467025709 943739841 372425781 351944864
762208577 219791537 615329236 396063831
473144366 183025154 509222265 694395809
838642892 433484706 996580407 767446550
546289523 823207102 238643629 235551724
540104941 88892933 573580409 152319869
914893462 543118471 542628149 840305485
776373928 854097856 509527860 901494677
220831385 788856982 360199136 394867456
106645754 120576780 331216006 584206360
733501217 622931146 952190687 757638692
296767507 518567588 799083204 166860710
609133440 461623448 680731198 970443465
745793183 473358515 97556663 94405336
223960819 862772144 420022201 346047008
798182932 339319841 520996781 115695698
139669413 449030113 859548359 607948893
83100533 231618701 268197697 508814707
180003898 815743958 802195056 898047804
107429265 240446416 657888985 995036364
685897420 485454138 970542472 867928309
772072796 805889593 744758886 76346740
876674541 783580579 334819193 726645866
531567757 528717405 508149129 292092585
416489433 247963886 178090247 481630712
659845921 938370982 677009211 867571189
642249879 272583283 145925956 545803419
208456726 744308493 382206373 513917547
758300688 355089916 500240569 575994850
836420988 564721132 61592632 540845279
196056100 860918354 855515385 155166594
528766224 685706472 969279813 175178256
956621868 268887876 627663740 417248640
915264258 408158869 840613106 258981557
486771138 63264296 372868196 847481941
417220004 308311129 935030311 285615633
249169703 814212790 23520924 186164243
806546317 83570696 998023159 281120419
806635981 455610740 404681376 292337463
424021085 521384465 358092070 368192843
316129672 64335431 532407940 831569805
903038235 182860348 551974386 856810241
248946775 565434443 587355368 41971816
397855815 866673317 883658370 48294626
193141573 34524453 310803401 138550068
855244012 19675554 158262671 237184158
834077437 854750000 934961840 995324294
322565231 619380127 638757968 424999687
361659260 573312260 982961854 475651716
63797310 651440371 737235258 863849705
893751662 33360388 46024695 768297103
924918323 717643647 550118825 238717508
319285886 324245594 588801366 394791087
190509106 941885312 2669683 589469752
706019829 99147375 683784593 699049365
92699943 19136666 554761049 628418482
3606353 407607349 171647860 112171454
168969318 946052366 478517689 865445752
551230218 111056812 729333750 922390211
841217065 511771006 114330308 310010686
887172284 240002648 456360354 255619267
351762888 679158172 231604943 754421204
100018373 376024590 145688747 747616749
624966706 208871127 986777904 564086848
178694945 580009939 510533913 478839049
802547002 916677790 895796990 478680328
256629585 191988566 45602918 862377963
180393061 416510779 471147432 790629615
259538695 70871776 367143002 266497551
505202698 624232847 191949660 423043748
479263282 834421788 632948673 481260774
213571680 449364197 775250771 112439955
798442349 285420148 785343957 660724566
319146490 586820511 812022165 45117270
563466404 311962778 311202998 49294833
839121332 900787123 428080736 781484430
935567188 735560805 63187597 11644875
915895335 384278776 538045501 237197956
449947640 291046332 705239461 556135311
829444593 375844503 664810858 603933731
687546436 284837737 833706843 726033236
809697099 913025940 347424792 433320313
719475643 49799195 33055505 974550040
890577021 97632160 917944138 733062977
514905652 94227021 615571820 377604477
528228571 989980428 258279168 671125807
841978054 353845002 335072132 776139262
66983154 144854126 696141054 723157697
771119204 567934546 741945807 916932186
474506465 517234714 312670498 285349133
933475222 338827252 599336846 779447979
239260744 999199142 385449929 328633202
662164220 172744466 585953287 669800578
937929965 481687306 989471401 699046258
372478904 528376184 467495440 846782750
315659756 771109927 221150689 355027662
793263818 179371477 441588750 184179758
321056460 804414890 753980540 4257504
620064813 982718315 673773852 931037556
631249167 330315137 549825900 281459890
545519837 861950915 633073532 59329566
383482173 93475072 705346844 831157972
480365515 182426867 245610628 526966834
113892253 109335641 411371308 947346320
91003864 292619674 723807344 253107922
356575103 646044606 928674478 620534126
670334598 230277225 843771196 234516623
304983128 391264952 772624699 428475106
306751440 530190895 424277795 937002231
529241858 840869015 567302982 516816152
716935613 220230198 83297054 345547782
800794291 222627539 967051267 25103799
68548499 878841821 988646648 330893209
603740882 281175412 291694707 319612695
467964834 46216795 48313619 321527897
448961877 42336340 988357933 972911101
954715280 204484599 217775586 526188047
461862938 190965432 884545846 2127158
575242881 624041702 415923582 898444012
947069769 959047178 269807733 205697862
419850789 655596287 335361697 259440858
403084745 199802559 109735852 236997350
298307200 342949665 442814369 633563456
837668879 441383063 671430643 21616779
434830212 46191271 335524644 786566225
894228704 753200877 169062753 61504159
428374396 686936827 999492274 163063025
689688540 342853160 481299998 542455645
867296078 598662540 587447851 358176918
190776888 421541957 161865304 353299850
270989369 639871526 967908199 54844409
451621525 145913824 400231429 450325544
292692498 697304637 724164350 819192154
969421165 865212279 797326053 943880094
681082512 737748190 295503958 887685711
867139547 931766645 165134965 489173177
867329799 853670209 508287230 446818327
258993879 766800947 293925591 888868615
688028700 801114774 85386259 604984208
834885342 689685153 890445526 579404371
632214985 582501360 203102551 354906654
989685057 370003065 613972033 607423881
988164954 509607914 487011478 737392145
651115136 451671209 118450815 965786954
137145461 508349729 118797005 788638571
596694043 92748575 180965506 471015905
543944584 239759307 557006483 696047338
23198290 372668032 810430074 684152731
881562807 434429478 782326653 997278207
698831349 149475660 45973150 356003122
555358115 130169068 588813635 397114427
854651619 51771987 182578683 861989445
633541642 422312948 734546383 669286577
739125884 679886080 217517029 368134592
313027263 573246126 777065592 758819109
73311752 900554861 159476406 460568923
796089681 652504366 293734782 888451889
329420005 549588285 701431448 453587232
195994412 379353398 10403425 480109734
777910957 487231891 239496252 74740714
581565802 418745577 132352009 602990862
202797415 336170112 87392226 957297021
319202310 740812311 855128283 969437465
136976257 612666689 310941454 687267993
187944539 406558574 995806680 69736611
701875145 882095946 733311237 931565946
209985874 661194680 457812088 746962438
892809147 490125068 545120155 554238579
788109034 421285804 338850102 233778484
515056530 876256945 677427440 82477618
699699500 596343391 984757913 980398030
178245535 451916979 340136337 407274710
458308452 141773493 501193680 924862269
654302224 872010054 186534552 982731786
408386871 292870553 827985854 975422685
641733511 701040710 364266656 398644400
955888371 117388257 663907637 778449559
199732096 287370847 317775096 88698913
332621146 341740043 868747262 624315923
190704764 705860471 628088067 233132158
195619355 799677476 960737271 903968691
832147129 914805562 780791526 887860784
227304810 892730762 970650212 812518070
146875597 496890815 563790470 986678474
370170675 157368749 991105533 431189717
474811037 747795410 907832671 245487083
816379416 918774508 844954676 832726674
632891397 46626129 111552339 685006348
733196097 779361562 289014114 414533827
393852000 567435693 641420064 969484929
942850044 132375641 786662953 945055641
354438699 706177747 527555338 417363356
128540586 391278484 173479982 486754679
616512265 88597893 835080164 637601546
109937367 595456775 369359563 669443440
118415494 459196609 711827690 38576939
998297499 316919749 416067101 163109056
389783583 696582272 357272702 27652681
579050903 685650778 278164849 260678135
71234786 547468639 667427862 772822021
90277998 618790424 859373173 338777660
498185307 516190395 229852861 991458646
804315318 708994892 684253925 892446324
560426192 183359421 530716280 188537770
304319639 407864835 5129681 112044902
98016160 816579342 835677468 536970136
952783954 859199520 212445424 601958465
604666917 69007314 871333500 973685541
59063735 493307305 806503026 563696374
527639916 584503636 101162540 764327280
109751113 952164949 223486836 181841118
766233395 199071322 696558964 586158974
398609029 644661164 21514747 119966075
519156376 820490846 638241486 846504609
689678517 501388068 863512235 764726315
764352907 505134851 22283362 768005684
653478468 291714176 167024610 150856509
705633527 818041897 56696301 397130796
632831702 127901269 417958112 5589467
999253520 861628613 913266831 490211955
522518042 819185576 451522119 724691486
118462506 265576683 166466568 506767668
253633164 679660921 447772054 836572385
678987369 560462657 760288891 439144412
903761386 278705418 918287345 381946855
160517920 753736687 628174367 967571506
235728541 634990409 404933475 269583735
209943168 210076119 850063091 150300859
423042019 612929670 126285663 907148663
200226788 389268775 758004078 557413853
858395443 789154250 924669032 335442578
850843668 330979479 416127311 538390374
591602078 299168596 770839957 727692957
555531414 473898615 655227530 633863811
140767354 917583906 640841914 923778934
51194085 405379562 911869679 397411397
486629415 215198750 34053514 315796436
379736496 733136240 810282950 643543279
112985428 56299128 759692801 576845616
816346813 236450371 305851372 969453593
538036587 794438593 471610346 58983137
548657960 544948187 630924548 835992285
556815108 611951123 983249765 187622646
628384495 711117679 128059942 96657352
514479066 908531680 378780397 493942181
406498984 205852807 695795734 851132367
28547057 384246549 317272430 165059459
146147463 161344311 674013055 146526641
699410784 547597282 110090492 652621469
228215760 509818781 925631601 830979525
261171722 177801087 434268534 506168687
276342877 357711432 579305487 331792940
961703242 806573546 622368130 345196344
754548139 354529594 578740050 552195018
773444393 106580925 131681860 135072719
180613751 382666179 142729196 531200604
975042287 442806392 747688474 616316118
500112542 765480878 287092325 462236700
639464120 663660658 540599070 43750896
762703661 155199606 290095060 523999923
556215095 962511040 335802872 789026286
46359303 117072025 822583889 59720451
693035750 947009981 281652429 395147571
160507953 654311055 844868214 908959448
783156931 728856949 200202597 659058182
208147844 374934856 335463422 81521593
440712716 699562957 632931520 454342059
726815536 635903334 709814357 297169592
895241872 557089834 418729337 817223195
697887667 181555864 159195260 582042931
1499389 854299563 504900542 172832373
950980191 341985910 414700760 761945916
126525331 18933552 349429808 327907708
261569956 428691857 439981060 760824072
325955572 417387331 561022449 375021408
194350963 494855262 631310111 708055865
837937040 827214475 22149036 164531412
865176983 986650261 341986225 102645636
467514501 448098388 648787600 474612974
558018536 743727544 946211043 257475879
831447934 449534734 106773571 785078121
723068631 430930448 230509061 601245807
376234556 535633415 394536864 515725998
486677757 841026079 361067144 689265455
67610961 872724234 379736658 286129944
148381425 799814374 134392390 148258060
75729528 859576114 47104432 255881544
343209067 800516229 793638288 39866844
709622806 463245674 880439268 475485772
378557797 956889408 739435841 575733848
21761798 433385759 202418333 59907985
155895735 797989154 420887685 532488564
951236951 232497498 407394238 307383732
271981471 97596993 424781253 386823754
680756974 230760362 428101975 528686772
5441863 914489995 401903118 383544271
173844139 85212255 203191441 726852794
789163297 141353033 656768080 707571541
72520290 259087982 50055360 17753555
862809324 87399916 261514714 347168507
900641980 480944098 876588056 196294899
616382112 986079491 754646079 200892533
517033766 344498512 233941141 687266795
843528827 644248296 427873355 508918240
440520261 388982347 43478996 663486281
256779695 798031507 363494036 32743595
41264933 660300258 342251308 223913484
553916641 506732504 358515400 828141323
668389400 406330527 951567272 23469615
916718418 482765815 354146868 282835647
281106310 841402652 3201874 621542481
256246103 492574565 128222845 828431586
610236429 653446204 323787058 165987369
558899523 548553644 361186064 926658901
239929227 444389054 967886340 913819844
640896573 876118589 302222446 767960067
64960295 47005496 93773714 41428210
262943901 63003800 223712389 59219274
630185219 30508252 702831514 990110947
729927764 684811484 7197525 922898547
255314212 567984960 670636997 78053766
964226724 614396946 488670756 587580335
860820806 490573818 601046067 203665777
732539921 475786593 959401797 619480814
972773803 697984296 408071114 453058163
401858220 309599226 98937728 775194967
331704988 500502847 390041875 862568538
740338524 221685001 503837102 170367024
563142345 18190079 98493511 780172390
2936768 373779139 941949087 637571738
49997348 890120755 146531901 790120719
897833995 909804515 701320658 378113220
299591165 487247332 59189997 274245115
697408985 647858996 25338795 631212810
647386609 784172625 462400314 283233465
823352783 119851943 892163906 954701515
654134227 752358023 242210075 643968999
567265210 540633668 225143805 147372868
143969570 359744889 779664229 293822616
361159750 776041577 113483359 382724153
474041472 176245631 211160559 168940600
895985244 160475938 299616568 164725020
566714163 659436822 912869662 370748993
334764196 227227643 651738421 920914032
461921796 549334850 944055168 875312065
140827640 663304472 904780703 149402308
250701675 573567510 3904813 79227115
863688361 233446401 813549906 663311472
303780373 12371574 573589798 88837839
914095508 700209109 493178479 530906462
385068196 724232168 591249959 853023613
