531 61260959
27556732 868739564 213046524 153323598
5804 587758565 353063672 316123678
59854920 541900726 71315487 208037827
33239852 935016194 317908937 319963994
40391558 741107076 644952117 160216981
8851585 116617863 768861977 251577749
26988850 50442726 481810751 267323789
30817710 133058083 215812803 23480495
28249979 262187001 668083126 763873511
14329258 202647518 584282369 16889523
39942377 714478069 956154110 297684307
38623485 157679467 462052808 770806101
861136 537850445 527604497 149900521
13800616 597813699 229194939 100781654
13208095 832596506 351642095 445929918
59847339 895534499 265260815 384817682
46194124 982945736 421207282 343728700
5090779 279571295 70908355 604368202
24060980 711787465 883263569 256209877
24941740 924634019 128049156 385767214
8610154 432120991 22581537 120142514
9274423 522597613 541147922 460389925
31245155 78520691 666998584 981728189
16987106 823022399 764006408 520231621
26140365 683800802 518933300 210441442
44798808 387832245 280420905 958859888
48792391 397344703 100631867 282173187
12189915 423166694 904724029 105660837
16017529 717219660 47284056 604795993
27732440 912540981 920920735 691182130
3106688 298342856 166805885 346072937
30132910 481244871 877858845 702263862
39237542 334765566 181862881 521607726
34597477 476811689 808299873 598261670
12415578 901196893 506734631 788436549
38493534 694280011 674990910 505985654
40427846 620181902 931405543 587080699
10153909 812391153 497710027 47740514
29748847 542520168 865330893 85065612
56055843 271256996 879499638 757855227
43873478 10681162 72903272 128542231
39709172 509635441 50106347 866045935
23349851 573311801 728865080 696153240
54449181 316015234 994086019 815107904
18512542 73764842 563459231 218839711
34996134 687921697 713997206 302432709
18250639 598588221 494147572 909839171
5508103 672273887 24088369 682378958
15672738 897762941 34105674 542651576
15030448 374005185 238982021 354744280
16669810 12188178 200613560 862279284
10240904 596132581 12784026 525653377
8989684 611265105 198868767 451724473
37584614 562953511 449919024 637265273
2112916 585008500 473555250 203260717
24205007 262125941 669492425 824660057
46304301 908353076 270914090 454588549
55911840 578080853 353128044 973075816
34087038 111015618 622681296 529241665
34798219 121913586 838708993 535668092
26225627 477284330 797438687 816930625
15879100 292594530 898307658 671641719
41181230 330808974 577174518 353838222
10614133 758030421 266535121 875398443
13758947 585158000 432093458 35498241
11789565 508975930 435295179 982500497
34706256 597592408 832309501 666602145
5524430 345608916 659806751 220329302
21882643 989339448 553863292 837066657
43062094 120790846 682887007 362701019
58950943 796205377 717081710 688723918
47539345 641264056 280376744 640486563
27415459 713681579 223188638 176645010
56062449 618697257 542863329 871028442
33589734 126888296 78690123 607148764
30866756 58708476 799901383 741358542
61033239 602161240 776542725 67710583
41255643 62701221 30268998 821523663
38192489 692707635 342449976 583395298
46113890 120783998 290931092 363119069
41905588 581164457 722588654 771697329
28922596 827080622 563520162 644013853
31529776 600669657 79096980 323785520
30752303 8636550 55644379 479142383
21697142 278003420 263182919 78142630
30190841 369171851 130753747 660232475
44007250 493478767 331050427 831558913
33920504 621669357 75291409 847581750
24069455 634967695 622871499 945644321
44282167 830759519 897691132 147908344
36253391 293694368 783312599 786425120
27597574 773847029 271356911 96715542
59907800 776356006 786094195 225853975
27141682 828248346 876146040 516204095
52186306 772531504 828606662 476387949
29166491 268346172 578283508 559657831
43640319 281352703 855321382 278843897
31375645 611453259 9297581 952629393
33154087 993900971 327419374 327413435
15495071 739080043 539346930 400372151
45923992 147463637 19149766 12921274
51525775 506992877 393999259 185346192
29513322 672890806 318860089 493207145
14193637 960586857 618454488 400366898
50396123 504617760 841875933 560911491
52457843 587758335 230836614 480403712
7556752 809349307 666949546 395305753
34141361 561873614 746016433 472827213
1445728 206004136 28365970 359398618
16276206 940326109 299717894 907874953
19480521 395274350 221147664 427543874
27829653 443868169 938892241 333914530
11309767 880728401 850299322 250305530
13967149 980897287 763851773 930509173
48356601 410900506 718761231 62848542
10940693 707436534 955945437 617129384
10945151 833578005 954014893 638528975
31681462 793973360 824903417 603046332
39510623 992329897 892686425 849157122
28546461 74128543 647294567 544065208
43618415 996516409 537108877 946663688
54591520 418103932 197710014 790290680
4673699 999096034 74710966 121616175
590647 246430367 825507048 537472463
2138885 268890147 391758040 913672673
40159443 546433649 871995207 71956261
43928613 223941250 657711548 159804643
25523359 952082390 4064668 938354791
31191520 730870189 922020146 85934575
42414901 520513053 518027 465206523
1651905 865272152 563343362 861867052
17764546 826983040 954795378 575362786
30884842 45938744 367473121 898647366
50226080 655733803 621105089 100793498
50092963 465814030 909406859 986762199
48933809 243908271 121946644 103062055
23801321 386137402 342911606 98734521
14755957 80718965 336718588 533399186
42076042 662998363 105853205 923397293
16236342 338675731 900549125 377331460
40671544 870438897 59973203 275705026
17087545 655338403 597344823 369788811
26818300 768732911 356693509 597965427
33117252 172925909 548600402 209252889
35133437 605568585 290806389 44352527
14952169 442919299 915705026 751983532
41556581 806870628 724082316 830720908
16051405 77381707 744303135 949973059
19012537 926211744 572074174 928129629
15642110 140982952 206333062 434863998
14682299 960531791 330265600 765590777
8067630 673902064 822605685 525532025
14053600 548368276 833611280 171434314
29217057 540407912 826652397 159594792
2898718 882630436 351611710 433157058
45984619 418779319 47420786 453623869
48176023 754078401 544323949 687603350
20355195 211540808 485239540 186969681
27191237 313928281 742767827 806553799
8800145 776300037 31692559 626070009
18805983 828537783 66367010 410104748
51382211 461893785 99425981 941221168
39117317 285377286 665409156 752842251
44186140 12545156 597001406 580466781
24099410 263830049 149267505 195553207
34821774 585419005 481823371 545572531
59024809 200237569 51020222 815244070
22411827 450426661 28316258 667651925
23442604 182696228 844355197 666580071
39018865 535838781 879427786 297159680
37670782 833408149 386033430 439545965
33555575 313255932 213886262 900692596
9194427 3269786 595677174 877728796
38613702 200942230 881873893 961303684
23368228 813086564 884814581 111363837
53351211 351296096 907613394 490622615
30221247 780746982 51367634 52747752
8061839 105400448 755316761 549677362
28185768 199928031 500803767 735990215
5959979 424961531 376007348 72259571
12248557 155833150 424079239 123693657
25164216 929272803 874939237 660396140
29277430 925526796 621395479 480801889
17890228 199663987 248631237 730497422
51249157 259159898 426520370 947073481
9464256 826591964 106612312 23206213
53808010 832457820 102385400 43396679
45689649 573329197 589550483 675962016
15932450 934332697 132385988 257448007
24277675 918076009 584621066 453741660
58276657 254554918 880124774 804188159
41526280 547672180 114292963 253443700
25372620 877501448 15676182 800650756
51521749 531903696 946680062 998434103
29279891 306893133 196949610 378426344
4161609 183244808 236254095 399786263
19047009 280844183 551182661 243765195
23505870 327743809 354482440 206776032
48835698 767676321 35094662 570578196
12305157 661691253 607085142 622809432
47864811 804773991 532970159 521558848
7677320 947427903 86228155 364779661
24142653 773577150 555623750 728887336
16058596 249266144 473960201 141979013
12124603 392198374 467488745 890156746
54841303 577911628 529167152 277986193
48452953 972997318 583497961 709852735
48883419 397779892 947327511 663937416
5615632 245998170 625836035 376509640
49873414 720901467 623685832 917095419
7837413 848237721 625840525 203960883
27571127 358430902 726797281 938175137
1853251 773657146 817078127 431597687
19185081 9802028 536419438 675216581
24519145 285371932 647097454 145463356
4297374 718738166 539795359 39889710
28636809 227122090 477403166 748213810
23254380 471855318 8686596 974156088
6198501 335206154 453318176 540060927
10071028 89409413 111382203 672502881
46780522 160519808 846405087 608185905
61175646 539124026 718858161 461229694
19635131 131892330 824668843 520983012
38314408 249193444 59878137 893223130
36806569 923792877 343281166 323535377
9533197 643100534 728000985 475982589
52979288 440153001 208369872 820598452
11807666 179758589 281011436 818212287
7416108 591287257 624743808 246881321
6512262 53479040 490589419 608252282
32273780 354884888 830885254 550476943
25086373 579270752 311299065 256740237
31529931 32123592 533811163 57712424
2736512 318124948 212128146 37825425
30092387 545294569 61385009 237085493
42637250 795332504 900205366 713964654
30674405 171036700 656538848 387044575
8267058 248565054 809009604 793575627
22872562 560144026 576573136 605717531
26669541 87720284 974352189 759605817
14454356 790119087 93902328 679991546
59571169 925142661 145762738 669904073
11445071 190160457 66463092 564340480
29215349 55842841 803465054 773466973
39173595 51218525 156948029 236396836
24260600 867061254 140120464 202157459
3722350 541072400 42686069 668070608
20563971 51743428 921443345 799039607
6610250 963722096 150630799 748889123
56813912 154691564 909316908 477175392
15821215 777291981 646471707 58706296
41764557 361434675 247867588 676626417
25143441 769697567 55578029 776946771
37940161 296132597 970633607 970282752
38283032 740320997 668102990 892048856
52337995 946158344 104269145 846508041
37224704 709423110 28384557 221769061
53034749 491444085 956327812 893120999
38128424 911323322 235754345 726302690
4369592 491266699 298838531 863275537
23528492 7064195 245445908 964310719
30591031 335621467 490665560 607662468
33846982 794505812 412946102 234362015
11079226 280479400 742112831 35295475
57867151 510288413 813034955 508267742
56394066 235211845 404843515 70366603
57445676 807742168 353694311 529286715
38167611 844297672 190307114 918156245
53399182 984015032 210288078 629552978
5094878 677126770 674956055 571391241
55301355 246532640 744172484 43116412
29660411 128101202 134980847 600854656
27970757 984063687 721218010 854760308
45113071 203655929 24036791 279573437
19170722 169741915 190604122 749877656
17064224 49827267 780305984 555138432
50582988 995969049 156670162 395305174
52423524 124732987 859336948 136796202
54696433 974199678 341719142 707532545
4294085 217807874 799432945 284290966
25443961 921298153 619571551 31383666
41114290 892511154 228632736 571549218
32493290 528142589 723860902 934787275
42372251 105407605 906267301 215603506
18032200 583145052 201921145 755873018
8789608 736097372 751572348 780501432
6942499 95826594 1614071 708705958
10184409 416213252 831736766 406532242
36043677 655638902 711587974 173687709
27765329 446241458 968445643 615700245
50540332 377888306 377833248 180606651
33817246 981663070 776096158 147198826
32119201 590825900 688900135 471167736
13773965 269814739 146390554 100031793
21965808 976413235 552790264 495250941
42999870 505780610 412181100 209859578
57136728 324244078 572138924 407550055
7718547 982515836 953060135 2521196
36999351 107571857 243755591 939523337
35918501 746307450 148665602 880555260
20475473 575396964 56054683 858213950
30209468 113806841 27283004 688804691
24256542 744936927 816662737 683517731
42801757 59529778 433926357 265097401
6564237 499543177 44180529 833050249
56418226 681056552 309107257 918298768
20307236 281299679 507957336 855786662
49929290 444420130 551648355 629322063
46892872 543774667 780429860 524049227
24800886 387134500 337223201 788878545
28137063 964728662 878170614 117090788
12159020 894651562 559333370 17906228
5655736 50615113 460479613 102337496
25491221 57162090 428744458 907612991
30425783 187338009 952710498 273430528
15676150 354905890 692779543 406889454
39532693 952717219 250614834 899686688
54370037 568281624 66115337 815219032
55291921 678047435 360576087 382686190
42227222 305386234 389131503 35758905
7878985 782835712 825544891 202592926
28516162 42557930 170776393 656265582
50653542 725832904 637176106 907316553
27304237 491112473 287516707 767717868
25970972 913972128 85172525 590499395
47267814 334474559 954741231 629138637
53431363 997432820 850294109 944336044
18841047 904116184 771636232 84609246
24973348 390299150 922869205 482958095
366925 311607156 520112491 660838075
8620183 150900464 176853059 367320216
6809989 884813074 520250775 40926875
5997073 780183671 600781858 869421381
52309169 292126596 252530908 563599299
9730979 379838860 788377498 458192988
34614317 112877256 610104950 599412866
6394817 741682696 85228998 63391240
32434273 528270220 18329098 596567638
41894120 992288983 957067854 413661087
55769268 445368532 805092814 2005808
44184076 750489431 41421591 21031189
35969187 463017860 930834741 112551814
3321053 531441272 696498349 441014480
14995438 407007051 621491311 499188645
13233715 605132675 366396596 380445018
17090071 761801527 791131147 373433242
53555313 42423509 181756241 545285563
51114708 692111808 711189607 646516746
33062704 488141789 85135817 70078491
38251785 932645804 543698204 856715227
1553848 322024714 151382370 659778024
28079947 974878119 720446197 502996379
33298439 320916208 85611328 816846635
3706348 761498777 502420380 685994735
17567695 847185464 665327534 634054950
54128067 877456733 293513256 909946188
8833077 120557876 527823455 995107788
18870489 98095486 51326141 88792209
14552588 277187673 493444548 793789214
38677701 292070384 739052226 8881713
52986965 878816722 811804283 662703474
12708027 222009377 113559753 531128169
55873634 548747326 750980277 695555285
163238 515114354 771914478 207569271
1869770 453306856 444261709 758124331
2972152 807206500 706099551 807502276
30258692 587857814 62727322 901437027
59427429 284715376 298890229 137842591
30463096 228431973 585084439 897936520
39373826 817888587 113941446 518968222
28142183 584253562 972308633 881347244
6088016 131598707 230850932 44005248
797734 588806878 364891210 873433401
16270711 657384626 705443488 234247384
32875778 978984040 863580447 253825710
12148222 671531752 420283663 584029610
187597 917289768 36549706 668144166
56559807 179469461 226347595 918102534
45122451 480974817 289885435 867235026
30016874 995166382 44258453 85550198
34082942 864163816 928580557 398710340
2976370 971598049 902585032 783478395
17609038 13108423 603451959 641960947
19048147 156875538 475241111 229963418
46555749 384278011 583367735 660707952
27972903 828854869 30556578 646356034
30424670 353910440 823040191 400518024
54491 39074317 596368154 379180464
47958246 90262264 887961869 76639061
46301218 478278607 675374166 794419154
35698668 403384993 857385983 501415926
13042461 42630029 400144353 686318096
53362617 727067982 961235475 721592061
552654 345896539 19048771 999741423
30457260 445378893 141896795 546685080
20880546 266511231 313714453 841096605
52404924 52804848 187459644 384671391
16146921 59176915 114889345 823997975
50623450 743696628 845617672 364514391
767505 397429502 450940470 616303855
9585019 235202370 374395005 308456349
53676205 583262046 390305154 575504140
48941617 122876852 125874237 364535353
40116557 201264719 373255144 519702963
36882489 835851286 882890227 208438779
1056717 416266557 721710065 129067970
8856539 393404701 323638798 401161802
26641676 695409585 707617720 604180910
12997855 195440489 115499393 757459828
11585166 830746419 752496136 27602193
12929838 325431822 620936477 27005616
3478950 691013743 217419683 843876701
49305632 54988523 820454088 862116811
50949867 311919166 124730237 246386802
34947252 361559445 777707745 724815835
29711757 271299944 198697265 951924839
48055593 849693840 675351736 564103046
51127533 730499492 832075269 423066214
35500569 959236515 666766272 367474191
9210503 176159582 380646714 479351660
23451532 259187285 751091119 584168568
43965341 496193310 357229269 782520296
36808936 92535611 156757028 540946415
32849350 960429853 477659358 791838311
56028794 688885189 462569231 26009127
35123548 353559433 527278133 591630782
8808208 716219241 958628711 24581813
26679558 980484145 89641276 689299774
23298218 822100284 682508084 395006967
27200312 317348046 929959534 786120210
18564298 37451465 741270126 250386640
13185368 625916255 243312635 334028736
52091166 188331046 910595971 856645575
35731166 483200320 339435983 67214872
2482364 251747163 333712921 298599562
44482999 794905044 591592441 940271523
46823694 891373414 14108046 361539645
60024654 100217980 625614812 44233201
17643671 965315455 450545985 78285048
43454772 44732348 217070414 29494506
25234115 140811185 492205747 475172637
55752282 87071936 722055258 444177190
27965923 322862586 93699579 805296945
3242997 181850745 440921852 366263317
44510951 951295514 650706607 68998179
13610761 848205653 137364630 41016410
40257941 27286606 511148964 990964723
35976872 678244591 433624360 544242232
9026703 838617834 120071625 920751025
32591362 581301843 748372601 899332167
28596139 508810759 45864963 288831989
20358741 912846457 414793308 440040038
48916684 332440502 966977452 367100384
2821380 41943839 858476839 353193843
53060813 548531235 825327050 884371320
3911883 644382582 741961761 805108490
19552838 856572091 461046156 978961389
46531471 439392290 591068314 414347334
29942920 436121509 401557031 307641381
52838762 881490922 171992028 201498489
60454350 108521075 151178934 357252085
7907036 955246445 666031641 66278163
5315030 869674514 975747046 98373559
46427558 988838851 762854647 233101453
57643246 124556206 573427366 735449613
58133250 619925420 619843823 558191145
47433489 518748547 584197804 134491887
16129382 677359948 520289423 161938473
55467849 18670262 708196941 147322322
40883278 881321903 579448087 212440054
3289688 813113818 913422612 926899194
41867348 970159488 184950209 355889010
8427098 36337365 774853411 302257650
45410288 107348414 231103545 367281979
43674632 79804172 438620426 538118793
17288463 893610520 348709599 728305605
54376580 537297506 229527955 578525316
58356429 610119719 921317607 605349656
25659678 391897088 748447875 389299095
25240404 69130678 497108299 119545323
46347889 745306840 734695852 253114784
37421080 347348477 710552665 875075540
8476627 207877768 164958281 305639148
19116471 513853628 769451145 241981039
58655708 432091592 80086253 57093537
27530240 246886017 675496484 968979952
43204579 213217215 360004883 920193242
28156598 227128067 548381948 530246427
61205055 158878487 409395599 521722246
53088453 58942780 875730745 199111125
25624002 673324649 187587626 139066189
45925774 678847992 551502939 732897590
59456878 694689233 693079193 345089362
41452838 705619320 473175700 125924625
14593677 800962863 54061976 994198970
48532409 128843594 606925207 695637560
1814260 992460508 634929466 967986915
10823195 452613890 938888268 364153341
6098402 927929901 382024265 330606710
35783275 649189007 712493195 253363550
11841129 467916641 971054627 974341464
52254017 641755506 531421781 325260322
43414730 277552045 101274915 406012823
27157836 724525507 912084207 257816229
58874139 144689744 912302915 651592322
6771670 231429774 412645058 966667420
9528751 326772541 962725213 972085946
11797759 940369128 391045920 624908316
35829861 431756824 414531543 899388425
19946157 546827550 319937989 694958889
19498824 242193267 710696889 905567916
59857308 383792399 220695105 989699186
48616355 339935451 891443529 226885494
28511250 710181089 355702618 645688198
5516936 501232706 383177083 484737276
24278955 481813261 926652227 811163981
3778852 378523971 118336502 270517179
52346685 896383802 249539905 120865592
52629764 387144032 462696273 63689732
2861679 794017764 303451801 863682941
25152423 722093500 699437419 925610013
14670965 172377449 661918659 313353348
14912065 219334981 48780021 72495586
1128091 683782506 548037545 12475390
29832834 669405481 30835692 555436942
55115647 350319343 817226751 930080847
4709085 121622126 403031660 525722239
24862384 592495637 138086956 89547104
41661162 687163188 797243324 666535423
31848833 982496048 409751664 470150065
53152392 725818167 103675268 980323366
