955 146152214
92043265 515183341 194773704 561041467
143541383 33859363 929416245 252703455
124429309 178515632 361188625 12914410
67272624 712659776 49793165 620677711
115585491 146628376 257386028 521396697
34152630 966478974 277072061 124992545
9789794 207212501 472110242 979602337
114807111 793075893 610381684 668750843
146062161 266703687 441945890 834047162
76745452 838119343 267965026 30498686
29135648 861139552 976715373 879478481
67849717 170190660 249918769 295904982
17348923 91649587 989974670 685609266
81296920 588501208 649532680 573255067
116673061 770041626 252718655 589204595
1780375 700017555 55195996 306608829
125913023 157747655 679159606 608397637
88784690 644906747 165308038 242237127
72157359 749266858 487830496 187113212
7297774 415760655 317374934 770994921
68933743 140190896 735594360 59349491
49391427 933807934 827666121 449499568
60843735 978441335 323914099 154259930
115965739 963227957 826500978 942384775
7597826 25111404 642943362 811290005
60755567 395682171 329520826 159379472
11266938 444004538 739097776 191691167
4032850 882694555 486285121 721674831
78227126 313411148 959769480 418583204
51982645 882973672 237385653 640283114
106702769 437305970 955577949 511200520
87525324 652461656 304526159 304232998
6863519 857357103 769166156 389200446
31963063 746142834 545857255 536709969
41409694 510485050 381084410 13554103
136685214 478200243 324984049 58697170
126846705 686343154 816508046 570897924
92642939 294835783 647745900 812509928
98793079 185777456 816604013 904407521
18956119 437931262 764489591 787223093
54064406 115769512 965949910 701371180
113153354 791459080 864759067 813169712
3417930 809354453 363046231 685232782
79568306 762851342 785796110 58667956
47968793 809055031 899794564 441672032
32103812 641792163 762645842 371413391
17509687 185097246 686171467 38142763
52219976 200479422 178066635 656689006
137975509 769192429 833824662 357902244
136260478 790913150 545939889 342550264
106277204 425568521 665266466 484343243
63094567 362216606 841014740 123347851
12910754 616746928 204483268 119343952
13273223 663748326 251453059 600856035
12569786 269586648 128164330 268236090
58065687 353682072 623083278 816169329
48740679 261179812 543981748 381445835
93109910 755701772 233705258 114261229
55272877 77196545 324813665 327422596
21692316 710956497 396730505 162120730
1077093 848407879 730407927 807208419
77010800 647312413 359855553 609898593
103763705 555617666 954158941 695428354
54895977 298883357 557158998 896641180
52732018 750982523 609761491 388729074
75357187 170902610 306082609 931991934
125059775 368052646 269833629 60018744
129409859 350415740 58535715 152936493
131993563 498950672 419659842 183519277
114466326 419155633 260758638 201311283
2711709 441508836 86524526 787605188
71101432 23827963 514557067 249866678
61465246 308395264 730038725 24542071
105531908 676110430 59589406 839351471
54887113 250143635 729737940 282922524
143805040 57917744 96646543 192651513
88288409 328184428 837547341 788256499
143160221 312215303 395281802 731913587
16887604 868188175 480777246 259222194
81391984 500799396 963676566 160372584
87482933 93987891 334211915 432847329
56819647 530728093 782879941 555422349
24657250 903420636 597643938 141956228
45964390 239372985 517684813 308245385
32472103 105573337 715105359 73447235
10247815 628270115 783570282 612277878
114407969 537011971 148514487 225732135
97587536 220920546 527954939 223836977
114027538 363151105 630414834 727943896
119733997 886389798 621706028 473398324
37174726 796081115 846102408 88684371
42391882 518784614 331568901 17129932
25462007 622752919 31965180 623028389
122270489 659170529 535329547 879987484
75245447 999925501 312349787 668929220
131107310 638717339 904659440 27287176
83288827 440067365 101976080 255560907
26279603 783463679 507960346 787344623
54703494 912203549 983832236 42442324
129733513 437566110 51917774 4712572
123009683 249556914 51448632 275490633
133282117 182750881 591031739 72986077
47230969 41931989 571791490 422151752
65816262 285161395 357565698 377512259
106107301 147704895 370044542 292161342
67676008 20129516 604516473 592229592
31298407 690522759 247859768 96545989
100371372 629220666 29151996 664395014
128660565 978204565 863942155 131650866
102393458 940338295 389881902 747141646
4017378 938759330 709822735 633387158
117028080 274648049 209644332 390860544
136194251 685186124 457898420 433659993
31062088 210056574 72126225 971591082
67089487 998952139 422699714 462927902
19298583 843807029 365414792 631470637
31667946 240023794 25634811 930181959
66122436 498222144 281492859 119572111
27404624 161823845 582257145 716836877
119655719 144044152 723868453 304872683
102345620 144390767 548399834 832140824
86136133 117313782 136255428 753945240
33460319 751658409 719919447 847082517
62210371 209369454 192267568 400411160
95836334 503796235 992489875 994480379
1936093 550915874 556342378 490725652
1503659 351967726 623834357 274447941
69420727 240275982 586995262 493041041
105892135 717624171 984450009 767795439
137879044 662253929 373943153 456671809
87324186 895111911 72920950 685933913
111190265 754672880 642059693 842271849
13013461 2775783 864969156 385037560
19998634 957036633 608027179 835401374
138994704 113131098 281402943 860420557
120899918 855286719 775728192 251571311
87750596 854456916 262413705 822700671
93161392 626551707 891914623 81648965
1282107 194726663 662951241 719667298
14946608 789777328 859277366 559237032
117075523 834259537 344754106 189587983
53790253 166248169 15087698 587030728
81798964 188014645 342187316 863147828
31338349 432217499 694640155 614094986
13591501 957181290 131390880 132229029
21214947 765383272 388129842 672500229
119800381 905212628 227926076 491608573
2571210 353653227 596879690 664627151
82210740 964307348 210294750 271983933
9433464 219533391 21500758 771647214
137912716 157459846 857798136 908917614
117371564 371091673 743326303 373270857
74142671 489405455 553663323 665368365
33003031 429744124 647091615 71178384
63305945 804424768 720640563 301902380
23477904 785026969 816936196 31806008
42169654 755900625 838166509 466207938
15855790 248965878 964839615 386305827
75011029 109807999 499233852 850369052
100659887 482934037 67382050 583828375
88042752 84476545 303205816 100794656
9570842 354434681 409660337 754596363
127224501 26534362 692313485 292628865
123127845 300401338 159900563 404810539
39502272 782451808 765421794 42513165
33678127 868867815 130847879 619007220
42831421 222818239 700404292 545549246
118231648 742508979 261156276 594905734
379113 946371015 354861911 212373925
94702663 535023828 607400166 677409312
20759781 846413620 444074617 261017443
15586819 312372820 146812177 783204274
34949868 80396377 38910007 796318722
97899927 468964333 470693942 922956096
98139093 147873114 841251428 985385997
135501544 313186442 785907901 560716660
124371920 417685169 910867541 843692032
68526886 826172573 636082134 553071035
2222658 3082547 661046389 518907981
110437656 759207006 780088586 999469875
38742292 292917452 64042587 864765884
130824764 326036706 134031745 330191233
74603832 421904025 583911712 442283961
125115433 245511529 315686700 320406813
52217374 700966881 131250953 10467942
57559633 413127803 143143866 409121125
60593037 244396650 944243278 976952376
105790945 136000756 301253698 879175421
29025698 305853635 548351452 468040045
26901844 43552796 66372465 880136153
88189151 707898405 291122098 260101565
6035319 980150271 338489076 158890305
90201745 901113327 456323234 398133265
20317884 348303485 878037508 291624384
39904707 639352674 893014946 896630275
57936863 820842770 419521004 825167603
81372401 471219901 478268032 646400577
72149382 615324444 716504320 178977273
60001587 2920686 175768664 459240987
132833373 358948235 145606986 663334790
94221465 787932841 739732471 653755483
113264415 675888688 573895199 268898477
96597002 665667827 190724751 865388858
102519975 137673916 319596585 972776358
36679306 603180517 296540310 84614744
145998833 136695265 514860783 900057112
53430776 385216520 639482102 441727350
36703623 35033709 250173622 744992480
91242579 678799 135726883 343075041
97178546 242528650 928795049 981002475
2016802 100861249 347628311 439314
138313103 27298285 994462999 104804556
77154263 731581588 357169606 700324768
105845633 935666331 72204855 923830559
78408316 449559715 879511373 42474794
47761587 700169963 630267434 57596604
77097375 890287949 167400968 847274373
47563396 507857347 233622542 571619234
89557429 100464610 6650608 266812188
5726437 700441200 871206938 69696537
69636561 293032042 463634696 173165498
37016398 946923953 127927565 246678798
15447239 749583851 766213673 62067264
82954920 335391849 850512359 792300116
95410305 730040052 749860668 171948995
33415037 841096375 64243188 133465742
10572624 273390956 68526097 602774002
88376839 432441758 645740664 935780619
90486777 622134442 891927757 149481484
141478290 455126470 528135059 629166294
52249395 396885796 48019296 92683329
69301611 814208795 380693888 840973206
94800381 477447770 909449498 312774444
106481999 913374340 414457650 841625854
98689017 334659754 776123015 590048006
109625497 586741586 449697213 376863299
50191244 919245266 282229200 345984213
135035553 268165312 166157263 97794904
21662464 651906991 131414413 883454716
81183474 403122934 829144011 700358056
38879169 354441272 220076 359765851
34415350 975557674 572046399 504937199
58678459 536707453 64924272 736044953
26117671 661558682 134768907 852315111
50452479 3544777 147480436 743391280
58853378 136069551 137274565 725584491
76719301 900764439 379573751 446763565
145929993 395128731 67114191 870475122
107332443 596023967 293435905 685576343
24942856 323983183 857914884 605803780
85302236 607543076 402366653 25615704
19061437 699260458 325228721 15981417
112448871 455889483 626564401 428978306
107558923 925007581 642660521 158168439
15478439 617353874 493740443 715442187
134145839 855477152 384178003 131726951
104797206 129406086 421471508 506904545
54982663 564989100 247592612 272052791
14050272 127542262 773255263 459107617
54527432 673928310 805685754 276658433
99038003 651803626 104890975 247732703
140901365 432786298 658153466 32862361
101265841 784983714 619745920 286967326
42071900 219589565 124029125 740986347
108494084 390079166 181791925 961738070
139018624 919763782 905855544 896936478
41150558 544994755 919129654 267380225
27767064 418055102 313780941 281935237
74740312 732344291 527558053 538105499
47876227 469750474 30337380 776464095
92767506 608235 891840695 513290567
128751151 484745170 980898915 430337535
87384901 476721452 573284923 767113222
95826277 984893665 944376658 665843391
14284987 118818754 322008406 643761789
107991031 650566193 292468691 69009395
24547237 695440479 759539504 437222587
94040540 363147680 69998745 973558852
116393973 169053285 82632281 422383552
67865634 140392761 848797637 546582077
130078678 92959750 710888334 842360761
84971776 49868088 597000263 473671410
29153416 237277601 909788931 319883000
11290991 656197922 67924205 877674745
130252252 909189976 868941005 586373671
58854187 17564722 156705708 764673714
31448747 365845450 161877909 109702981
129932024 831735125 258090041 449423230
892482 74518106 703730877 324123206
49136930 938990885 39127747 280047532
55860507 891996540 886710353 480998376
81355502 970231049 515068415 992386759
22696775 399208888 571997205 498552185
134896683 182593643 127734245 629366102
32042641 818241152 462008849 184398006
91656487 808815196 987655064 982030413
62365172 523736854 502451076 558503062
37289287 736832578 880174068 394521909
62643235 257512328 493456299 237398145
112079809 867340864 129662571 968203527
47142855 967976308 413670499 775543939
65948345 199113969 868227831 137530715
94002134 868054669 553012587 314352985
43158155 55636255 886308721 942712504
16299982 490172413 780347061 271554547
112838962 508262354 994490294 321886213
86648639 873919570 37273361 411532129
61009704 579187537 303816843 519211363
113803702 5392735 44889222 523653290
19741056 28770739 736301649 276660837
129057827 845939988 868157030 54158707
76214519 942918872 660345712 84736258
97878345 762542226 470662246 561138226
143840944 209531881 718962091 247819458
39069087 12132036 163647043 312317986
57423143 396010622 849894995 967469563
139731266 227992475 865118685 750482228
145139854 768689120 883074169 47697605
30630998 87696626 637741553 858311635
78973184 464349942 38857120 817327050
122647320 957634697 311882193 601564301
82454690 90219443 11018915 798097704
143401393 836269295 746307136 258308231
76177485 24235068 61639796 967149443
37903253 333617370 847811348 764953884
77333883 609969475 683279663 366238428
134344990 917187034 950171504 30378901
106126892 929130675 966552291 577217565
128893847 524619954 69402451 209240598
24926280 320085399 888778281 250073143
33554142 399982366 226033979 990571992
52954190 819400532 885543635 255580501
59466767 688548922 925398066 956803908
113404187 747651056 261932020 948898537
47491295 4836245 273871461 350615477
142177638 224889484 686427211 845976048
7078121 555958539 15099904 190543544
36833025 167354324 595779298 350459374
38710437 535873279 909315483 953390489
120907720 261969603 880604027 66477762
63769380 167181364 927547504 643831414
97711011 927806959 366372645 543093974
134168666 930531501 564669245 611219776
4773932 884900884 861149812 301102457
118838523 146049859 340766667 4644441
17682671 642884811 120608389 408597949
76881644 453890130 842991298 481069633
123613864 464877018 39854122 510320269
59575115 845846231 105797005 887669421
28793160 89955761 497251050 272625987
131132939 253325627 156241854 482230650
34853643 22732499 877419032 556512352
94357063 799192891 447491612 561397
45495414 627095295 50170357 53879258
59358131 493345854 555395419 12568198
46207703 996272854 917232960 315581056
37575119 335620720 740321210 537374054
144943321 466775841 823299018 510960521
142019504 450894324 65990696 512801011
142001099 209163866 961263469 492558071
88050256 114907280 499850174 447321652
98632174 764520737 188284373 158101421
121798161 861125134 103352894 910000719
30057744 508412981 357856853 837789976
107967769 780841431 657751290 19097998
28720985 288290792 441208373 920739703
104400201 495312198 654914427 84326415
49743939 425286283 605029644 593495947
45208765 170054499 211402037 331748264
79899963 749507339 644111631 614036718
14034153 83879787 447840016 665625708
120704704 928959907 262349218 983315035
45712084 136813844 434787150 533570340
39755350 128440199 940591300 187052848
20995316 585893899 586935755 397796189
33267663 428710573 105567871 649767533
138448156 661956869 598676419 286365290
96515071 76134359 475245800 222090534
52222987 366360064 180196486 523322616
54832127 406045246 295320888 435469274
23365016 815921927 60850373 915772546
95647297 829100034 162906782 981819629
110620796 584820166 198802692 480748383
114025945 185934624 974124353 921197774
37062793 774231376 247572275 382260355
122085450 605343378 590464553 755958359
103425663 110703196 775847089 164441042
78227653 485088865 568246185 526747014
110288466 594651181 35033678 820440799
142608767 840910664 784692009 233660271
105589542 444440228 789175173 476656033
8465038 411181681 654269854 569285496
9539569 619130857 377197378 815099480
46666303 916892604 189754515 489108757
76829093 490646559 863915291 588766
140812107 814915453 941370501 541877693
117303875 370863695 562575388 688770175
12617407 496525110 316216197 200685599
83695139 368707489 883188778 638535437
101449920 906748894 377585520 781602889
29081337 279802736 485925493 172753854
46269647 93796242 428952364 785697599
78965654 906181519 414369295 907235591
77700040 330020047 990996531 8473207
95368829 546181778 175060861 627715412
128339204 954333332 774866689 806928030
43332942 768661794 231740875 324895464
51777074 802469117 112588354 487556755
86420891 674388784 395794111 391411715
79650076 831949573 950379406 638692992
27594853 805765254 234426908 643425468
61828260 33600372 265498609 939402638
45911308 209358902 181432226 112181117
3498083 864615627 899814708 225873942
90079203 929498684 25832516 689160354
53464471 821323062 36361401 674140143
25336089 995164226 176237860 22171658
134884182 800307617 879613896 827311002
91574825 951376309 208684775 675087755
12889184 410010757 20029461 495362833
34985169 447543306 695453435 78378094
62960624 223133435 528082710 43000084
60365917 107066007 883002627 856851279
131565997 513837272 517214591 54227926
4418460 472408323 874990321 928930074
100239102 614886081 328193935 219833901
23043476 4464362 789931798 629988010
121304063 862000450 442369905 229077511
2093842 524034655 359110723 780467649
125797935 707151458 392333989 884502830
40286114 943594911 593409658 300260509
59551405 16318882 816483923 497048614
100565557 606288231 895998894 883915791
107591835 387972323 110885024 672313796
7307789 805163513 118408725 140242044
3251997 927795660 640585943 719367018
42349698 521544573 687456854 744528735
67144733 986296270 815843046 430966748
46522030 732148798 477783155 862496919
117630485 458533115 464747740 300867819
86833680 740112793 251227623 802434347
74236187 795994862 967473842 457266654
12006005 87489538 964335260 922809680
116903135 282765656 196095235 38750857
77798605 600622248 222071618 63312821
91646449 139865548 267804507 170016355
1954869 511158337 615753014 972569540
8618127 738775264 614552006 162270624
71436385 448884448 805091290 677416025
104570861 897930590 294939957 994324124
91942561 900992208 561840179 119779065
83491246 780225046 297511051 624471488
15836739 98639484 748438499 68745230
112356541 65249288 110906699 286819179
40553878 482565758 988792130 574869878
110004248 276343512 985967055 965218095
127200157 101777046 462299302 487246631
28716838 587687029 826350049 691150500
66721846 614749827 933958216 914904960
144445287 774166004 595367163 260207712
90271832 755411617 539936839 976963676
31579325 676719327 177009235 77121327
137322482 141990505 530275719 375746558
128142643 603657877 986901580 72965294
112307756 671970928 473815544 943627703
39251700 276444494 937156996 424722897
42172851 951453084 94888505 553687665
60505646 790742295 250751109 982873705
79250301 551922348 723802334 542045328
133940035 219860859 869216795 609937163
107553911 431249696 88391192 9889666
123772126 198522792 243176716 148840061
45052197 688783760 215421789 525850508
38860609 479571154 544642213 341584603
37322989 875819889 112949065 303293608
58986376 487972754 439903375 1405659
65106558 993478369 976385176 68201111
73939773 505517172 343344256 924615159
86720421 681503021 579473706 247634880
116141025 531229326 201501665 369530004
4174999 515902410 706358859 591599408
124706277 73734753 728655431 972371692
26365171 474495990 443103296 986434010
49551685 83198411 462350185 77067894
24714488 578010392 547486633 216140695
34931335 257217334 147377196 941572673
8346283 615830868 964151952 506515677
46430600 975663495 283625917 285936757
96754574 579785267 910330277 370395050
122192465 125839938 336080946 449952401
108998033 75347008 856541933 470349765
136022974 920178504 475740835 708131787
126577569 58846391 423124137 378965704
57450566 802881531 998091226 866494448
5052469 898056040 657226355 662901578
93507864 133610189 610144016 3899557
53644363 341140683 122712352 368254550
71233888 640758221 590903375 9013542
99883522 410446554 557553301 312550714
73241291 520483574 238101995 341860911
130074205 987167144 695959220 331985172
55258774 17809301 795235285 905014340
34581529 413118506 682318855 350894519
103275174 731212872 53193944 22459483
81216010 108624834 81357866 342512327
128108585 809776145 639904914 5960399
43609585 114148009 564484546 980559697
73953633 838286702 523570621 348320218
107135217 630136567 229807160 675332380
106043197 404767184 817542812 647002063
132789435 552236111 642170963 851685211
65742439 782051450 758135035 174938130
5417269 453959763 495129857 333021623
124247672 675060008 312963271 698807595
134827585 390462974 447197987 48858213
96291710 248036160 798525860 442078880
106971177 29996819 781989348 656632168
126349062 968249991 268501545 465556477
22792636 100125475 578074774 352076995
74620843 340177194 690116229 145418170
99791600 448803070 850152384 889207867
113659086 669256345 881792246 499407431
140692940 103636164 844391900 762324994
42743150 248853245 315252201 84467485
76353348 978815422 477185815 172843482
121724856 748918526 650143269 865063399
86175692 457272407 630710695 530303891
137638116 348104919 932679815 311411835
105072275 175035467 513352937 577958636
3906535 67170244 80463992 976553829
56593734 722914157 259871209 241165158
1533145 808983517 627976244 315686645
95357675 324814213 925245189 799809145
21961299 475547130 869412493 161366316
13695769 439409274 559821602 104691643
132446335 779197014 426069127 239427155
113026916 393031737 856360249 870766206
5690686 701914523 212353616 192036547
12468452 294762373 601555590 227572574
23880012 858574688 178971334 802139499
37617482 450576770 169501932 722488905
3359579 598471025 654528947 749216655
84056421 199245954 896945009 359053657
98895191 89685908 106749723 784059337
63909932 739278935 354306101 475497565
46388865 945847232 148422148 821160488
124362598 641291902 40223710 447361219
71807356 975625317 237713981 871375353
6687172 339280 337530680 861497791
35894902 977204454 197476850 772779450
118590891 336212304 152840965 536527890
121647831 547612782 115601425 476344174
102256256 763000660 36655407 279192592
71309985 264676938 226080914 374092026
62098676 5622010 109103365 444392495
18108980 222773674 174690251 821539049
83347335 697419067 887922542 869640107
37295319 675530234 97656973 954797902
30823418 85859751 79752119 504141473
54754039 47243726 188416455 63577437
3168687 260247092 696035149 622909590
66557172 880145432 538575073 642669707
53149871 40266063 888154007 316532160
65202777 198218846 168428199 223405953
142274776 185631806 162587466 430499586
25593449 524686805 608630607 796159027
76447700 524611390 264324616 760453633
109760377 599850678 155149053 486464500
138928890 684402469 545067810 39891489
50824515 717301600 800820487 289217046
31660868 898472791 504775720 795346776
106856415 236027320 999880457 932485933
112577534 510986895 322146807 280707339
95416778 491533600 980132350 773760416
113733776 266757003 521874324 869921886
102436669 255233242 824793828 599995159
138384443 517867703 735781953 264186810
8116352 907978464 373985306 167039052
14743512 258370787 293054839 439131293
44559202 437783995 649954801 645719412
130577447 671608308 940857133 990212192
90957003 402690655 820375464 247108046
79768453 934366041 381629366 952949495
74172397 190679341 359110689 453603342
71645063 515686473 705538091 427470625
143024622 129562705 823934538 406039311
71155341 911443346 121121574 643680936
36676211 98485431 832861636 617921134
84076046 967459435 895810793 437061132
14578633 704348393 508501483 840691656
30894057 767068153 718621299 236622434
134677777 433028112 319021951 791661425
102091978 559358331 780257250 328865110
127940337 341370099 820757643 851435054
138826487 623929483 921277750 23703640
129760630 353648417 723699730 137440672
80129026 658240348 46942051 181968284
120638529 324168975 669201468 973477337
80894859 110742052 242361888 257552097
141483874 616012172 522852441 442889595
89335997 483369084 99506285 610848732
100737823 108932453 179647831 54367716
31471594 127436562 189843264 276690943
8966019 608514852 456708137 374416132
91501413 891541183 646941582 925686947
63690269 421428888 484938409 703052327
64107128 294421769 810577076 419356456
8205383 919052835 731543584 95231456
64416550 784244670 887504722 270645324
65515675 801733143 623212254 865952679
109899063 214361853 91098281 337322650
127117110 589201370 549178468 709477448
10536781 697958977 31642671 764255380
91377598 220001639 567013851 530669744
31620479 245683158 935936996 682359561
69764255 154756440 961534053 925577819
81360202 358766702 898911872 905817373
55072529 318360242 763084482 90413555
89153445 936014953 559631635 29999479
63638632 26349829 280358020 497709562
139428755 921659101 378950436 715742545
3824252 809840474 723224596 90361348
109616982 117231058 696499409 432762914
72567135 206072479 177927507 492791292
109509882 775098133 241842168 186479070
105750909 238324358 952010488 5262159
41159052 33488469 419339601 131135682
87031295 616055057 960018627 799896055
110887154 289911756 824974956 613837012
98613253 397842003 551816518 820006803
15069847 67816905 319315350 639460322
133460314 777308496 187068078 609115654
59024810 520560643 347195800 787554162
20043916 909466788 427250608 736197528
56310982 236452167 382729636 131440727
128066947 167460486 372697684 601156482
57897706 170908679 944104488 83924508
69924373 149654821 620855278 725601138
12920544 464066002 5778198 885322476
133319133 255181616 790374951 374750888
121484331 656371076 708653020 494318939
13547764 253410269 341281763 776432857
133177081 73582136 573971496 979587147
1090738 974065974 509564023 528698374
68244989 778200550 570185952 643158781
17359226 98154291 638111936 254942905
116521429 413618346 47912455 665778206
79442741 285631727 428406590 263956248
143119707 286716537 814576746 553447144
115488525 425978621 324593942 243912543
87278357 116635757 369788973 940065091
133771200 414508290 589946866 661368581
35121708 639824176 786042456 812138598
74534890 762645992 468777575 797656618
51182321 472974734 334852993 849909737
11674999 932640790 680667310 811119396
112794482 7955943 101342161 103560530
8326652 717398298 306416420 798839734
18763532 903736923 990705599 536551182
53819937 31069470 634307122 620992675
124085805 33087510 976348140 5670694
11916186 927227672 951118727 735950719
19800771 278204036 651376084 647946326
46202844 62654924 520270801 510112130
93988604 770955108 626678729 75126685
73925801 173399836 891797079 41835249
11006752 177989740 487999394 433097928
7104422 294993928 833054585 664906821
74390658 163273515 408546936 784088935
144464260 218151128 106459876 258985858
97884343 122234339 595538062 919174354
39540716 535992421 967314784 465155350
126576789 491209578 768589363 357268973
57632405 652698731 141499518 803332606
56789832 995497309 891961267 924937285
44014681 652937597 137780666 318233163
37732540 149166302 501690090 488840772
17764333 743688058 980048212 9233241
71837509 638674414 887575365 764365103
42780992 814304742 540150842 633986730
105041226 65411878 378594685 624099903
25678225 950666614 345922290 765209413
744242 190050765 450491843 770088509
146031257 511808426 678971559 908352786
21618849 806422201 729276421 73426688
14665218 973188430 320966379 224608159
129686536 781294504 310192747 286947087
112134334 556205107 278258070 50474366
81305335 732807892 853781605 274533731
123083413 367331710 780845171 223948048
103152950 969324786 460515526 620273462
34558024 567883333 577763132 922642607
98366026 562246173 45434877 233932686
69893679 341181735 179599764 531276140
106289759 12589822 856631271 936362579
130597101 558905433 790059061 908737196
81864849 77240448 492187215 56276595
8174099 146497323 874129486 491180450
21504265 71753223 279815569 590492864
119086514 139850751 202882521 972651957
101616104 414440588 615981093 639884509
61619762 382344474 595353192 352759362
71759134 304992810 995968939 255412432
46529398 763315104 36280471 17635215
143713501 402485713 838553046 388968110
50718537 929340175 231236030 486956087
52017385 781046464 493465811 288092154
145376283 917598194 508707641 442886513
125104824 297186355 886363524 847964644
83087802 413942317 745177028 275718879
139946560 514584528 158379060 964488552
93756576 972567608 614047568 376934770
134788791 482747402 192335722 746983963
111826896 862464696 324327946 417815444
35910931 499948941 101003189 998407176
31105264 564831013 481986680 104338093
9931506 100142334 281334980 899071431
46277158 830604291 281175576 981099928
52918315 659672280 543971143 420218017
1069135 746004660 210183425 970947267
10588995 265318694 86558209 511341108
3837452 846941512 713725243 96070902
115199373 534912548 671986962 535887762
35219138 458346776 375596375 877780080
44510132 640096124 176908591 607810224
19043335 40612314 793898983 313471094
103844416 54398192 607421889 865416595
79339540 485779538 709621774 227763114
30205662 258667653 205009627 69069333
16154687 873494415 355003482 888549820
35505680 442262596 564959719 245664333
10178095 376913028 509262399 168062602
124524554 190423019 678937610 769307186
76174277 40696617 238370054 938859643
95943178 958116623 913076078 703406787
79149719 938179074 519318771 10932913
89903531 197316559 351695890 879805350
116583985 50788270 97365313 807590331
83507095 100613940 418957350 377757418
115934954 956551403 1713164 489647063
29129002 69314238 513453941 333954654
36286103 893723586 376980928 841272333
115158646 334896338 934399777 809958058
7836344 452978374 65424491 994251092
27983215 322878840 376452853 159529522
36473 440798354 903624233 936551305
106954986 903892807 722917197 830553875
20457726 320349016 840894415 486579668
33947585 314668768 674580629 91526264
3567087 858698264 902395433 691227998
141806085 661863594 569429388 161471661
107535338 615377778 576800075 813114661
134250294 269367552 387238959 791614849
16329639 811183336 256869018 849038363
63248871 540770084 99043246 847264328
59615588 602717044 84431581 878781347
4755365 52918201 930349961 13617735
18363069 401868181 202731642 841297003
91792009 43955694 624276931 921805443
106095178 212214876 504135124 377345896
134686355 747653337 731510792 633412615
77819118 872672191 629683662 226663782
110507327 6276807 799080917 675985143
106638780 73130679 252513992 703653986
64661674 415259172 22645058 394090493
85944103 270146038 380272756 157497124
103859008 282762315 887783160 738270056
135587537 277303656 94924296 181619114
17463794 224037812 245684866 107459067
58924166 356055822 499395738 65889010
123789179 796096328 456177352 895184675
98608403 642770169 216171053 132313377
95048655 637639933 270692712 505782648
24665008 903545128 389996780 244955027
126988710 203084425 240553715 351239406
85496838 701829733 699110403 803078128
54281554 975221901 621539074 940066245
3878865 670022950 952839638 165179181
32750319 483668021 862236939 175676821
105418554 898215190 265019549 254569531
129748248 385314171 621386364 210254931
116558502 5174282 857682050 496276103
1863219 648634085 403536077 11799478
21552829 533018202 83803456 397813040
143807639 420140218 581668384 706303542
86787215 271813552 155333415 469181289
88211471 844068025 408998178 266770706
31283405 684597601 137818595 871306909
28213993 298811568 614557381 770931307
86668360 86078998 523160450 53584180
1987074 275373366 423559448 639022572
59258155 47427328 248870602 828319571
56677612 71929154 326830470 436206663
36345627 762701270 453932049 358060390
96021533 829366684 193322446 936077112
90415885 928009027 674295173 476465206
106116492 316269674 642124319 167524674
81789789 851920557 413531283 761360653
64173736 133520319 914166455 939811913
72728215 685224895 716751450 919814741
34267063 752598369 368629678 556703170
139595365 708476993 411262367 545146336
76532597 601431803 687094723 265878661
16407046 268408665 156811902 700978227
144653353 393633356 258777120 169999740
39412291 81783308 213903857 189422828
15324014 245130563 902922342 398632300
19061264 514724026 134557085 868450025
90405346 90685232 253532166 4539572
7102631 706329202 132256055 872184399
102692562 454608259 799962645 263840669
132146871 6576038 242535617 144685788
26836018 401016990 998168057 370829822
131420557 176639045 814272594 887965247
38424949 613501667 376737503 922295940
132728904 684072725 68098416 647757437
9566937 519193053 633385451 554651066
130241684 133550121 941250193 512633899
128583563 387467104 74918105 465939998
8034052 176306023 150146977 498464368
76650281 50372324 306752480 580312154
89113174 337513404 661970202 250474605
140552319 905525985 704119822 66619631
71591249 799742086 280749715 630798161
8990331 765755244 666807760 251250253
137277747 611769544 343484176 385924286
115574134 915472027 30945631 741313229
117836350 587713569 260683958 341645358
41626362 203173595 253670202 694731847
122758664 633278853 340136821 376633586
138872797 266092819 284127154 493586650
51758350 203212464 465765329 926878832
1549178 169190765 406585563 889092125
97124411 751314668 684765693 767979244
118108103 623791493 952848500 748198430
55286364 367847726 254224320 277115839
130203273 341591222 34387477 194658814
28211355 56305976 166827353 949623191
115815187 228956986 898092525 726943339
8288257 414711541 445711291 205857152
98081143 579266555 827087531 847047103
65647265 274263311 531728591 483986351
112697261 160615076 752683269 922259621
96667726 921811261 296694463 303008817
30003594 553662012 228197568 88494210
49380976 214111885 539000022 473654580
138407200 385411938 361479959 301806794
3600171 970921507 995954091 290787672
83891991 841059725 809656537 227755850
90391428 413520727 903045926 665375170
17032662 44517999 743350110 537431359
114777901 246834798 76554350 9847494
26368239 604890764 403488181 852242997
61821335 940326890 918871028 95575146
92055295 798853949 587483554 358009717
145803634 932786465 710514552 822943107
51745908 609661677 722363116 765080057
42101672 15534622 177616206 172532725
42889730 570512388 9877605 100397199
47124443 57532234 284247726 975809042
48240497 101605634 528483809 879542347
21148839 73151583 527282617 843506361
80670456 676715588 418165567 974097457
8765154 712892585 633613696 650363819
71386366 712858893 892054548 352284769
70744831 950776926 983809862 782231352
122107691 565688390 671657001 356283007
26743810 683632403 991855402 631266291
57102895 323415158 433056498 219796841
55836688 667286609 639086486 227075735
40967830 223158691 910293694 196999850
146144316 600013062 63767737 112737197
4669223 823910380 365541877 25121014
84921851 900694461 95783341 115066694
90652983 754311688 418229293 383874568
84615253 576321960 992864441 702542185
110598359 946423202 855384780 108756693
124963183 755028684 167610857 202875934
124915480 361645640 102859300 299620928
55836615 185721285 798339270 546166811
30791475 394613025 29723933 794089034
6145354 436939942 321007064 650129003
27949435 745567954 183534804 156516650
70062047 819477397 213419300 81866675
97944410 610329454 813387267 353551000
10128183 457293708 655461222 970176948
18924514 609831153 913180120 649739673
83618532 671739953 242536445 50485488
21674766 331246885 645721464 383050296
8555129 408877694 978529048 166844071
104491790 493423834 33341292 941343912
105356205 689809457 327960396 129837500
3606906 343259573 883438867 850654482
47620051 321697894 451082055 280716247
30623249 956353299 641876388 317655826
124794563 654331893 388808053 544106219
46951514 643876628 739237953 308754420
67168747 575035907 767272116 962423158
35350001 960194080 928104507 319351653
13405836 681324556 394149717 663054193
140271001 223750582 767407787 703551035
130043174 906916467 380339368 651569501
68631417 791491807 146190991 333421219
137670917 972587258 519903495 966834194
66661630 725397155 838448498 569165748
56380106 505066147 306914959 6221497
100029363 25209543 482372924 531072170
80331599 286731343 233974976 490070470
23607122 476425250 763849067 590146209
11046796 419472465 80405702 166031299
110620380 81203697 234064877 786986453
36925757 206268155 817016028 624741159
42926823 59681777 940376231 76706424
35625128 849074723 809469491 191891711
65892968 783102754 531980371 754213464
70063399 631087134 513709319 464206801
16696313 579524120 151208951 820547775
127237140 748421727 988043159 893042901
67890622 766556691 847462904 818105589
106436338 362032268 801956575 398590738
54691550 314695424 99583553 894138898
7423728 880862835 569668361 492472531
68096890 739945171 568739501 851946452
132820947 854823909 626609598 415767352
72425961 579081641 499526538 703679052
128379662 428844842 327734151 654866059
2208916 612495441 667693973 853703544
81924161 412000087 149246878 630187901
17721667 169016320 812258696 252524998
70122855 569335156 405782703 314581518
145022213 974451412 478794710 906252282
78386515 897304350 358031001 724923222
105829231 67936233 652586948 171921369
66994686 753300115 436114955 713607832
42515298 115173344 968658312 505261775
95271929 452964521 773199340 26052853
42757359 510387245 887845366 10871426
130132217 317766579 186309007 608801289
32197929 311963243 201736999 287474269
44227495 815508670 119522638 875230421
118224290 805045539 374341922 663110635
55256103 491632908 42501986 777674359
26205409 526357489 623647423 137566704
111084981 398403923 36081533 40408692
27377028 38859788 365835495 638495281
55115819 774251093 144474882 928591453
42205605 445290476 264578916 103843447
90027171 369757483 276251596 967142226
59704125 405967525 963828988 799983698
14839771 643883847 183409119 862583962
115129404 240155883 522495745 659931503
35314574 800082602 358439014 23643372
137068297 569638785 445072401 925851466
9529895 170334364 557355812 976605296
35825024 826637754 745895133 898569362
