83 784526153
357955017 748745833 922587178 700371823
150186131 968661402 772289201 740722417
9835146 910769343 362369621 98163126
199004479 362504591 715205195 697766012
96603131 590712594 90817244 235588260
229509249 557599075 116610374 472373813
632304474 120517620 490654566 633130591
221535895 671938665 637255979 424702448
424251062 319973644 202654068 207346100
782412139 397556625 296602024 861801406
215003933 531148003 2279744 987218819
243001735 57598795 312745836 673619815
638151995 9438306 132498236 216431035
236804613 960634939 41169264 975866735
49358912 44053489 740694316 762146498
175854257 48930369 888542589 529027448
11500868 640695685 786183283 658131538
708653768 977782235 778683591 205435690
308171533 580103521 675129054 450346512
212096795 440501015 415887195 954725273
147239404 507664496 541335617 299040096
370645609 913003394 268462795 976070699
347514546 580922543 322462578 975841117
337455864 911915294 53844175 910187191
638848586 359115602 691628132 53462983
426457859 370217996 448448999 329899381
544957370 272378719 499091917 380570216
66555501 339848204 290127250 782854779
307503370 57069668 37093111 736049173
729953872 773973786 195022840 397712957
655865601 867247581 206780897 473955724
619969273 399966482 2582309 615225400
157842574 586966213 255697964 649596608
504033738 206712564 794336695 235267260
549684094 922847022 849063349 33671499
557233928 18268595 987396527 121532856
728716642 188005768 992081798 996443309
681232065 771901147 724555351 563338350
224051173 612048551 318754416 645136934
505189291 141231290 255212845 749905547
558327178 540690754 803577100 798653293
312922438 287186426 670979784 966944177
195198379 757968272 678462556 980228927
198599460 430593944 604783790 773343587
19173445 909838061 474707655 546275958
593627392 50987773 363953495 723754665
747950293 273657221 422279661 729799114
303493311 843433105 341553773 870048586
243047809 237139977 636046513 158028160
326350367 711878304 202386876 480964546
198183430 142950528 970013016 583863593
540107003 720288820 244792552 179548725
311824491 916672402 70431872 133570262
753568487 314942202 998444332 725061273
417756718 478388371 299810487 92083328
604867317 110014657 501029607 839761086
550395044 587031328 176002812 833247853
184767981 762601293 96647164 15964918
66765623 200754698 113276471 962469997
461396515 114831634 4367489 945584110
430064517 861838944 686344689 558668025
148025376 244175307 242022334 388667228
519896436 996006119 899253249 822619272
704325396 411596633 740350453 819992990
239105320 772349542 701684576 416372375
151720473 731946554 868480356 562115096
544932773 121601283 342888166 926047037
274425766 392462593 296187716 562665697
654565852 590852489 162883952 133992143
285358115 371883502 364106507 459363968
222557999 795276982 384472705 875592727
555053516 674644935 145163171 850658611
322236518 970741060 689912 512464341
613591413 276277818 770335477 141432745
96668507 532226744 307483131 617714055
534743497 888395295 1520310 498771988
497918081 198330534 161065312 266163170
712544331 643649293 786239116 964695438
776664793 246429804 295345038 335307017
202181748 254733453 46962186 94749659
218560478 812680398 933692223 979036851
775064293 805078267 745604350 220331679
30511009 148360323 323419795 876980980
