803 460044012
350032097 744927283 857860908 794657486
135711712 160088840 536602514 778005371
359015719 139871655 491585719 912870608
69927103 389462069 240129261 117443930
340882508 892942188 119610161 387290235
253211363 771913409 97733046 350148288
155303363 129497266 795631408 176726170
232889616 684075537 727222813 128453189
429703799 481484234 785978070 466226502
118818431 758096467 96952689 765159583
201555304 655445501 165644198 980332194
160918600 577699040 373363477 646854525
32702239 228508823 652834176 453723667
305245705 22406063 767376090 454562005
319182534 357936772 446145300 411755904
112656190 248304176 356972035 48856646
254252857 233874469 171248109 726637962
308340243 421970459 451112387 266493620
19537615 888931298 4679693 139741591
306771472 100606298 766089474 519970750
274416484 495484589 680543119 192911739
276932322 960833020 878006217 924001967
211219458 741952578 685028877 997877068
231896750 884697466 165309806 414618738
153206675 120659813 981605290 115193305
445453868 939480473 174541707 837534725
426852735 854680924 68373845 401357937
229753491 207100612 745183253 855564960
174280344 142437296 614267276 455993269
244074153 194284220 271607213 623818463
441924200 622379944 666984654 957731168
211011949 460541262 139025722 959484574
138574967 146517703 587306118 847592729
322160824 593145107 642247125 28797555
223772384 247194523 606205955 939201976
189233969 981761525 919539460 103031547
344935017 255047669 472416126 636273476
95126446 150314429 268454600 805516389
39353209 958830029 428083509 350345827
286552660 767672269 211302727 719725692
250463989 803507999 469975538 307246270
142107743 769014955 541590101 590514251
158926597 290735665 354922573 301696162
3044880 895698510 915483911 324939072
286916241 624723694 934740214 227032451
59113350 549589669 172137078 157952261
230997253 155246814 291578864 186895220
290336440 942635879 337295615 788205342
403506474 867531886 441376695 227823065
337996960 532676103 886966296 50501850
324789767 922188385 519879881 637101031
351854603 196368329 798726955 815598948
456123640 820774708 449483373 684806304
71535184 713858148 778422536 590121123
305784933 962491102 580363961 730222218
274200811 943798111 571535148 200341666
265786136 369364482 913878508 463301400
354018977 562733000 647382665 27212113
383701123 768730927 307179111 492276815
77252465 750541776 257030489 195000743
399347550 400526217 526644872 332290766
362297518 30786825 458857973 144296250
46209600 715549113 465862923 927061544
312400099 575978087 161233040 842533058
239060079 978173465 260291628 406146626
63232360 952313595 57151955 956195726
109105690 180747167 817940927 762980866
454374073 830019824 851760422 512746914
392360251 329875814 143508862 555377276
116706364 666225113 897594138 219843432
371562002 543246201 859904611 229250688
79508953 665877309 26335015 874534269
141222645 657677561 514241806 445062816
148434660 849623187 32313922 656187413
273757652 30542980 222340064 911012854
313836184 720461803 527448139 126453474
215131435 882599935 759050981 384103714
52366870 17049821 778490634 777997740
245106427 381602015 93563936 811918319
405134580 375791460 145249387 826164307
395138448 373050099 879693939 388693938
251739879 58952308 339381131 544150749
304906661 10775154 571719929 33740623
177905208 953882163 123842045 402859514
328535645 58714492 154630551 550258518
459874210 910656360 237359019 263119990
364482135 55522035 211966379 887774852
347655181 614232354 109417632 371685271
145524284 676553104 595284256 51622446
436767802 985110920 663961413 640945080
86273960 331723859 311876644 424926025
383184438 11577350 94106871 55124013
288357115 187620458 291664152 561765171
19604045 869495910 56402221 12037286
436221403 16918890 794732631 678914143
152560104 482783231 32354233 557949532
291928057 231859458 391991833 745704336
306713156 498331602 690008657 938689372
362789990 292152799 882614569 175012522
182895700 345717838 481652822 462953177
203537845 853567989 44392129 243017940
8514617 382702189 733198889 934291935
360591912 434204041 129711448 708962802
239489067 333754129 477085022 487385381
447204872 90540202 780701670 7721676
429354217 779216417 965150752 78333708
301625819 494092241 831750777 70600855
201319376 277316165 610109121 961114485
92417590 857569650 624833358 589624503
63384566 846122411 875723320 494009632
227691093 961478374 364572851 625026294
368541613 660239461 871778581 403009291
402190825 506906596 69612407 65251660
221417100 796449243 343569640 154279392
255467003 10352290 434527268 580432910
191197896 704469739 814738398 914031617
458992287 951708226 133617883 624549311
243201340 389818924 895749543 729946943
380258290 594842597 378007449 595565462
420625818 518116447 306017600 753644598
134260710 627958738 429541368 17438132
240555766 66820638 502690882 282807423
418456529 977096991 538879417 926037632
91062816 409022358 549742819 19931847
256573502 365107248 448802529 227224643
70500672 373400182 167392332 972460071
180527360 609126452 144129341 880972417
221445897 806335569 169522423 537107747
49708011 13326743 415591035 867554228
345491099 682489861 330361036 809052129
384312883 351002658 762373142 407849543
421057356 948358638 624694493 144408616
211682044 845631094 487915391 634361450
140033508 84687477 809950890 697246618
64023382 915559372 248556927 878981019
230129792 882081951 95862324 584221734
397513370 919526408 852619677 314530749
424426355 82705236 552408404 613706014
331965833 431112848 906187537 170630735
421913386 814978329 564770571 871799398
295513955 287736432 570674341 806518114
265886928 75885234 181684935 953619168
339189211 667574586 375033865 384983148
228700573 569303108 125877387 844064128
137961914 265698162 653683220 431984060
178780263 793390577 366591712 669820439
210208717 899401087 192361312 613447223
347257826 266783846 209207284 920218080
180246644 420364789 572113138 149055122
167262468 995348164 45115839 219943382
140698031 282589975 267174651 666241170
427715784 372795290 908423218 612415388
360780228 706656116 706725085 808247731
77632562 928097392 323316598 202099280
440891192 805120386 606628136 441354366
169914193 295988156 223782492 31451375
425522380 479902957 359084999 940508626
226223400 572047008 705200687 213580605
405084760 804973607 340641108 44062143
330410541 851985780 553925191 690116191
440278499 184432397 735467122 1982172
166685273 613550321 435521193 62965221
400704095 356592823 76342005 977320694
274359288 511333542 82947592 211666592
426615925 216305848 953831499 797281768
39328272 957670037 362670070 670303348
158897781 292562139 781100354 492270418
265639553 575461557 259353461 162938330
141734470 33160825 696046875 879147242
355536092 515509685 959881053 193167003
128866125 592368801 935814283 122685059
126364507 277010919 735258048 903371900
227388882 989314838 210813750 581663505
65421854 863397678 766591137 514437662
96252846 868793226 156035154 792186838
222143777 924599718 651062517 192751579
378548631 287308227 205943963 254344904
102848435 774585541 126628649 990143271
405882088 894755502 978235581 330911263
108894085 446216566 446312338 867165195
48877898 792752763 535288189 10403119
28809547 51681579 330234439 767511174
325051237 464104182 105232351 216975583
17947989 22505525 712893626 768496306
192905737 670056340 592489460 22785461
9992315 134007961 828760168 931268789
409551302 32395470 546865055 511901976
429209494 840653924 246456202 206458011
370755946 960583999 934991189 435203514
226364972 833195713 582952780 210455407
167441159 425797277 125093159 787756890
406469040 823412538 963681254 89478172
370472384 721129554 74559177 448088960
336172364 15378499 191914860 945337537
438522925 14796795 195696433 341252711
369823889 379064767 509404688 135455241
15654031 568175024 421150503 95656414
444670655 800131161 304174823 465432144
258945720 683248128 782457229 575725585
438700397 77641201 538940260 10008157
393916104 527337912 952348830 951983931
180664484 606738133 911577391 932127965
273038179 590945801 761233154 704123124
305978597 640477929 46504924 669135414
14208625 796604718 239154179 717296889
105534639 866266479 941971826 251573232
438833845 603756818 935102579 513217306
420216950 988556666 635114918 841290044
404570060 18146686 736587927 392122313
375158774 984840107 809281058 555285373
446576031 183370861 148435132 202634656
121230689 276332343 111555038 908363673
396605511 241468526 590822560 17005673
264848406 772529986 386532191 740004081
132724389 561317446 822909371 143079715
348135480 758229939 942034182 881311124
126326487 975501321 614445663 84148777
304521137 993872404 5502437 112431507
195678505 490340044 287747074 763545101
368228535 955411955 122792575 989893903
450968922 587375485 868081306 224342837
58601042 823201251 154879770 880071996
141701367 165974210 289012756 606413786
3823402 736379629 190538340 575162912
137463476 684510469 587895853 183424373
315914417 459252318 498421266 245076503
16578511 221959903 50858017 434608257
322599641 414921850 804625230 102437998
421473699 716935796 347379084 295651201
452642101 58423706 648057404 564653422
166686328 625773769 363079125 140373309
440334205 550773635 440649473 219830257
374354987 654816434 441054216 990697962
12170482 459971114 461709940 605854369
340526287 388430884 92077827 227923951
263420955 217986373 254022105 426060038
253431544 683899221 693987586 604322176
263678079 391704791 352924296 745260024
352529788 24326802 172261151 759903008
165773053 830985965 417758951 137252250
406075779 505047261 615934612 300380095
332572624 870147263 173027482 994063671
334757874 285965211 360851568 623525412
150465292 988943590 473504130 313741433
315495201 974603665 316864205 126328047
351523161 309489211 901529503 929916504
157181286 858571855 465377112 276230959
367234776 158648410 114468262 987214903
324960647 478175005 953990022 36584522
69551285 719657497 635180205 723183810
257821972 62509475 952301482 489844147
308330993 715101277 627504818 82858523
134347995 169501866 485212083 82496366
399438522 963575261 384839141 455551865
24711132 570122320 458033915 821071325
151972715 531039910 31355668 580939944
8486854 215131135 314508978 786848500
295694909 171983499 415538237 191441118
256230382 723427791 423546278 372045532
332799267 272120935 949346329 534469838
17594078 810788226 908367151 690027524
324934560 283353464 105481738 722010430
323584319 220202391 732425936 838449965
337032243 542399784 448945768 228618217
116878334 178436045 680175755 761672438
84105654 462470415 697185973 292710821
76602359 942485561 60142063 180698466
343636458 70384982 37540507 261678171
435055657 892184994 535991715 669531991
56774753 593108233 709307097 128866996
372323737 947762145 910463169 18470
9304043 185372091 596874826 955287844
105444972 648872491 584307261 676716993
263789882 286939417 465535928 323990001
384564964 205471630 735298070 147527529
412920474 878220871 471476791 639607233
306182904 473903509 611108894 14419266
95576695 283194258 525897443 209811946
307150949 705245976 425030645 249633921
421060968 716673797 3703678 16790593
353193006 307588739 899096924 115170994
220539154 685332993 152820836 821491128
384096192 645027540 440612673 27773208
40531834 158451037 724726085 204563990
210112943 617587033 945003452 131776238
120927322 814950893 84445461 545928509
189431567 345653761 101356670 186244919
114552353 686405820 48740582 196192797
237485431 797751395 184454479 788963651
130037224 659772856 635156559 314658826
74500148 96542109 787779627 521761606
53956307 559183021 753704781 684880120
436507982 367872364 321577149 664171668
149286967 211138032 765265439 446619200
17076389 808681925 921218939 58827130
225244273 979924500 569950112 732605828
83600143 309524467 700343487 988884227
268410907 643703332 342885352 10734634
366263748 204607016 52651687 838035408
379254227 19945221 397915937 301948954
377434799 481193454 654300009 104349064
24458672 467801922 13715333 33927247
434432123 265026668 309838155 771647729
92341315 463787176 243342587 174721581
65194443 337131868 529648523 591301577
390178360 145466155 67988506 538549638
128473196 953685183 953057653 772884387
310585677 985263381 438195106 897138414
435609039 667771434 622234673 463357759
201276411 135029000 366588382 109289777
51973041 475058634 997019836 211570601
246338006 523496526 283605747 985965583
152490981 869470538 309063604 626568505
413488518 637862278 502244867 444191851
252803926 570093994 748325872 728609835
352264415 829654967 839602996 105632931
249483505 675812349 833649216 66442804
151704792 24097863 105094735 236744312
379979794 422829206 774229632 616303766
149697916 103665321 167908300 306736374
37220502 822211675 642373316 841884681
27065979 223169123 280386098 110186495
373294664 847415070 545144451 361055683
230910633 838972185 910865550 605914407
454049344 999494262 968577722 312809805
313410234 461318249 953471480 204440858
83790099 988139002 291947766 791407990
140600967 754067351 823359230 204187047
286761912 490944576 344226458 614341986
393148472 494128304 418256878 424052909
349657193 651877140 731429484 77292775
266283822 238517769 566697350 128319036
79771797 55359886 815193295 738445342
1928797 557466265 20999503 32720769
330537896 113546441 829057290 78186567
331598101 23437276 134440592 963419476
138294396 944868924 865484602 342506059
136725448 446886818 263013214 177147963
444771875 564365829 580945109 799632960
102593725 638873241 321847784 149290960
313918802 351174693 988031089 358371152
207787461 128177184 68497589 908520476
158706413 931484347 886107657 786612288
197013554 182956106 897756381 674811178
359497231 226568739 809374647 956759249
179987155 925821903 810344771 553938573
330277241 81194857 552386771 527802038
205458320 175192919 443708326 331139120
85530613 428678786 378027587 250659365
184386803 13355645 902553632 26777708
226852337 746763523 491981651 816953011
273852557 765013388 3299731 365414822
67540551 882145860 300331559 532985168
264752271 738204966 958104183 980198084
347545307 707275116 589344898 397295817
402227294 467633810 416832932 334186377
96384861 128739081 998844830 687726828
433994040 719685110 777066360 153635033
95246232 86689925 273556619 933911255
116690005 833858043 553583392 200106844
349223968 488759748 286953553 200132339
48646691 182626946 491012896 463731993
93000251 188478173 515495394 524058602
170957860 968181431 788896136 790350651
231351243 642608865 400641068 855159572
113357940 828962803 38954753 657871319
170398065 612313573 129570146 405354201
284377031 651047583 219117793 976883531
320393136 856348457 685253006 292156179
362084497 204888668 428124315 710400929
90965230 664460088 216961954 629407733
289751319 704060140 679068982 646549888
26392192 256114462 736493019 734459197
181335513 434590140 721700561 58147987
142866329 44974259 978665181 531089526
252774735 565935473 182938390 561624518
132458158 773659135 142606923 318675297
180129820 120298781 705719109 129602218
142511743 710137127 116940112 963529096
12358053 309245090 655730052 859851851
368093491 983116936 893678282 684720572
341966395 55602144 547146526 773712545
158900849 370319983 711858365 440819209
131519632 384467577 681276603 452157664
254325265 40507860 79044431 339724217
278592471 514242074 624678264 883325377
192694198 650049259 624034456 51246879
105532871 283048621 418572242 429604878
141614657 987254019 958354280 459805341
446174257 257823615 171377781 476688792
341021546 732844027 98184619 992719535
71409109 83031569 521285653 476749200
183969397 750732036 314593415 605679791
234858723 150341646 627417021 951524388
159877891 173543593 551091521 817852700
91215483 899394754 753842067 358191751
36222491 363527683 95448253 803334456
305924761 346389743 830626998 932125629
51455834 671257093 427894223 371721133
144125236 748359947 616004582 42764217
129030062 954932420 279746225 714970900
103246004 546456700 876237450 715768006
262684174 634343952 371946622 97453085
420169795 602918745 29606365 128736985
281066809 235109313 670046393 998556043
382463428 950049889 231168782 326293409
271066292 181906424 798768243 671531004
426193856 894759871 338558287 487674189
34673786 845026031 715787892 833885879
58826602 534599765 937259760 186942141
361140470 550447640 21118633 468280719
261972275 807325467 759999226 938348405
39561291 90509397 247263823 33552833
315336493 510966334 444213833 81467829
75987423 799024630 900291531 172125072
116879721 669022011 248368575 651746736
231474786 817279276 484561660 725231217
295834434 364971128 789118693 668111485
448353857 37777980 2579054 479791941
404793538 538266498 829232901 353153288
368533242 599503804 158729870 797552721
151641183 972826865 854216932 501374198
138547792 656217692 311970994 907974367
343688671 192106657 943156810 621479932
394477813 274745309 154259295 785177973
364251769 701413780 46130874 633997285
245963210 417578971 830892484 47803997
142381352 217655773 770147321 616876442
242744393 75044535 812007570 348502950
304678441 630688815 712519788 268507639
149141214 865717141 462308334 72952833
329133381 981082035 222127741 47507704
327843075 86311457 540757812 644036804
293510785 123276425 493849689 286683869
175449945 615519434 212336760 711910765
95278312 187184592 366573277 327307605
327279323 991184405 997303172 190968781
67315798 393852119 290729410 475856426
337564428 94846272 951598786 624800788
364975938 179359080 777746196 360656580
398162422 461842350 747612137 402714243
327475734 943262784 881326510 625896624
193323553 131596294 495400929 916941173
137857552 731750604 522510399 535065630
413160892 145667199 103271540 323440044
157190272 636452148 885640347 814213479
442677922 645656469 483958942 305600554
50947603 612499840 493758370 517748800
72630630 397324539 692842225 189932166
437331269 760989225 490131798 85642783
333152232 14030809 472226568 309781780
416173505 860474138 800809732 556130607
158186775 373045483 903153493 207894076
20935867 574616520 1584972 122165555
140777096 304303465 877029461 827289864
12708757 872562795 350632562 961826458
99400573 944718316 387165608 846035743
127969102 524714943 610664298 736052994
262657280 473324909 776968688 906779032
82390085 449026477 770347613 641771609
242476528 136890385 723879634 716605272
206511170 540855633 456615529 456358267
355008153 642083901 705123475 813007434
85007873 519858599 609793545 628782502
418444922 718500144 118094973 495934498
240518887 301567583 613835709 956201886
130426159 946724928 134093181 356756153
78585777 484821907 48006904 965185906
101470891 407753130 897533797 509876967
106038670 650225473 560843020 162924876
273535975 371119223 707541890 665778734
235779650 930354815 261747793 29540739
247554283 502985897 468844074 561050719
396601599 310361225 924000125 564879230
428962733 126092668 91562292 39260105
447388483 89777378 615827387 171571456
218095435 491065127 795998791 544785745
55577702 415305191 593544610 786893977
86191568 686084640 157053476 874848597
185345068 879248977 489198048 48149523
123299081 150922023 607128812 969134645
437154030 177235466 386927333 85620135
318401525 970491215 876638383 570737495
189316575 613525641 245633375 514794186
120694938 129402004 157492333 694321444
240749299 389813673 782152349 405845978
428668970 634564971 186186329 608879230
289860954 428042874 665910782 911944892
299744281 664097661 825120654 981190539
34703158 161855914 496256259 777217072
98394768 801494997 693569849 982889992
88854248 214234382 928839769 842428750
63197967 144289605 673689006 785136
267320945 541719314 246982093 187871269
45035848 533884396 890972784 716305247
365598841 799524761 650856041 990303245
380730619 768649740 229609957 213749013
203537977 364268072 865119260 697017143
371741854 255664079 725175589 54272715
20959132 375816059 546954402 750227638
253296509 48801222 344561998 150246379
133448901 437312058 490928710 439219034
159632482 187018809 777461443 25604394
383042791 169672093 151139150 568317891
97066479 159574878 731847461 489666645
440342677 505958995 600603737 894865203
446311128 884717855 742676160 238421831
449259119 713427190 106987760 944746792
25915372 22874007 337395562 300178391
447028627 848359161 679193448 786624755
194606826 858696557 702190047 822492308
168731950 823986912 654994104 143294888
385941970 184533109 444268220 819908930
146566503 562810468 146964951 255158031
69686212 631343072 712326646 17790272
17061448 470816111 546724831 209383492
35050722 374438323 39370981 699566864
308025903 824231638 383464369 99753372
27981911 500387033 847275831 684982726
455330555 981277247 857770843 753547310
381956719 394129534 839162373 964805298
12310323 625479508 325189387 227011647
457537784 986124429 741709085 828088469
259620203 243501460 345189525 664449828
90086645 772577782 18770479 281937343
428876074 185006771 777990926 915002646
27468126 273802082 196508099 841780891
436226650 791774158 657503702 83196568
24691651 640223723 919587168 246118571
341539583 581744579 536605793 77240172
343724964 609374400 934654531 571315046
34191487 462400959 16106072 885538267
399941854 107979049 135436958 236246828
264775420 66152289 192487985 422637893
341888649 295365408 493953302 463460057
23643343 201856988 154853785 950405744
281655934 676900788 121761496 201599435
382882952 492470592 72794978 126341593
81465983 835814047 779756151 63620387
251868262 541641244 616182394 761718412
278141615 587662906 762754385 359500975
93302306 986857883 992911970 774545291
274802734 790347140 536397738 488093166
333467672 863842897 777556703 174889222
22393776 175432576 758887633 142828942
224788022 356646604 242780517 845060404
201998836 12909360 768406403 34767500
55185136 877009677 871590594 304707559
284074826 453405985 346600171 152387530
251050174 663112641 984308939 423309069
366844956 447087129 469057265 263606910
382495269 735633717 585776193 426497166
243564341 320213501 874109333 578299028
343259937 224228388 168921328 656375014
134309384 136556756 171790108 373764509
451188339 456947608 775675516 963081785
355110031 43263814 51790372 263191466
116685536 864573758 195360800 504615549
206629837 930832551 971889326 719488235
226081960 176108196 280616469 583931307
363116008 487103538 42371675 740135348
3357456 528114688 959397153 373385201
158634405 456754640 169639482 980806142
177522486 505971772 480090443 249432561
11411850 399193670 918407589 767402562
325546958 315614756 149581413 783275613
355276511 992398687 107758530 128107792
38866022 937376174 5405115 974498885
184202133 799324227 157823596 619041133
142785862 826158201 768155274 742946996
244861701 397252443 333727662 834753480
9033540 771884828 462408119 762998666
69956336 44095761 226973253 308501304
202355386 387247773 808922868 744715267
224427963 372952850 106398047 46007876
317895780 873639722 414288869 210607019
105090953 11329995 322168151 835521751
283958146 125561660 278421193 969517086
64626616 471671049 926954029 581947628
16322633 923106847 602682075 397536244
363963987 890404755 314020634 919440040
430061587 611877802 151378900 315618820
454451367 893261238 539329105 131647104
63749841 182703218 809326976 947155730
270807815 370077757 531458481 400700510
296502213 965322143 503168322 668871922
403315143 715974867 653567159 245870242
288058315 80398707 532980423 491737479
187585897 88618200 94299467 215592680
131025768 941497791 177401497 656716340
457983968 494974997 58039018 898104077
354385939 982330124 287950179 464696693
23089614 140505604 13993641 720968329
348349901 309996774 458789934 99049223
167626843 906734085 510746483 467059800
59777570 238994433 954694732 658994922
327023590 262084012 280397333 104772226
147001662 740300171 798288464 13211101
294221628 932185234 569554655 459676164
419434969 856574057 951276178 916525680
371463034 130591205 260086395 155319543
239458457 688732330 900736754 422074282
402869949 973958145 461142784 878899335
274086952 975587405 372893635 854356013
98905472 128299124 677496467 666054355
388678909 511215765 465736890 350907568
208969523 745362314 283778250 251689697
152866362 387407922 354047480 114260594
454599275 867630695 357304741 96341035
11908025 133835301 368702090 404644508
198088967 659792402 100319205 555887900
455686054 169544926 769296142 455261419
269961345 763267311 710005251 495063794
289804947 468200090 320726495 215760048
300195055 16423105 199774441 124297728
443054786 70378168 576523492 49198078
69362978 142109321 492950345 631497557
162748242 573992162 274039267 107584212
66220085 947092386 736431322 52261953
412232263 748773833 482989213 518457921
233086582 247581729 621371676 688601347
192160595 108184656 162817384 512371892
171522004 768605166 700084150 806768523
72013804 433063021 267758400 557701672
220000734 310108011 366907832 487979299
308796936 488359706 428563015 314869373
81332084 149122793 608469900 886876472
195758913 641811800 992460278 267899006
36007522 616887571 709271138 204833462
419730017 667845250 986284195 466422752
281430399 608442470 346454210 942910600
57645086 213404701 766274939 979823642
455910910 46866091 855500882 613018209
239134339 953198428 322577589 479779269
299301971 371465739 888121825 505551444
86246298 514396064 306808499 132612557
437327395 915399063 421640311 549457459
137560838 919114136 891055705 662004731
142502465 964722666 487658835 600410245
371632760 89058270 594401696 969082917
415977067 529007917 439805682 933810735
454045539 45294148 479585447 275711911
393085322 409504115 410276087 960192210
96150012 229697570 272635742 713146693
167936659 812213110 985965046 522465832
264647990 670545215 735291594 830542209
426633477 4770211 606743527 78674959
105357379 791620326 499120044 918669244
147381324 744801881 16665250 341222845
451178896 800731107 533493613 8706509
32070150 659730848 206548979 231720646
296827254 423665647 542133054 170917981
430717492 88986802 991357053 828878742
18048040 143804279 271108505 622786031
422024217 377106121 269492515 747567454
450135118 769403007 634166609 64264992
109500149 514025694 687897727 561174610
255789203 416060909 24821654 206317655
431050631 130926857 66355285 713362273
302696769 718677530 218909025 774694812
112557158 529417310 871654085 30064548
306923713 41272388 148125424 113195795
265800087 700507983 237071740 758341087
54240042 148252672 497303294 937814310
231376101 515885724 882897112 394172806
201681702 936813187 687776161 373022458
279485701 471566881 989442942 670088951
409452392 599040452 424915090 905108689
186475346 512357536 225252237 624051032
284466999 862358102 788237689 207837272
85378540 530657713 102619772 412799769
413715083 675480433 902292751 617700963
113340302 277623636 748874706 566068484
81681041 422201839 454744313 829239228
21029597 940989681 581560857 650866586
285554057 382144099 865569468 963043276
444720645 255225719 225016354 336100093
270743301 396313226 663675285 754918524
74768004 134483641 863411227 537539025
404381708 687771175 697502550 723148523
101657898 533051165 138891466 31746110
220684514 549273737 696473632 399030913
362451192 852120985 856225838 836379742
271492166 1636014 646281700 617001183
339475694 420946509 351332101 281833626
236068244 589929928 545901848 456103876
181071213 233181055 672326338 809683951
208490934 576452352 986455689 775116020
164157883 701848841 455345435 39619691
333844536 198499221 70587447 516329554
219477343 182028223 169350351 971765542
133685905 292841843 965871823 8631487
153362153 239514417 653219755 53885951
428981821 538953441 256081789 877312219
70984136 569197033 911435010 579963599
443763445 425430969 751317492 522472291
437125997 725443103 296311307 618417469
285438002 348527827 748830019 490426147
89297467 813097680 242284131 775352232
246399993 341931968 209431133 323211296
86079113 638075724 135452552 661461296
103282336 315463090 965195031 124035769
410547134 429908967 791183542 566447266
5207750 556263613 301168419 632626683
369949492 298066699 838460656 697361712
163712795 301465315 128902475 493747812
269078628 115624824 938949015 863042751
129149860 137296502 519323796 732666167
451956085 732953982 847647179 471944109
179127612 556597126 643901382 397672284
229991797 850385141 202363468 4035895
270131568 623664127 993873961 936938675
287307291 646778977 89749179 759176512
287491981 611047619 682630413 366490913
387074633 267520305 658748179 802882491
261459322 5210492 321957201 265744435
13673450 255077876 100295097 443715826
352765573 335485609 918308795 435547891
342247736 361390374 302169734 864916513
105594049 544827803 677205153 518110883
46725759 302930168 755638849 650501052
14211523 508174205 548426143 289532161
214383726 551706262 675508651 875725564
210001551 200573324 387751765 332154360
40090540 892549257 835029458 293708426
162364668 444991777 29405317 253919049
203563722 506757555 544050988 930127690
350494733 673151197 858763226 306497634
27382009 990355390 814245748 690668122
415448002 553091564 332972259 330794781
73146382 200871361 6690822 792427146
315450862 466256596 845906129 783963618
190680599 653245733 402721012 868334497
384504962 190628123 830304441 975651386
149753925 337889505 228239572 678260466
249492819 343968625 721939771 750089325
342178109 849079888 754178496 696895188
317383506 521917921 493005440 457362828
22095322 248834801 495175615 571331525
406341002 445899787 272564151 613520579
177942012 626039819 838052113 727716416
320757709 93084554 946978200 794508557
138350248 471087563 693310348 821130990
46363448 636886489 915844059 424775094
433652964 174410183 528964972 46920397
448449468 147843123 100490598 853261388
274505507 659273187 665478226 814977817
13989785 552611048 935424152 360568442
381539456 772164829 972027540 353105684
345692008 321090219 663830560 489947169
447521761 367094715 82468268 151648929
420022227 668617240 112087519 588339415
339820797 718507891 877745299 676532118
433649573 655734397 795648033 815877305
447883429 608294567 658645239 167930860
377030221 407770580 258415178 418100528
253143285 456974865 956357119 891103350
452301333 975064805 774714579 68095127
157133417 549956188 545118784 91508404
422323263 632536813 281464137 843878009
134595939 980702424 275963683 542700200
125917265 57735536 616219946 134998830
306599147 705894345 51342474 207480700
130459972 681258206 840202382 267550560
304331882 540913391 952301364 177848352
17841349 462656745 281631212 243729597
326527362 76999440 316558186 633755550
296860714 927520641 487377380 709916096
330314600 459866099 305734294 15027160
140427495 970046888 230627518 711172721
442456390 96661757 845024580 570088300
358914561 938958822 790502660 482174460
432187984 853585153 358970027 590279227
427986464 574362314 189787692 645854794
458076744 236080514 920225380 567865905
448028574 839246156 464638514 641789598
410956622 257610983 501897535 146428068
268533494 704992168 911811673 153886664
26695452 221627904 307006501 371295570
165471457 59434061 871273102 845920293
221009520 754518026 506527344 972661146
312183682 739388513 733248981 70565069
188963789 574529392 170466064 222374396
52808830 817719920 885226887 888958568
421307156 999599529 753892566 19474106
146541729 470214836 652024571 289118878
424472578 664148401 752613902 349924666
339637416 323275469 712567646 915747258
39762672 291265572 242483386 985740707
224033639 296786534 592052892 961766417
318670840 979269731 837396774 715481262
127386319 176818892 589437089 286067389
92551340 924519164 996526474 219091914
225189723 807811534 332258490 895957525
405011941 896208834 533607086 537960129
449923570 638165796 162864075 652495382
168090757 97723743 627846325 881200423
11216228 329295803 58324785 155616513
202064896 595452391 245312368 797707599
29335611 322619061 566846741 638093497
133518110 483018005 629873290 715935563
238170894 480803053 617647103 868990083
349983138 205964897 323419654 197256622
