931 149099219
4278740 130291666 357699064 738114761
113183968 283385236 893509801 937882899
124935939 711475778 565300444 983756795
143306408 94355044 355815768 393439316
21264755 251684670 346978319 30886998
49122638 648407390 588662059 762760881
874223 471338950 148115777 321979144
100246841 738521190 991433127 556910837
59638092 176214923 717932397 619201994
115413541 836325753 46301559 598181621
104572871 238203041 584560421 998459619
144224140 986445978 588050993 970796726
64255636 49713279 782131583 517306406
20904829 323351802 578271476 471143684
57144574 236175104 325046548 817708138
134090079 849061668 61492589 870272035
8130248 882826350 683909805 812168260
9110366 129565598 893353273 279111327
17346851 349896628 80452824 276145248
12750247 422386575 518229533 553084032
120407711 296689703 340956957 461132304
57298403 556710840 989580851 742195603
100926042 549385029 676946145 758992667
59529483 498354432 625080642 790769415
117439643 393154702 895494794 326477156
12785283 620519355 684531695 91933091
69580896 350229724 126319964 43615806
107106154 689243717 711145003 64107071
126446192 497285343 435698236 553847769
40490857 520023142 768675538 211816814
58261298 360359203 523632888 668726751
37627116 131236404 754200906 85612351
2911087 861007250 163341994 210845807
1983530 489041035 557887546 389408470
41689692 948144195 316810034 849893922
48877701 217179541 230225718 735321287
63363844 686167219 576685628 7125275
22738292 358615570 370668023 339336458
96071216 633675251 634433551 290677819
41472194 256799910 781339084 841913792
98742799 642432301 180625271 89468300
109392810 35683953 502713835 40161980
84079249 602612629 931954711 872157895
96060392 892481209 687050515 741118930
136025580 820715674 562554892 162882021
26271637 695575698 90319297 31501093
126267178 632899029 869549749 759349334
79090209 878973582 525102245 628295465
129604686 812405794 879244691 352023462
115763127 864324588 875843467 995586881
120242404 719629456 531053727 966777487
110040313 820642389 950975851 580829877
106934586 619680022 332816404 459445177
1951052 725984875 562322373 177716520
85095735 31911089 624867924 441855930
28911247 718303994 296963740 137301806
24258949 311952579 39853991 959344501
47711827 764879442 490347894 145302530
36376115 511448024 396244352 68339753
11146486 429936583 283544449 475262392
114876196 81174335 781640967 385527499
85654007 303587461 886146634 573741825
133672289 501937748 111440093 186493552
147326834 523804027 367141429 370552750
63466277 682761646 522345641 664416255
70500148 896001822 279798058 423906503
100996306 799185366 714602056 966264637
120297321 248216944 128929052 667898174
107234601 713282110 245947196 983691732
97267944 343255673 480075626 29521823
6203109 720057871 178819647 506378207
42610290 985088089 153081228 130735895
116945015 235958607 667906054 157469828
76846242 917160337 839738817 45837219
131564384 542659388 650763813 453008099
142130851 527963183 39905894 8490729
29991358 355008138 681793099 350030195
132497791 402008181 285267933 788870617
140498593 539088935 639338793 877874232
3773721 312514322 512588409 221390097
72381091 666869306 536485443 600783986
58493843 573524788 443811827 323223727
60852352 572126238 860341241 984754184
92902331 261342634 986057572 150714411
4421062 950896426 488651199 144182585
23947197 619612449 364356287 266358470
31784649 325045764 266352357 984306081
141362991 850661817 155169285 505378132
2567833 759917971 367286694 418017891
34389796 697933672 443724382 978150849
142861766 727149778 729901715 192823948
113487010 678066321 699515358 896034881
71677318 13795776 880207435 3745238
126998914 711079296 502527664 572497980
88539279 678730428 557520577 284123487
114391110 443550836 650185123 211279678
86878148 516611598 915358591 761162023
136568321 308123188 517333717 550839415
20540492 487941026 671908588 422788195
17162673 443329550 316958483 256943621
94283177 698067610 97295189 413832582
80736680 959576366 861197509 905337606
38311793 834292626 729065598 978211694
104042610 642952444 918824816 519659060
136843545 103352053 424153465 90081939
28007683 38891339 810766737 280897112
63616233 21096799 552067999 567845825
110299423 69322039 130347253 110776071
36734433 807586537 162270491 4676380
30075324 57396253 255696265 77622478
107100109 908563257 935424086 752929700
113153013 896084831 416957835 103621312
131570171 671759247 472876440 217643792
114369027 182837787 306301656 258686256
106687474 503837511 159500405 620835550
6758207 588388083 257647121 62080611
50248227 42230909 735360398 829872049
15638492 446948065 456451833 569002738
52447567 226255031 734612348 787847297
76992398 127052984 245417746 143488881
20108486 372276569 113958385 61598300
27468872 27030159 345627932 510765887
42769879 46904586 474737248 450963077
5856818 663887211 684912381 397933322
103701524 712826041 307989445 269759410
32818045 891409194 395196681 498965184
136334270 681157149 414141400 772834418
118886906 337975614 765137 228709472
21404107 241597746 523399642 593838571
18930418 905772473 929628530 205982059
109835134 591660938 871873394 363959042
127362652 436092964 40549629 991294583
133001575 900922256 331081859 451858226
61770954 824912975 699503013 17936224
132600009 541365453 478935938 64750419
89865377 828518554 16468268 318538775
143798632 949717553 394551315 293850656
141804979 308913407 100491643 119032360
55629865 547448793 493498402 487247447
51693378 364239818 679051777 760828677
14919652 34508850 969782846 470871014
44606361 214966293 737199945 792990829
97370169 573153231 529811091 782149956
122540372 424732136 840353135 611500028
62399683 320345469 635830647 956551890
93689653 504663645 528652142 760434758
26956316 38141739 468989287 23822676
69436377 517928380 782088279 5284687
54409152 147309456 149539372 373000263
46816445 80254146 995245161 853799024
12136603 439920735 918605897 901716679
138818600 875558840 387278791 626961547
78235714 568632503 716566546 652744224
45293788 453169289 134938472 229124437
139030282 887176436 269755939 860357450
79200692 989678530 302624393 18347651
14799179 735759421 11123387 2765767
66651114 310439796 360199345 880978987
36991585 971740252 883682782 4055452
113101164 334999699 344844544 39750108
91495722 658929544 661795250 863424466
135772053 393957500 958821060 130766800
55717423 728237281 779656890 89549224
120174565 569915080 594125921 754638064
129646047 170167399 13122505 811174790
100353194 234235642 108586540 745303864
58467916 704397492 539039239 663872259
78728776 964898864 157443144 709842542
148197647 254486523 60321012 36326967
134910313 473145805 569633588 993583859
15729826 636102319 982207412 44155345
42175580 995266299 251634838 535200476
81297087 840930825 747808736 206138573
116650557 921292188 37939681 61942870
84755507 724131166 386189943 228262738
80837600 520518355 594045118 30128590
93398825 423205145 277415315 595718305
80212938 899618486 719821339 862100090
118043610 365804772 913545586 482237571
79851104 857362318 780938693 789679896
119276812 589143503 348376756 920703147
49152531 287063343 141073016 546476577
18339788 923189738 16960012 604151831
37333405 716998239 281804316 948000391
122856700 474432026 391331545 262351963
115685180 839987514 386711691 917499122
100493712 327648464 514015687 411227350
117130545 775543246 941738910 255466313
127402901 873691460 632133613 186141072
81068424 226722293 64014835 165778834
114204952 457316490 665840095 391336556
44834862 248069469 284919741 30068453
96098429 589381004 82079230 265601520
4971725 382111214 785580525 533806484
17602226 772299696 17882227 467951572
85264400 148569426 204809729 207462610
63198826 775604917 600221754 440405582
100420290 866450543 651291046 375864987
6621236 632026578 328627808 334061568
10388103 218105727 619179226 152322774
130767728 206444359 830821253 17518011
101752866 849636303 935559981 607853271
125588883 86858787 756702256 671735331
127474668 927305099 500184126 633912416
94472985 525760820 394183368 561960688
27494109 560971327 748668204 648757953
32156331 887241107 485413472 861050939
112939271 151904833 758204786 871633342
117851588 45369783 332990530 869192959
135268075 727095577 118295084 242163961
75904529 613751132 145674235 94199085
55036173 696011287 743195023 934084976
72504118 871567500 59630203 515185166
40047871 33317839 539291578 706224990
3496204 994628325 334859556 162047655
65956658 666222325 79792006 24507470
131256273 497651422 318256025 586840776
135458227 98945616 958803588 681693436
27340170 632834711 264300624 110009485
86030653 102491484 345088400 209791508
84269045 396087123 131352096 909968183
59826042 709330144 195094644 661822036
28938317 93948669 939129859 412285687
56630657 502091291 896192598 547228599
71166072 273342695 179071783 987681967
6480214 517121633 180054816 727673792
115835621 486064966 814204524 599467961
75067677 188818403 290620070 378551601
43175494 479191826 591673192 69393659
13628910 992960157 808125606 922237771
126042221 658824299 223252685 629644046
100143292 687541853 477873537 573558601
30707458 65042278 550890734 457427995
46603433 771912536 375573544 139474283
114473157 901053847 671775444 194898812
13455653 289038126 893342391 312575174
76328067 625365457 472481263 941990683
62695524 821706471 267083113 607953056
80854362 726332424 577918429 944642933
15230683 653544406 407009625 470556273
107554684 117380971 290814972 198291353
108040767 783914308 68381161 187357670
27410473 910541016 57892383 159377860
41192672 324709341 628984084 208143283
118025069 921238515 368164631 260269798
141761245 67763240 47511168 873514917
46896758 623023037 822896018 673794183
129223633 846332284 355516706 660092170
92386751 954127948 334092320 579548181
115000128 423693163 973455465 8173807
86442005 363493527 506027942 177276423
146188228 798247233 727691459 397769935
79589117 148985813 901998354 645447809
138017481 2531131 445301574 621456216
24118306 227838368 740150877 839109985
82306745 753141705 746715593 624054603
35082465 672180834 962268600 627580352
19579961 561238421 153569552 866489442
51636884 355373669 928236499 345387810
68915326 326417793 437386048 834579986
17548755 685242635 620589361 463757598
83820389 229970329 228257116 114910381
44069987 440565175 98280240 888791313
21644253 714515829 292546341 298442457
141961512 500403094 161329433 574928977
100292517 402747813 104496278 262807974
45138479 124273695 440949043 560377000
72454003 708943014 712669902 879305953
41220099 964757660 692620802 272653509
84092471 334163076 953974595 954164782
77893213 837519826 898082714 781952724
15930033 642413666 178981294 690298469
126615868 553983737 401841599 78348757
147412678 183659146 372274072 977924033
68903753 493203227 376172368 13445168
31349899 542658012 299040474 509519482
55250000 564899624 322602554 900293696
105571345 865581075 434419654 957300043
134422428 534685718 142038957 22437837
51513136 738998457 992994306 296638107
108391844 461580412 800140521 847753177
141215216 529580073 403188157 606222669
55559780 9812090 170872512 902161770
36102100 629025489 997250907 10785832
102439186 166435882 977937555 732572212
107800229 612011061 217642898 137725623
56242620 268489546 848472495 332945667
143457799 860631514 90760109 33522745
41763855 918926916 843279236 267234929
99376765 494183536 133268887 989182006
141835540 138986268 892519137 966348115
116203915 792283192 241552334 574600912
87138750 150096543 783633356 228448354
71392001 441166405 118683355 737774071
92133646 928975233 304676031 784921722
99880135 838462671 516362556 665397664
8038863 716057671 262523092 539739834
143875665 4026585 209634108 364243744
22965730 312477543 792657131 304971625
14957499 338677821 77690281 904379880
96088103 697346310 857189939 603173897
113318366 381756815 254197883 975897842
11534018 903883086 551389285 511943930
80630447 521500950 326284168 186859454
16722505 445609710 796315149 571516966
99700498 404212988 516402799 101772045
88121233 544220104 499707400 376763376
71327588 101032264 503190551 732267633
77523274 696523236 418409954 781478710
42600261 879221489 50571901 787830670
38131097 984481879 519140760 167523727
11224190 951396292 290520938 93617816
36814734 103165587 115342753 440416751
99548369 13758892 328183496 704810587
108383240 934433005 58844709 729092980
91035627 235551070 642961403 991778706
61896038 724432969 238833160 585028475
87606280 469283083 234957282 503530750
134574664 630465511 182517530 556996716
35789473 428407081 804991555 880718919
114439953 687304290 7925329 272386994
129853386 387962431 994629972 273851808
43361498 728213369 738667522 483770414
127531301 254585443 519130036 231028888
75587649 531174899 167517415 784360433
69717617 376106200 520172349 595065238
39131417 840583162 481031873 126443184
32215406 499800374 351178516 196771056
121667723 773333013 23125454 131752357
73065029 660709523 755002323 493213234
126905492 886796527 732588293 526666621
67235853 971720750 259457786 102480652
92270579 452360068 811756875 643795088
106393990 527682987 300296205 117538881
69878055 242245474 177625763 838210782
95645184 468094536 196403853 753774705
69130905 336965436 298406310 38357645
31034093 891116587 162555390 480509930
110752419 727852980 746857894 475652657
140647525 785037300 956056363 879515816
114817903 285874441 840144576 663714107
49451801 928531097 133651793 248968000
99865720 431115596 702623245 153844541
125952844 794665518 512658833 110711543
65496108 315874166 494153552 736968178
65188668 816288078 60048478 138301586
131466903 754928667 964502713 823020913
62374248 10248895 730114224 296976086
64953479 681221831 788880348 112289694
25352461 362534439 151193270 282515233
7381736 897335693 60869018 237965204
88979421 575475861 423559794 76584628
128187664 981340058 47235141 558172992
48889128 810377817 703955684 571472160
94186843 248433342 144912442 893384084
102596984 271010162 465457524 541666011
25204217 221303319 22921979 83753663
81553170 60350528 544336255 937957547
31003671 757101828 645838644 376958480
35777650 359822845 229970689 222627637
19226078 449563094 50663405 380256319
130345273 991833343 10817431 286757540
41894331 514658227 790960375 636581998
57696151 903482661 411011748 511945448
141438942 968457237 840595352 744648127
26301615 287326561 465285085 722464167
72538817 186373780 646826838 758331356
133919066 148014816 774248453 740986357
11646212 893591974 888499690 418887305
115049625 446432808 773148331 990941907
50765042 413691959 822472237 405239428
78099966 725886153 826018699 277724892
59486320 306019158 749064907 88833165
127666228 873244175 855268029 413537122
87694728 237632173 992030369 132884792
131962314 229611135 60273510 572948687
129937893 920020332 435748863 815651657
15783717 770376764 601623285 114809091
54897842 928117286 743501388 381985652
51476150 184032890 973636119 113948309
93053084 834184316 620787636 101594529
139200686 990114029 601374911 104344950
135458957 516273163 656146222 234107777
46638523 718790013 773426126 382541574
51816374 46094744 926983256 148235355
7794288 544280723 451877088 998201137
80023160 678207065 860970999 202052950
37358990 847595437 169464089 354337444
15461299 963930135 237624445 295784023
112370276 426752466 474687056 604789577
87845415 911682646 281478360 440551262
28716999 491022324 849406025 451205138
134838594 406451957 849550604 503053851
60578476 615951877 235310861 548705370
48808450 233738459 339014465 99719952
104472037 234172706 644630038 510751072
86618583 432705589 804019122 159104743
148937109 142367542 860870603 677218056
46679642 540222722 903274817 299547503
68454277 294226449 653564941 736350460
38749920 595042194 198013610 245128206
86895355 283798798 674358121 56781011
51483941 59465327 935265175 977422350
35298839 290447980 706387501 357910192
127375184 947320380 677373795 386257823
92302302 892428960 608276374 239649952
137772223 478725810 860546185 526252148
8625809 630072436 594527421 352486751
44042545 616736010 310723133 199404282
58059521 631813103 637735440 513490283
68414682 882309674 116042225 967379418
100606190 387855227 292469731 756899106
143846291 371616326 35498372 782483650
67920253 26571004 993650971 515056798
142102431 224716291 542425075 268020638
57162601 411995445 252775137 494547398
141558883 240862884 398529142 839907316
138853955 84730396 707409735 312294186
14821131 9562059 957371917 474031741
138791639 416292042 84662616 615803847
45640984 915080128 82121153 275888661
73727259 175956906 806113931 591433329
102254430 642121106 484821840 986664135
29333158 639488068 561341406 130394808
56345444 311277912 460553179 795789084
101015266 366251272 42733590 988631598
148554706 517463122 665874335 434441138
9647523 376093163 265374364 483533442
46418856 61144088 302551357 856165020
121947054 258703934 671742684 994109619
103559673 351934113 17732377 801952507
38024261 714213532 238934030 668621226
63053217 634453092 764954816 790811000
13592687 916875669 717728176 357757661
80200391 923501124 492574271 993323942
134494489 84004996 283974437 393585236
130246893 713459047 522084091 864568706
32808669 354268077 807407641 245325012
61635416 271574654 357011328 110346788
58861637 622733238 98864182 641366001
10203235 463407404 476690702 951141767
72142143 67129489 122448748 506853147
63291023 426833131 317808141 866506462
31283640 71711512 795234080 334835018
104050677 209125116 477635300 304474508
111164099 732125328 36126457 444687180
117321475 894088915 974168468 691379998
141090218 675790276 177407812 483201478
100415018 315308828 464414628 245112509
22678625 607570764 153097253 205853546
27654402 37171900 274244047 338662128
112899690 824728474 239522098 501268441
105541134 709327472 814084868 401932070
145952788 186547644 152064062 980532322
104493599 899197732 907643915 779890184
20348633 441572336 185089266 530823571
45393531 101163862 920485546 827330311
80109923 327145284 558571453 847916065
70577193 681842017 550126352 67921164
100752545 942418719 723807480 458437911
16541111 451435896 25261479 582353307
126778114 119737518 640172036 76853292
4714127 391044829 349943202 417802648
82195866 372033957 841138076 786095035
111262205 306848451 269911296 851172256
84783085 657454317 905221183 560952239
50759896 710021284 816027212 129623094
90633530 870290061 31423201 200028972
585170 239219606 247134109 712631149
1207354 695215839 897577245 725055208
85115062 999215797 724668918 98379860
53275286 891854140 108360255 534096773
130148813 162489182 736801905 342824502
91995187 63438745 448231367 790465020
24180545 890086010 87353581 705198699
14035393 323404241 750370267 66544513
125230625 717313902 978915803 691547682
123456418 825707364 740813088 734996207
135349531 555419875 775139775 710461616
63760078 247157702 256392933 203303457
7629707 87307711 289029929 542551219
145807260 33817791 375368571 937211254
62205297 295820128 234253429 425732640
93835326 382267913 537587004 654981108
72376009 468744515 411532470 703585330
9683934 109603350 103034555 983246194
45592382 285204417 454826834 191455276
105544789 795197969 703106709 255920715
1408989 759307569 518627881 120223170
80156890 92413315 283039781 406697238
2396911 294716828 660927020 716623383
8741568 229405237 179194911 902758439
77699039 707460758 222919540 190195942
18980650 557983113 797208197 790422222
103252820 453000179 197861237 952916196
144699189 578273956 703242228 300891584
74567899 351317817 409518398 572553948
96991986 306250259 812156238 102476646
66539686 813481726 660077169 957721692
112920073 800886767 151787505 780952635
72003219 844665966 362427421 621930359
121452188 771185580 534234520 384981992
66615804 101715031 35021236 395758871
74310149 373349388 670673416 460539233
55518422 348643335 607248701 467439352
73598036 277075801 552203707 941877368
36796709 711765881 932289924 235322485
10627321 327922505 574814406 919616865
6965426 604442681 734329788 866877674
103793032 752233736 906373831 681995400
32717117 776411290 97007854 551924726
146532945 20456749 491270027 357047729
74353455 183615743 231019701 398882399
135220395 887555537 738135744 664683158
38881572 595543360 705379450 794774027
90282804 892268200 609384601 339329413
33477189 31522591 214711356 67387752
72184204 782086414 761737698 47959623
34697548 784012958 84304567 216160791
109232870 398789584 724736094 130967959
79672096 543964338 66253757 594032740
52854975 200712023 128389970 703556038
36980600 203111186 383073630 310112394
136416203 587509957 457521851 734159552
32862613 555242432 681913515 669643815
57141071 954326918 864248788 353256198
10838043 396661557 910975445 445436716
137939641 239133646 100802838 716480216
145033655 158053630 730629599 506995917
41033639 771491302 833019029 99149132
148870785 279113587 465712848 188523858
14764434 302784611 296979845 971946479
30868506 466166826 176387306 801070098
20338521 928159126 877676255 189092993
43708210 96366061 361226831 719575717
34501886 340869142 854673374 205057195
65059407 32019411 601033350 227128459
62423481 588128235 513176702 282916904
105724474 558533022 823522 921170612
109807571 412678019 385213333 761390328
113812429 782274130 23021605 73930571
142492983 1373314 511812729 509208908
80623439 813631983 713451733 704708624
6221898 677561586 692948822 573163001
89754497 135823004 353212219 43713995
127979965 688149015 563415390 248056088
65764808 235141324 742382994 656972151
30272701 119654984 545785025 499181826
72795706 954879524 304157575 832109289
49572260 414281140 211759070 594676773
121605809 452431702 613814980 495108632
107715428 753423033 341743033 131847244
40192050 13461338 757739362 623929716
70948589 768525951 427928556 26397737
33213044 979310941 656655317 224204573
122594483 679863170 11821330 605661280
105990893 535585522 821330932 745746494
135727172 614578660 607188426 349159874
108303731 855636263 496214431 541934097
109698592 773412050 844945702 300143926
117038799 883866496 958662125 96248933
31852075 560139356 467419302 989947848
143104932 652673057 544089252 6274604
109974141 703385115 741141692 928109364
42097754 574063667 523599456 376158449
126308588 484724697 791309866 766043104
82514870 412901595 756149024 666758093
136253258 303474632 372742484 383953044
127840975 275350557 611288386 436403620
74019570 881343172 965666205 740586513
132086948 541860460 676203015 6336164
202687 416557749 284619653 668002875
34308384 717311518 6308400 920987870
71119714 250385739 591478168 367646806
127161390 976303728 980982580 233321459
125326304 885849510 463281199 837344120
143083743 200902179 88247683 349010197
123313390 984787403 872271948 365371238
146408726 294519360 125940068 351576338
118781644 382252251 841569507 53825613
106051209 63205413 751664046 308157094
74102546 800549002 477891523 640613598
53810788 888290491 850487123 695162321
133797869 606134448 367301503 31171218
62185460 626622431 119645896 677410293
137705620 14053121 845912560 587013841
23958889 597641070 699568849 709312676
59384760 839494591 662175763 54225407
119381977 935831687 545077199 123535376
51959112 405127846 661992584 380392173
7418398 963543901 486321173 398676425
36200260 321207374 930758512 362874744
113558587 57954568 89513838 228947177
61090326 746134275 36437608 956022585
100133232 240707461 438511235 228139496
5186086 374524422 556426079 368649983
135783960 747305589 744039867 310335758
118763963 667060927 655036164 788993826
20157128 173254139 942222355 490481857
26515667 598639745 916504471 44432666
20953664 62840486 922635285 56893204
143114119 106993872 45321520 206449283
30631381 758731415 389783562 609491314
514954 542160209 434677036 84224902
97495363 745771035 701798208 554338108
40589871 451286250 793358302 759514608
53195910 670908032 46609977 928338173
99995091 641153443 393282465 209226337
1820132 12746606 405972762 656642288
91268953 317114791 261136283 114108857
30013489 735437031 4931595 3197716
32774111 423121359 21611687 702567153
92374651 758642778 431279761 165486856
33705070 96881485 33383818 752407433
29651558 962813949 321486480 596596113
115360356 884248481 749512626 600778694
93102282 44546857 705364788 744957817
57719922 399958708 678843321 27351013
34518998 496419446 686834424 335309531
112768489 582655291 683485414 517492937
69689607 58900986 801732713 839417947
134217160 519672855 140013476 893437662
24675927 225401100 900764908 808537774
26029703 789150162 800913105 221383686
30309654 338371744 144727768 999403898
136911014 30982959 856809129 411329411
116126254 231378125 524075178 401442082
77792612 676200229 520319515 544215497
95586322 116573629 710789299 641427838
94936608 454646428 593711690 639913156
83428218 839616177 968312516 188007973
19438377 108068280 195497868 470195557
65831702 468698688 121441270 566677530
33329109 885937210 408568265 302353997
66199241 774470233 593460674 899128695
4575663 656708732 443562893 239709336
47348611 879458166 104297933 50363201
91063275 152040928 640345069 141354971
34939824 359576539 31554269 880425512
24579045 325514613 680810203 856009632
126499179 437655655 514007728 113674459
137684944 137719874 538045093 455926839
102072044 259627220 341549443 315961809
93124379 345762677 939848402 673287455
34465016 752951839 526813688 735970271
115041528 756864735 206517455 243924294
77434057 755043416 350638617 722233805
51210769 550395834 62514701 112046817
63949171 135423068 894108768 544880352
38901798 486206409 921049511 978939171
132864945 352508021 666930452 547395588
41700097 742575828 200441647 72161534
59734311 213170028 236908099 134417698
8397452 19542525 900781676 83113335
130070452 215306756 267626900 543362405
121031944 368659581 566982409 561215847
92186082 170244756 508992998 37133978
144581768 605529271 562856901 251322201
62338025 600063884 688919192 202962401
62888807 38490841 360336510 294061761
16436573 230469489 714524959 883935048
53004106 266826022 516652808 877453715
68881555 158194053 398285765 214122585
141402708 918004150 684121618 980135362
96745805 636318068 306282114 867318259
12339856 695570522 445160384 952570021
79636689 281830047 555991169 64851478
36353101 230794184 754266946 105048627
116170011 742704279 598371167 235967961
32178019 136906149 450169335 527716680
83208155 938451337 562494295 121798288
139304562 729798347 4117468 722751458
38053850 899440523 634580744 258993200
53346750 722507887 460150260 889409645
81785611 403387648 907409686 853495589
143316454 709081403 318068665 897930624
62286391 603042169 642732337 468566550
48393846 38015923 946271665 600534912
9278503 788689961 230536388 595056831
57791792 676754382 84956215 246903977
30716859 724889137 248740694 813940784
74297277 485558060 481394488 482242604
76902073 78665929 771969532 509315669
117976491 660427934 829440056 427309022
18286213 346524063 294930102 460211339
80638264 690104577 634866611 58243549
12303794 412551590 626765422 231606072
143648282 681444506 879262935 704168094
91281752 785596685 180933751 854403095
24115253 293297445 400545042 252552196
81365485 504699616 968652685 205111696
93512006 855260405 681972389 532686142
67191805 798525766 994214502 382993139
29853013 265154712 240027153 476535104
26725224 576727842 127032099 176576567
35928754 504985779 927585719 843185886
78906511 474995791 665694947 45348698
27936139 338475700 409882577 605574047
42300474 109162350 687585804 228911158
55364446 602367308 991212114 246205311
45570169 962418379 612509152 39960884
43664104 947017893 665648920 109789706
55857536 667323277 904185319 528604271
5148943 841466940 963452147 448392771
67682481 320754435 139728175 548581063
75800285 936065816 204982706 377579439
138127845 710700272 765686953 320839572
136654166 410185015 263294192 761968003
74951720 984351327 824008481 600902958
76480450 710347158 398147679 840026822
11020943 336426183 531893750 112786045
134511122 967829049 184977337 366855376
14984573 258314256 218642987 888476858
88831134 704328550 247577903 157156915
100330859 501648110 424092225 358441979
40709796 617567575 122755906 627430017
89039579 520909994 296205160 815518292
116815908 919068511 811142671 547933807
3330861 745592965 508590268 89974555
118173602 389699837 591090476 101532738
141743051 134438937 609688364 825510788
69708103 467661171 41007911 330980863
11522970 261272793 922485428 792285053
37462024 981361792 307892896 524125434
88905824 385780430 844553847 543456673
69527362 309824017 962814151 200037576
146119892 888712783 138029961 413590708
8472268 320348522 622736440 839683645
10222850 146715970 637955840 472634519
25782574 159930497 677065823 821236246
65958270 769136135 789253863 402363197
29841125 441737209 452180306 866009518
29147687 380474998 705243443 351737704
54397049 527733322 834228641 259323499
11327407 619615367 799637763 532900915
21070646 909888487 659434211 629045113
103428150 257228352 441062431 37338474
4781609 739937714 682753156 454106754
41091341 913289156 540362657 709230007
44069975 278131517 7069410 311832591
987989 209595082 545569770 464119491
125945013 602272151 109832896 584963942
16988800 757947107 787986891 543938087
71686941 317341888 579606848 673069685
59775201 263749683 558191948 838715913
103955822 495522552 381453685 46212568
125165553 562481108 753814589 17120502
126234369 66180319 353695303 910937225
96966307 614563448 283992554 407611816
131360594 314992634 86756115 377541969
69365292 242006169 79053591 482879426
77609072 471470276 268044491 465438642
60600384 58652453 617691407 76380130
27333596 172856775 116065719 879416015
133624001 468325266 331189303 337658509
15214177 114697274 180843858 891585496
40443190 182502042 20277529 707531085
142103077 169858397 882649760 848912757
13044006 367877606 974589012 791957577
89443914 495505735 415029849 817313753
37969357 992958959 393095036 91997328
63698213 957678699 511223559 968307365
16084042 379351771 281161514 123945461
148190932 95372384 277927874 156030638
25342114 438612957 117116872 175529549
11091340 394120463 856342548 1426889
72964510 889485137 70327499 321363109
16635806 820845686 376312797 783982770
49739588 554156423 106996685 791628727
129289846 306373399 116107226 376850285
12236228 293839911 230942671 684739776
22715835 498645860 58401631 673950807
56073014 395336150 818737285 235230741
592392 736684366 995500443 109737055
113809953 26330027 276815695 504905370
142631308 831343895 901251533 710768055
67584359 846293505 921470052 885649157
94374091 167032723 285279404 790567837
87531504 555828369 510688227 697854537
38512052 550795033 632183142 456317671
83286935 562528060 801803955 238305152
76385307 797121561 538287947 50961940
36327342 988605091 21011559 957630971
50672242 238510530 605977360 113015887
59749976 599031185 541254888 920173977
36825004 340006640 102400743 182447744
9760312 130861919 80159327 841112502
30396757 200435270 620578622 822504459
49312537 371990225 755273207 470024865
102484047 741728799 800256041 581599638
13274399 302435930 819226910 729985596
133272927 819242560 880029837 115494602
64403380 743777282 387252564 701707781
122815862 378701344 51018715 742060829
102628558 548447569 60272810 245246001
107193403 427068956 190962272 515890569
86654971 618734185 547755931 815198780
49285151 915484772 324179836 845355551
110018092 227174233 921633028 791282490
79133439 374437575 295769955 324269150
127538305 6344686 612535850 341488418
65237629 868094513 61211035 927347225
5630698 803297321 182030909 277817260
19023488 970007358 457454442 528825684
70845019 933798740 770204816 553618799
148987422 861251184 868296995 202532438
139636794 389945896 400438039 231397229
88348465 787645759 54142895 331180447
113724154 394622054 713550935 608844753
128749083 364441785 519210551 937006787
50303645 77009826 823066522 763009424
97908783 824527481 19559805 400319689
96532541 122059514 637677862 140579994
44908017 626075484 105470601 35915356
128340864 340528732 548041021 570195687
125213544 326381777 773464571 6222653
35084507 390824507 557332927 405876771
106548860 428967880 731885068 107495858
40707050 601479589 955686284 406009840
135919060 604671535 974746720 891679659
58213550 962144610 166069241 725947354
81735622 168285510 490268446 424705624
112390106 18524463 297254196 104857649
4148203 445070980 345121172 393106743
110170394 879349035 967226397 627161502
100242588 116710595 854999731 569834783
7880746 178109509 646825122 903307206
12045205 546800814 282107614 801627295
121982662 161193795 418188479 37259403
99227746 298855823 715203174 263007755
90751704 141315979 234734815 531254559
18352106 167027288 531228302 309231760
28278463 390056784 783706600 481261278
128103131 632268877 568773337 117357306
47160117 365910459 662293517 52828978
35808846 288945116 66626278 282324203
74976803 995865936 481049762 974403748
16406383 762122846 497981735 162282844
86227876 645878901 748544775 801272163
77072194 300248091 863136185 164018559
84696908 730427933 230870852 383579686
115018309 813325898 876997591 446438212
23006475 505397945 552028860 735378814
46146950 810106447 367484651 784127469
95188080 807884721 736729582 697263466
128063948 587537144 895391415 429957574
42551069 641619174 266637564 551806811
148527501 5026926 191703928 292184380
614062 892760417 822212449 283416751
71637760 510119782 874517924 808500239
140217195 387377719 432838129 275563981
104645639 715108878 947542312 135243423
26519079 740991085 958510057 235326242
36703927 687882312 275037225 992702143
48464213 346682331 757434951 430244793
46022306 62782710 216119997 445865049
17009739 334262212 277502634 76986960
110808632 345499902 983680243 853873458
98203491 701788882 634827263 432434400
46973681 490477098 545789816 827328908
10244861 667660333 874232604 196513234
128066590 891763634 344043978 194939212
145471427 697606913 745052366 488509723
57381589 866174672 329441262 97501406
72317374 225477280 193627785 123128070
16503985 832998860 489501889 454105539
85937955 733699547 564410815 60615048
130660165 14396654 234504479 733772298
113083009 356928449 453579554 750862493
30768770 891597933 217103848 427206299
35832483 184952038 600280820 966010548
143124111 403630169 980201833 560945413
53201586 707876458 447657540 977489331
44894335 998638722 117487836 420493060
29259850 76367787 229062656 408392081
58581676 909742458 853224437 393186362
52211529 280093011 667492202 428986802
46942794 984984495 402230174 652018394
48431201 241160300 297800022 997266508
143507087 679507568 405939958 224466072
142524445 447476674 275526972 134051407
12507602 53724996 261883993 858526357
69238441 159037724 644754923 206806618
145520302 230442935 333399891 653970649
131146073 613407720 457908770 218025936
21278935 297507001 942287461 285363607
32253644 529691438 964963685 446175200
29170588 632757311 720819784 297097181
64564919 779343643 974335211 992490572
83592231 845213012 748952119 244215670
128260945 981665400 629246307 248396798
67780458 525602631 794238304 456318413
85105660 724509171 444142668 862051018
35016549 851510300 110551551 606383881
100630513 672147675 419536812 208664003
88412890 27010283 330777920 443589452
147654121 621732457 533034052 395143141
93573046 676972615 418480116 546477933
99977862 99223071 904193148 880010161
108566825 905169531 495212225 93333017
123086879 892938668 787771194 825868896
148752347 443692228 366198292 475854121
83498190 529207208 872571284 277017532
103110426 294242455 85819704 79957301
125489439 208317568 431166261 810212662
55547524 916687060 23675165 760224790
54217906 284574249 825399534 190128283
12037986 991202773 764201844 327817027
42649456 799814743 990533845 431848937
143808228 759840428 791233316 588545400
123658254 695886244 896781427 737056988
13322099 155586307 922889614 667773741
107113985 23394404 803817717 887662955
97358327 531223960 215269788 204448006
43208150 828526904 865828429 839836159
114526237 763049585 431859331 643813008
136037174 46268963 87201694 81341486
64770499 16524493 630991090 490378044
35643565 377740858 150840082 844547318
101357359 569310802 454230824 952681062
126956913 764080084 259314544 205614572
8570525 637438894 220834865 197720571
83432189 489069156 621035349 857516801
60488433 521195048 811479068 511196846
112495070 814038922 487237296 327131305
96684499 309126107 981181347 370696006
133031368 189930222 178981826 171685465
52958761 997961715 382964213 801037036
78696376 354253706 947215198 621621727
56621772 957756520 933954950 43925696
51076611 509552356 571809349 634966791
