59 591144741
533374983 171790938 982927336 856931334
434239664 773925454 632446878 626344930
189881070 686432562 265577805 7076282
224213089 922067334 215396564 817764949
56808815 732810662 260753783 297642927
89885699 830203202 144802980 981464513
476018856 3580035 381415061 35571651
183013113 961431803 731625928 983116376
317297098 971638480 652559617 297602891
315388291 140350466 156719133 867104750
381190821 734217139 189943524 587420390
253640750 440723368 810131398 835735628
238023482 799585386 444655257 811337972
236474963 41248780 639494183 339598509
111366319 996526348 923365275 704925899
84347224 359729324 980528351 706856400
531083098 876468206 782055460 659914274
332517159 962749098 954585251 593148900
525880662 313022671 235617265 858212582
581020616 39778562 555334708 673424888
573397334 236897871 319163244 654914660
349413129 513911566 659651037 280682503
468377375 161968977 531516337 595788876
66357145 86631291 825031209 977259053
417783510 826871829 516453224 213890524
4863874 713500161 863086469 241487868
166820461 66099891 30037460 412808023
350601283 218312783 719956277 73190899
93277220 689525398 703680572 818885596
366338415 794590352 716734347 899459757
478929366 218058163 88544948 305262499
20324367 96623829 281824769 887953160
140026712 610174318 142276895 292679488
363776292 138741444 172751154 334599787
381952722 256100901 572831490 685230421
255761263 431636029 332134258 72392563
460285579 895068566 965438744 366484425
152575738 1319553 732631354 76444873
287424103 427179446 109187442 648674976
319172460 950664967 774607136 249602914
70532937 730020337 606738375 850942800
95603966 211599773 295694402 115445251
62512845 607590224 102875014 647759755
533981544 20192275 427613097 993143185
388206706 279107142 97223059 593360284
188712068 47496647 953952136 832893276
224366220 206840794 204967820 934025835
418329205 835716109 549020212 284379882
573659994 186907941 471928715 387545188
545428564 57475298 830630900 537878740
409791871 100652349 850418687 587138857
551441093 150451648 648855798 986438353
6879019 405671283 846664237 825825836
538531176 510464840 986570037 727519443
554457871 623065621 178334095 963797192
17056157 686769711 486029806 863477953
204977554 541581146 413812284 425458436
223446793 156879753 649608074 85027860
100799883 930138108 35832207 367923125
