779 882224620
791394619 495598128 483430360 744772622
860615048 146103867 53113811 399101009
88473484 291529717 935234846 311226455
498146415 746649121 550436507 965937512
644214317 792547405 319062981 610265290
509873297 704439919 986635016 881977179
249087162 546482750 713104277 213203932
655565204 576910601 597273015 906672334
433582465 378307556 8579359 484010365
708958872 747463527 23385583 481280701
661992837 865917535 451796603 450070279
203706406 710662290 943796808 539633790
307188226 282084767 981238719 58178682
372748821 412606454 54293336 382251737
446331553 830274922 326877514 768571248
193916050 351054605 895823795 177735624
665806954 473095519 110630346 573102927
290478024 404778640 49264651 396567940
273354817 281130580 301627537 840851980
172320700 418272609 890803222 990991034
744491660 492607297 119528688 25448056
661582423 407531406 950464488 241381445
411051982 100699137 597805710 769563471
882151778 859168780 890290579 438086417
522361162 363781917 527626184 205457896
620490350 91904516 334297131 822596327
738553877 22156557 568935201 146617163
482891814 895437272 475741940 828034929
562923045 188401898 454850668 629072142
762515534 768328972 217575083 940506237
12504017 605071335 564849148 369094550
55745816 600163703 758921185 571668911
194108972 280981089 936545511 459952563
20754407 355665186 431377674 311100409
520333592 408936192 248308254 686345049
620292277 174169673 697159256 415259148
283341008 857625409 381651603 416178522
190765754 469340904 148118115 26782884
812615921 547926957 361627506 260573062
574431340 261133253 746530927 487735909
876794910 249619994 672420480 475167690
601121436 510728972 439774826 406965378
9267877 58527791 646660846 302807133
365817708 205243548 228025139 644636325
682636766 71137512 236353252 526486530
531109876 784869837 781812756 506284792
226905032 776372612 4766231 48837543
355849115 749536866 848096778 711048061
71030475 797853810 496292119 734577845
457511251 658837392 942695478 820940826
642761061 774574573 178823732 896448574
486654465 51114071 907221454 771354192
402140044 832462088 676485221 639920828
59723319 174023905 131485106 145258198
511224352 689084002 538930968 828546636
363591484 502232542 992409470 514550282
105036764 769896190 207381175 728370779
145887536 726739816 425665113 808401909
594125056 759177353 24472106 660209625
312919738 108192877 102307794 816324223
277456921 248253019 250355288 968678851
860452707 473664516 6754655 436877407
178414628 634619543 364869794 369463695
860307657 497870056 288510554 325484960
310155686 98361376 51982295 957435239
52741789 719926644 584969775 933175358
150621528 73456646 485199387 770321809
554743420 857084873 495247771 74481180
409750202 45909056 340258061 924412685
292984132 802953112 718451242 493830890
612999106 47123644 314260663 303861754
144251723 556977477 680313289 235520595
558721853 691089213 622595881 236812005
271315172 317341688 330188581 415593443
654851849 531802426 270931752 948316529
193476552 45805555 97774748 872594308
180439847 736666396 756183422 691639209
460445729 793107746 587759003 519333025
25233167 495715774 9425608 25979508
558499882 506031771 31911946 809850789
104827887 875987687 517502739 44944186
255819177 997262136 460439298 185613764
640288244 224424288 313745543 708834128
625446307 446146543 507993849 110208431
783974724 51362275 483358929 180483391
376599759 83317465 215960573 788007751
678247906 336737142 791902292 177006380
318209527 573660741 535369809 654390666
789692707 368012040 876737467 478951845
624623565 198773040 765959287 158901407
842026069 445840276 207701691 856290418
299037436 830204292 240834075 899918723
331201796 943388898 970721494 564732359
437985795 881216148 207030692 495993008
99184019 385334663 503760146 555132332
166648028 55237210 898774429 371019078
801264223 124367429 980667746 87669167
245648801 614637129 821812342 389505621
549083473 578127866 133072971 301913217
27314609 780085530 903995814 223537537
743140829 725127557 732903148 997851188
145245620 727280553 401399619 834057747
17643279 471077435 733252605 623528573
173344506 243997778 110689069 832305786
333680422 539451357 159975011 632783911
636104974 523705568 593533264 24910258
866639753 493280087 125110761 618397257
613336035 915475344 290616235 794783912
345268777 851251545 203997837 433296448
477897061 505208790 795509857 150076939
864570706 458864592 96624784 384482711
105191413 777820784 765352222 946099157
689300689 569077201 604056246 217605518
143517222 901445142 901646191 832622142
240290600 623902456 128214840 163620114
172471525 829955352 262258927 477013597
666694236 103366383 953996082 101191976
46289578 317342065 822843939 913326096
507843126 456121041 636324445 211021117
821611319 988412293 823230644 294405986
530738784 822806821 262808758 416554024
116833787 650323227 181767045 48449621
166990925 266139075 326321718 580229574
729684548 832554074 544954731 748025994
247262480 340584626 264315108 319830118
29057339 616182117 717894188 697583089
60070424 687635855 137168039 269332956
399137068 276391125 549551121 344863132
848225877 472964655 441492176 27641956
753660598 542602809 5885004 469237966
26331180 79190038 200024946 330268590
758895556 681023929 463078494 934120492
809008025 171893420 45347089 33033341
700612816 335098933 666418380 201131913
306980900 35763545 444666932 520692344
655429721 932864868 554140376 380050448
368705278 775009899 573197835 937074209
794434078 436451019 854946804 336040836
658282267 380108585 350394442 597212302
378290270 859411203 825912537 906204446
67735355 134114459 754450398 955437810
827758785 777030858 327550477 866558988
236265155 512184791 191751537 923259585
33669084 148820592 71884121 43454922
12705882 907293680 234762878 84640028
719961703 664308548 63040161 856908882
189258296 626302615 866451793 175699878
272570392 949117588 709752910 926007009
34101619 551864255 110805617 174192594
767819814 341468183 576291957 278866792
604731445 139220076 382707719 472809440
2479388 689937484 590769398 170474118
242189716 758769940 186939496 161849686
652950186 116710171 221453606 154003644
585750054 968032664 928378129 436518622
200853595 957404518 47107751 213943470
853917646 212178171 212983580 300456616
298725298 321042814 492655901 263853270
661968987 667959028 429788104 994348883
822873676 770045872 944210210 895088193
606972057 845828109 1911050 839311393
724582911 112376814 339681055 766209041
174611815 690821928 766213928 168612739
825282196 612086577 6318177 245285268
157459155 922880578 628709450 751474890
144505993 545135702 140648721 248521837
124082312 754340967 290934482 952463154
102441592 375672726 461509947 139724851
116978194 815976377 297823103 955892184
727804443 184489589 590610235 74762153
158261843 679402354 966385735 131615564
121467105 696354986 344004218 472612560
375010519 488721327 844188151 563884541
36912183 447324876 820587477 44432089
6642143 542305742 879752692 108482689
877844244 486392460 216982947 135614401
209167474 472334640 385710039 756364490
689929894 792513692 442006197 165181041
197397654 429213513 707805508 407768601
679488314 540285832 280057146 322834746
595220851 133630854 713419111 356610553
261564029 955825859 419278180 991617782
336988626 228463944 658022375 979072023
525984444 560256199 526185319 973472068
168404381 100784810 695640761 364214081
515986626 484681719 859626451 694882803
172258736 745283728 233833985 893496725
187791391 56066622 585982163 817185521
116354549 66103915 650091400 815127387
682914943 290322860 374393659 764910287
421918434 715463691 712882189 917846045
40075157 295655646 835837531 640181444
556108900 686527164 652979320 372853962
768018162 947149421 858953909 28145792
579904978 844517879 104185346 502229517
535502888 809004644 850363151 704886039
18902175 771545952 684395886 461702
656558172 65473673 580759388 795711245
355733854 772530727 392766619 344851228
214246379 265763001 733457229 976353636
744985619 97454044 634500917 50377872
529583948 51790238 276016892 616982883
180339705 917097367 151625741 510314020
85293974 91665603 471263249 979014025
505151167 16412545 912237962 843990719
352026760 589370794 666855980 689598043
153873965 368435112 41081872 611157412
578005645 332779888 300466765 58669458
801105481 913771160 951311471 620490307
707604361 355141868 818715603 94275408
307631613 617309314 441038508 17038859
483652045 577689301 23774529 66443503
638398788 660138637 690343125 462351862
831963956 464241370 581816795 82550164
864688371 749910753 97139651 85089584
432981378 311680101 266573394 953213239
807450867 108837978 515183675 84548120
156285090 339838822 846515843 475281657
726547476 929501617 169548698 2569822
35600457 825046802 835298484 65348025
448459956 292705918 747010284 728009516
139276029 66217238 414338392 527820244
21019737 899404186 9194007 46518665
608011973 642226428 257273076 417443896
615684396 130774023 728898384 911495238
129985376 756013242 547445575 948721416
169803947 399960978 756876619 58660908
285703170 424092749 419407396 665584859
637759123 859908395 66230974 890342392
602391591 256172422 667266306 421673089
682170087 213784411 299745847 826238506
481018224 825786517 834707861 708266686
541546274 7764350 121432742 122907513
551354298 653774537 456845285 899397830
294836299 660062036 870822014 500918979
67773114 925620538 10852713 408016548
259108421 777899548 397890683 263245309
590809715 585623801 115655073 742874569
292038847 6941180 879453862 983814915
875004194 40574520 917513138 896345571
578665956 286931923 886762500 184096933
58144600 340882923 160090070 562947897
209494096 595847720 410040647 983047568
584361281 225869496 407544879 18033423
532996292 510889298 579189374 282788836
17025599 388814136 738133008 771326962
164308397 672156220 838866528 211655532
752591040 443376426 230778218 461679086
246145922 448474075 93232287 258274570
67830687 246967903 119962729 95524504
270469523 27862579 276935790 329006440
186020241 642088448 428945400 320519571
241378755 679843270 388600316 674701118
754548680 770273808 941719219 112481349
836250919 729243679 516133329 39126065
660803073 894064968 964543506 323972760
57224234 508220223 794017604 269940666
143734320 157646761 930146447 848702574
693972266 724714094 907693989 443512238
492516160 884133162 61068431 133230803
523662367 548868966 522725531 841331042
813201401 336160408 904405727 838400951
585637741 632748994 331189092 906608901
722080531 323208145 491535964 940042140
319054388 116118186 807329864 463886907
471358733 102361080 65584266 295415939
664656397 396053091 221083352 433472322
403619757 699010348 803736856 830973060
739069674 857484411 924258230 539708304
58435053 885539996 239200011 412414615
792098705 204445234 361152493 753231055
613680488 410935421 575401520 56690705
651295630 202236326 193906074 221604026
399371802 46410155 34314530 176017859
539264823 999068282 226464286 938107239
212571065 69485785 413975664 117931884
291121714 639011934 385407099 9921725
460461561 580266560 203179666 251547355
429434815 783355918 311925767 358500778
512684237 677313198 417897891 581536568
789825333 262016643 912227901 531879931
23557604 827884981 897707754 447757209
705079665 205256734 899482953 117296883
184298670 454445036 394329479 696528465
484330130 130667513 221069802 268588203
781910038 604404344 177109298 361592677
681059696 909198890 344396699 838429677
292696865 492509184 369503889 622891211
712478368 577145195 802824443 953280714
67473763 146145648 958365272 615047726
313974993 482585377 385269386 694822884
634898314 237336593 541820659 519681043
390603566 583601794 847982328 518420725
483744973 413240449 791849021 840602972
7967281 809230878 210328167 480318642
266135143 144781139 757297970 38663739
374823168 827419822 434418466 247532
255183932 432618034 231993700 444624617
701784936 208509640 255724616 914561867
858183949 755319164 171443306 607087196
250126753 23884882 130077614 309355639
90995996 276775745 892566679 192929101
387568267 692219181 835300078 407370588
504596436 314683932 465720344 848388334
283625669 881209490 938025763 265168196
87344588 739501571 946088523 919009520
384084060 663740306 355473387 608959063
7890616 61293306 226222549 231474202
614575003 742052294 565157028 364207725
395775696 483894574 312972640 810825791
366250385 406752995 684446894 321922642
423463621 29493565 286055718 319141259
601803141 425331500 335800959 217779479
38599712 214946216 812467582 641325940
513120547 770917120 453792017 520626059
714562605 739084556 317274714 3901229
171637960 746842461 168476664 593883693
488568327 779686310 395513776 171399979
127731956 512531273 934149376 23661000
665063551 57928112 755886654 894631879
460806751 742537975 843597857 870704011
238895653 235976776 503855477 942296589
830252110 57292752 669086860 355441583
245852584 496457650 167379579 829183436
856721907 85077073 118328544 633502230
47912761 720299677 321868653 386800773
243046432 777905573 880094275 566220367
2135588 160138091 857123763 610621587
748844718 850543323 36406600 753050940
260689635 247294149 474150407 974098810
784376250 250827440 254596164 443604069
215136912 950248536 723192438 14781226
652648922 918061215 577958011 288035824
75697618 298201354 169983722 902087607
618351487 873529133 482199842 682679360
432961217 343445592 956874107 920145638
624425510 946684872 63812749 396971386
422856230 466068639 721815447 606121456
370129589 794831854 835996051 626191018
764716970 944004496 114913796 194094619
686719116 323379695 616153010 436127586
67360221 733821053 421384100 73659452
227181528 132695740 59423461 486993559
23800728 312955090 7937696 8666528
847066814 724567876 413806247 533603919
209707144 574666556 696255188 865732642
315096112 31004494 700777016 785804182
394128399 813376768 772912637 667963397
503716935 38038968 760053073 448766095
456773844 593567146 92444395 626283151
690959130 766726101 853627262 493542003
477980890 876821412 921036311 261526113
881319926 508720309 860471548 206014738
57527927 527687985 518694083 809184321
801793124 173934480 846429526 687356038
472343904 650911294 861131426 333508729
734220685 854303623 97055461 155342459
479679309 20051282 960406106 841714028
779161213 656518380 100662173 467484305
701627857 588995447 411277102 938725334
136171489 976892159 882934547 861920284
719087020 860070998 413551561 952378236
862047813 689232921 825609099 16954131
851142729 246803507 171303138 54258896
267826400 87026969 564272081 839643697
679020292 443486117 177714340 458578064
786011379 856954144 30881260 94196667
39432307 626242792 94163438 775297237
864031624 770178356 383983543 222825298
532214674 775574440 592518376 171365632
628739231 468718991 395405094 799714588
831803011 190649026 41043725 921842557
795382276 845747983 755475915 567590841
622086489 208233944 89496566 786953174
811700975 54930165 22662556 688424581
176169771 590468245 149941550 42430507
755223748 749071036 941956870 60157603
44299383 98526975 448405512 156154593
829315448 294385066 518490262 526658733
171982171 787253369 673915636 396362660
663856904 684426826 980780328 619714877
831589662 764838211 630352171 804878804
7967312 196819119 454629960 246213163
24614647 101177235 90620884 772508593
281722384 871279940 827352683 821668918
344962332 347591738 65555637 357481010
634319897 524295318 158749966 810762446
815824555 648505748 370737861 694439323
662790326 573652571 756708147 552698145
789442919 300408958 317312427 207669481
506687110 801499055 506168222 255790140
557064696 925591848 111027410 896634116
539867032 186320806 52889800 707431262
172573017 276630854 829574652 142672016
538407817 535081279 459582256 21992949
158201058 135332768 800127789 740292862
270861450 153231307 225961724 906975670
237141898 988913343 28011163 617549679
331020103 576254062 82668468 396628289
355528723 919692507 720048943 744400241
873939592 122376087 910176588 82193537
628914181 772782612 378450882 525980918
266488153 829306258 925399576 407686004
455911505 196738083 477697581 7203757
836634993 77492552 897317179 955851778
443695804 556657155 707408201 67248574
542587336 643398695 844712098 284290825
48772939 212694641 715739772 889940793
739176109 535424100 180692091 93234274
344576903 106234419 220037538 505170360
678494447 519738783 706665542 228560089
732483690 854521639 839526707 846472107
69871943 904832270 619379906 252026397
284101113 881065846 69274256 52946281
207136857 485605158 284903987 873683061
228798858 305296511 693248317 378307347
400356443 408899670 187014740 216389299
443102786 984497587 869687861 112362456
530863649 489463575 31636995 90286807
25739575 22947531 695648949 19766621
692773332 213723278 945042815 88057006
26184300 540678076 464362469 168412400
41285798 457731096 678875378 650072021
563471990 536209855 84006518 760142636
472826710 641382023 529634503 826896713
243586769 992231454 692170296 785915230
849064884 120628415 389317323 316110390
568469047 857623850 691437450 900312562
554074449 3284381 745347020 782507800
194353333 131841704 224185614 458532142
92115853 79664175 407005683 804225040
601971114 962262496 183123482 945542851
870934596 895590874 13553274 340352847
624020241 667515612 614714993 57174902
730166520 994589574 121787186 856372422
124871708 618239398 301566546 467622399
553715134 912450184 467789306 133826284
12557060 717261598 16721146 723683567
118392279 98110547 509118087 615387797
317217874 205110669 40982117 823340433
319478988 700830011 133147350 8383281
732190165 572021945 61124650 817025855
731945288 760059384 637965401 767485910
464736375 531088712 273854124 349602658
600218907 373844809 211897211 378380335
265013003 41379907 616173041 104677237
285903727 227313201 141630553 870992240
473474768 468316614 67130118 268434525
655655577 879392957 403370347 453600403
514672410 92365671 412852965 127684705
681104742 974048949 812565754 82908917
606689776 517046483 718214586 760485498
284743367 860531447 153293684 253844291
85046594 214222860 167439576 329948266
590683829 920156900 436005557 34300598
659721619 321797384 772660520 237695033
569223868 911570450 855696255 870485082
328844588 133962533 590871220 385180083
214945502 724284400 934277865 445914908
285146215 385594668 135040661 803372573
461921664 218156704 949157923 260990673
783760594 680162020 139543847 949676989
229561856 6575704 343806318 619294336
369351502 566688596 513314796 78119063
846045677 548717920 610405616 573213679
648127336 119489197 573655252 318465417
273805995 528663631 619905581 203363381
392343855 46206578 173136752 731271550
313793398 724654342 837005660 592599163
458525727 321478254 1782510 455578880
366591230 638799249 852235691 520367451
528987302 357932484 798020589 89112767
723778821 371455152 806583302 25586537
21465952 860076143 86924954 448661768
790347849 320255001 874103986 774165376
204426450 796102264 941292053 633248024
768807610 486201498 292281685 598557720
488245895 72156695 82718996 960850869
256990345 514846976 962363990 716736279
455972185 813982774 673890334 790450596
273819045 579216295 922939021 699878458
558760326 815460625 300660850 907352633
826454476 582442192 261868886 607717195
852471481 559490872 375346341 922424160
632797699 854670450 73759698 997788377
504977070 172016985 147806607 398623856
449472039 876483111 422573237 317454678
684624031 33194225 614116776 445260944
119242129 873804897 963136328 506072831
70331198 383162738 23105092 590477313
588638242 921979452 893307644 742114285
422792048 672519538 416989638 986836069
99011340 168511494 271009226 788739434
183046548 296061591 461547786 948536275
648614877 274849992 953041572 738379544
331254450 534861725 661128900 91594414
786298069 550538352 368516553 454284730
499622909 941871299 476820737 642461632
284541414 174059005 866944631 907891041
329572833 145425739 693733236 21961965
564876270 777624489 770621739 24580917
618822144 846734704 378135550 969528687
597775871 34517599 494553340 928188633
395695815 669065143 225993246 418479244
852106298 680859610 826747588 368335324
497047477 516728822 889642358 522156034
34864186 50287727 979241667 500052547
741158018 488846528 231878414 943172505
526603939 701762448 498855575 894763749
653848821 824019555 867774113 146797191
809005369 868102949 31965180 123424281
68612614 521056687 501636727 639765873
849346458 172495273 645714949 544595465
698825880 423195812 950657152 330544515
372583578 978284692 42577901 320326222
489512379 78434599 32612816 636202408
301819936 947088503 534604970 495181336
669487379 181546581 153357436 879748564
394667665 433204175 54722748 580891772
407075027 558319218 980582765 39033386
366723845 974475085 246841189 753157161
584885086 125485785 96758835 813428951
673219529 414386501 725126765 841001019
695771742 925686665 791513585 846412955
699302611 215495496 36158948 828474966
862336334 674589311 506649182 854794367
478939096 243498591 583618789 713384508
330776686 225167701 401785226 811102039
875973156 474271766 33843494 618898683
813917915 869780672 69515634 112516553
672589548 139611612 381481524 887471205
537674143 557472284 491428554 11665579
491960935 38993548 610377860 364714338
384995462 453532337 128063579 67748004
779768618 190055920 738213734 73979168
483897975 665634832 222894821 122634146
689695378 130260352 623776154 682240034
691244645 736306290 440997395 246093671
627470590 411283299 930246214 352104468
319956682 620057315 168628835 113573546
182856577 921565384 341354414 969031914
293113757 484236684 310316049 902511734
649775241 665394077 258106309 364393476
49662953 37728017 136410672 633240416
121233299 473287271 73425069 501330398
436021749 563180653 52417727 196457902
479062824 146873328 639105186 475211687
333590064 93738565 509821717 405073072
531107180 8246336 742464219 599009441
782474705 335803786 726728151 562887028
614128936 902979910 631459229 210343986
37418558 845110065 968378225 142129788
346151842 324512751 228571459 622350026
94723701 926073358 823753770 132916723
120053052 417056841 663247948 212060700
848362684 152792897 844721158 798648271
676488042 80141424 191368820 430625882
667652433 819120729 90396378 505642224
446900644 812014101 458043647 920863002
217204085 961831797 878238011 94387041
75623094 706341082 309684228 898399983
95785229 436271285 552301897 968260862
328214269 774616065 769054053 666161314
60069953 567519871 178092274 919992993
519119976 256524720 787385631 65586462
159587231 968904486 417355245 892645485
522493021 999727762 321649425 32330734
17998699 638478347 925435781 191941845
624438615 582484076 366152439 373647733
693681870 881521480 63177713 556632804
779637129 42681312 416392920 126816540
329714394 11879878 54659739 928068058
374432965 175376784 858629997 386388433
317272330 717959683 35414399 132744009
63592744 799060380 91968462 467199052
540289291 941604831 504811238 915965165
703579217 790769131 212421760 996469783
160962580 211607880 826724719 38746342
562336726 480271784 543298402 684060695
536513860 206548632 760666495 85981579
173439528 537476742 291493572 380485225
253597662 969949404 475444999 137307027
88793235 911606791 239715296 684691594
651260853 69812375 607261014 389292879
682433721 758992699 286874073 364074741
253719672 151829184 411827504 258263397
349446571 942614194 650521616 763969732
412715668 70055049 614842266 647155947
569292392 768721232 44079000 427529533
82898607 401871097 440924045 812038228
250694515 506363136 526219395 1840107
500090164 648857144 591515562 995657928
130222362 181440226 189650273 108325627
315685454 57382909 871654939 751235958
284111412 583232741 416190587 498124036
224200549 149868608 6952669 195747807
466297991 62192417 43647635 796437472
393933354 768092408 660333735 235172556
730814735 894607447 703895855 222600297
746738676 249630767 543907500 779742882
757564446 368799593 625176362 819737595
391122284 827450515 550816370 570657996
376188561 162824275 925094242 151214592
533019009 57707191 288330177 240778156
758806708 221493440 869080196 938802000
505627424 439925604 270407851 281291976
869221050 69762461 959689993 918871001
246265427 223655192 57670673 923672038
320623906 334815295 927099745 185033421
48458933 307447245 240084089 982412959
119484402 452101865 247888848 570712823
279794878 259196199 666171899 107858073
667257181 435399253 947300239 832609721
324116516 800078951 395820233 324425277
252724287 211638198 463644837 402209462
113202003 16852363 412100936 124633385
439392796 856427101 764286100 540229515
805192898 6867206 466345139 16619390
43018275 346174222 425341773 658246948
298872086 767705674 429009383 559446391
241424312 597523582 495423432 410909285
656874508 355484975 204025416 918810065
773364856 975984587 731334820 661210885
78248617 458750339 845826967 961469669
533822576 67363662 694366633 363710391
207739388 852837814 245874766 987925021
110785812 546531953 806422845 710072087
656088950 954121668 345090410 227539143
36030269 596944529 492771884 938654835
638478451 264198077 108465255 985446429
573213700 664007048 825888219 811326638
825413617 6542932 689309626 830160071
475440053 287795118 766967112 571732870
579384584 698236200 900061054 334729151
3994697 484601602 734185605 958663995
566319567 144306814 589819555 105882443
181670514 869858276 859387161 724265640
449754154 570087149 978387157 28972520
476317186 477081895 341576158 66233626
81533410 621359794 220294490 554994944
106119040 736335075 971718054 244543427
133489908 894006993 899258384 907261638
310804595 204497975 219210813 719659853
544778195 487442821 722641884 505214938
572587542 258807313 36555312 161463413
544471177 120448462 709216741 88205294
135325663 478794413 51136661 282611256
836638659 328738589 358910 479904081
725876137 412079179 919143908 6142662
748533291 871249264 461263518 294905575
132399036 911048571 847480060 25933929
415210738 335743741 195332481 635528518
269834428 976952947 694236164 313841046
846252455 778999020 86427662 291335096
329679510 514779914 738077973 197751006
631334544 297534304 605009837 844328833
378633879 720049102 997262130 950248632
606048956 880555202 742914121 269970649
808184635 18731803 585809589 938021812
346506460 738638764 770137969 138376874
73704376 374429951 406062123 537959657
208827005 794835420 613688513 323326697
627259231 431654454 793518563 250694538
423236378 917559014 549782060 420973785
734864090 734444998 857670839 311515033
189746345 236018947 375629489 897181059
96957345 599467290 305225387 150980803
780220814 240482343 634730137 729199373
456739042 690119862 453532794 746223718
1852476 880843879 689469749 154915498
349966256 212437299 958234915 243606725
393029768 158336546 882170481 53250180
526105286 14799956 312256341 228588829
697905624 437676556 129486370 966822645
4947901 960251073 708810778 221603508
436368109 383595299 295738705 223715662
328597022 988779876 503204126 284130411
725288740 543934996 123969397 52155022
194329247 47727066 230263563 192888677
792668020 951114405 940062651 972801979
159659794 536263643 842525915 328956570
184623496 17219555 320395714 544923519
474184338 120605739 496343971 531643639
498034801 827682576 659374977 780087676
285770756 685609716 256204979 23854211
303713493 251184003 101006335 833091654
430142471 569925697 563664525 542367077
510146771 13507455 307968554 502371089
136061760 156330810 346153586 854397112
99758217 600509744 713486179 793972483
709850073 422339620 708780900 322538396
195153124 524418063 473167041 226827985
288939887 792951397 440573203 58676469
84043803 30493364 185722505 88593898
567382933 870989012 52891384 358265164
147880311 767874739 122358107 810236391
653259655 353028912 750398929 254218565
196769786 945867517 509435748 741643275
831439974 851930509 151598809 414906826
56412591 574960852 521283969 973487181
819508157 757681059 606007974 736127616
628529231 361292948 665930970 385513863
445139768 131284304 148805795 896723945
823034521 274345390 254640926 783909272
877946595 322604652 676202559 868055571
463219114 707279439 963778624 674901041
879088004 483249039 816938839 132591440
739266206 82035716 762609778 996702046
394157532 387329650 728499754 685622909
724511048 616935253 783871354 658126655
653729574 935729562 35455176 133382690
106419569 612192302 962007560 892502375
794342482 112304164 40320572 639695553
244986511 218910881 842954739 633824487
696275433 336618668 46136676 719124555
295799217 728120446 436862661 288502784
767393808 77140851 382184396 156803305
428503110 653832233 23598610 540213488
854907398 642700609 266588955 303500715
689259540 943086920 684078152 447078872
785857336 357792439 672042636 672009082
460183348 879138701 459453534 263960823
182467308 890372251 283147283 612147153
128002725 811218591 336437665 316701329
251082159 918514502 789475647 276465214
535737879 632039177 794892814 357094212
371544545 814149980 266667734 202424922
527442823 874253760 786973443 825375866
591249759 515926663 927239398 931539470
268174095 423534200 693186591 935979074
717955882 393227084 14236854 49323897
44744436 447425817 912787592 535679921
279919298 943151110 733126126 530735851
171775787 112649937 480513056 116878574
37108940 804183000 152828950 482401712
622190825 468575225 815965043 387927888
148232080 732727073 815049117 664540403
311111617 386449438 910515576 417653013
392340568 484729763 692413027 816577135
774790910 781547005 379479797 778412150
568881754 662679372 131828290 931074506
348791677 759779216 875096053 800413474
845878886 9097663 515368796 128707078
67145022 579989974 249731652 563961843
666836205 738961597 855453697 189052200
187120184 653903007 470469015 53419330
369785286 543219133 477976251 175006347
652317107 679803881 605391528 974679222
862089428 713405405 153836229 295483463
150585043 540859190 594621345 667781147
316217971 638086591 738568793 540603085
394262450 797045684 78160033 273861910
38984271 540779001 710616590 706232632
336315456 629355202 900861877 542204082
599545866 666722161 676376239 657428103
257859142 761439141 897565287 134505967
19762271 802432127 578197496 644166795
795742350 697954102 768488057 113240954
658542336 135869549 297593053 462548207
40684650 433060750 151176233 604660995
313877975 745516152 873110295 982582640
58618076 253257678 636362209 288355215
551949846 186871858 319092687 502065127
113756666 213318967 338949093 729473668
506201631 592611470 204841845 28125942
548258419 585749024 890650121 100450248
561547062 912300675 952431045 188926746
545242986 731909868 74038710 694230972
418408149 152492397 647405536 690398034
821797276 23194420 588774260 765146990
734127374 97952201 240072500 668549885
770761293 351730874 711817374 391916121
329004562 626553009 63753695 280895251
476752140 625981283 341070139 260756741
641653559 465546531 396846078 344369412
6237860 315356014 13859165 169343088
146407602 888582463 847108927 797450365
108176352 458650646 270214495 613894311
783676306 922259331 302819702 310674296
