907 206355209
4883161 138006093 55318225 408926417
203311329 768202996 637659180 549035775
45865703 64215997 568035730 56206821
148498410 278722396 524588012 105421262
154969549 895955434 70329436 420298247
11976660 408461335 266676819 99712129
66127873 685937346 309378154 407505426
14362829 91796792 994496897 623316954
90819678 180658459 335993226 455011974
39733163 552311785 554286 365947608
188175832 374673590 364434911 100372941
144314411 799255460 213083544 444978088
79606508 451590407 631235833 167709772
165380049 197353912 96073734 373289782
45609923 963453185 158932750 817716228
78957472 261869126 27983354 51205674
83616747 158156219 975088554 203973951
65020393 226586694 260700643 999821816
123138086 818316710 52035568 649740566
44348045 913833698 960978477 661753316
18197836 587910145 370310632 195613123
105124881 109111315 446150980 56677422
28327945 69082544 646677189 596063980
45804192 762618216 643980449 292533210
150657775 669867914 444100593 411885140
144341270 869490732 263970032 545323004
31110883 984848348 13081872 948880007
36475167 39967713 762958994 450239996
99013494 275873616 286921625 402210200
27669094 365396034 638688117 427959819
202428698 138690298 653419403 42572008
116851284 356607428 990609662 562793319
103980513 565347126 225456843 990291727
135905929 574831770 289732996 740880730
144784886 400755734 804596362 820830942
129224280 21756041 7356804 885929518
172807190 744092215 186659738 215783898
165132501 983713125 877730747 862097379
74631303 459521012 950595905 953798241
166801095 149221914 600459228 522845092
138542254 862382878 377555089 505386525
120902528 943875520 583458725 566090274
79728970 46655488 906129920 380917289
172750666 963951625 14731158 278215760
69841239 835282202 199544448 414446036
64441663 612375356 334041874 55387581
111891937 424745130 547679468 869956156
17962439 547734504 62523078 362987427
92478338 970161204 687545037 429920560
35677214 202846763 614037550 231859059
58524730 17420329 754301093 28091712
22934006 741808059 835219345 685350136
110958130 591514938 864352877 254189883
181754801 874555465 593721965 241698125
161814195 729278813 887967337 187584375
3583748 925047121 708035709 1366697
163166385 383780260 461142631 498885972
195777284 674059555 394486834 709813174
197111458 896233464 19433876 821109895
75048981 319925686 580116188 244208924
202762405 464512485 876374250 419849299
148189737 66187457 274746810 355852165
120140804 883518563 75429947 639957854
98445110 343426153 469584697 517597175
94028276 893210749 93559896 448148767
45371849 426940856 13967498 233910134
194620932 599159852 582081857 338785499
15700702 645581568 941651828 349680908
187938187 541067465 908742256 450053749
64624689 131476480 944198370 346103615
23327006 733410905 363030819 386398133
3234865 121336557 81645768 281484909
113677988 397183805 137160990 865105510
120767743 945945271 108479208 340432624
90779042 620143826 21118018 222701573
112653912 871494382 746560579 375810486
73794676 963312406 793285582 472183089
187558902 50906881 759589181 244895097
145931207 936390963 667441832 352210682
14459380 217830030 728746356 559021311
83961374 502819801 569222932 537604592
5903481 516204781 355011897 965621012
153091235 964198878 106145551 467655107
15420453 288975241 272253114 322340091
85842349 113109620 804718062 894161569
108420940 316727308 7803676 507744206
162955065 15017204 254594321 407037195
167630293 346236874 942823778 552353579
38825609 81821474 666961705 428957412
62984590 21846982 84961664 693298362
37486145 643408002 873861318 834862505
162021631 358063541 894124317 932255705
42610503 876732197 595970073 501414100
21903975 126496138 20900882 239636319
130508383 327056308 356067408 200983749
135009729 619821441 681004065 937355867
29037137 601957147 169054208 47650742
115736704 876941481 244304037 30696127
55569626 436752918 806820486 936582413
10132464 416063462 765528400 109160240
148341688 831987882 87938220 579307949
178276683 450334290 94936236 432254242
108543252 203673953 816998057 499125802
8310106 238629743 226818981 16810520
173180644 791471560 181035318 109058420
131781452 784825560 893031937 343127828
31230595 602835423 872986573 798039575
126641267 266360901 765990414 174712307
49508140 162829716 214732902 745811156
173728828 947633911 429357691 829549549
1077114 979555042 929218064 40330036
135629488 291459287 797709552 247757377
54167305 378346637 9082698 4299647
50366665 317256112 923500687 801498403
3991143 750282334 301363063 813369109
196518525 965988054 172613365 832391434
42374250 383827477 973763917 171422386
126150527 920965950 634553405 630438893
123602757 780626169 49065593 385002428
139532469 396221254 871332081 771743463
30802644 215486301 193871726 789545138
164461378 124696764 886508435 899228559
19282403 731751860 151165663 517391961
191738486 49111758 845660467 54188292
127978519 462676791 106960637 290891839
166206199 463172825 162392168 557425039
192059883 150274964 822749088 622211472
82547968 705573912 306921539 108954531
187627195 798765404 944886295 477740634
168352751 38207649 985893342 602850962
17699447 44109412 881431862 803375241
113341726 389030640 62244415 657857610
110212676 151958105 648416628 832023819
196603335 466658586 98808847 788432214
35166059 586837566 287555553 939577498
66300953 39228031 766953250 22979985
113469590 213033697 411161509 644899733
145605113 709584861 400336754 846890960
114135 428518060 635752052 990545091
172907837 843731538 209705920 406264128
178131083 3607361 736315323 351957981
139800087 618278942 347394310 189538551
75537112 107695142 8244225 110718301
103429832 159926345 219764967 320133687
173194362 87031761 893629270 703490870
64260039 374774212 106012400 702110814
28569616 790350660 218762474 196831393
107147452 441698949 822599493 965802186
185333395 619239967 458378063 107304698
7644928 180409124 371558801 3500331
22996203 330817495 747826747 764057928
44305911 539297574 265290198 498232020
158810680 977800852 905281472 236053208
91421927 855146076 280607811 904984284
50598369 535853747 853974825 870163639
201043944 523282128 833340380 847831257
109236635 280313251 242983581 696181426
146918203 996605143 936642402 14879544
71939268 595195749 560457468 592200180
79260546 271303175 932848769 964639825
176664832 749696103 872674331 885745651
147806771 305393404 658084970 757720470
88404128 174149648 55628077 423687838
72306211 103714322 377803021 27864827
121782305 455366408 596675443 705503946
187429784 707439134 566655792 775846409
139532422 804820477 215697238 636869345
196370517 285541819 901324482 881509031
76785635 7914261 280560836 95519033
121815713 929047862 285262559 375917539
185936544 431321484 79393726 365208972
177616598 505531056 212298058 526389137
59300383 672851253 234152548 704403349
19333823 683889034 792858552 736121432
7773664 54342930 859567130 252959485
185226750 590367768 858556666 792318960
95058349 70103892 463268640 199277902
115305330 530713082 236107318 499250215
51570383 495205313 443377595 371859555
158648090 552391437 817316239 78968347
205359795 873122346 492117688 190115898
124760968 161826216 150244815 992635049
94412392 468827379 681066799 944664893
61138377 381559197 778084775 460556475
136820275 884773553 507424198 751406850
15698775 751598738 849780217 474731378
66335225 733067370 222242150 60691856
183412072 973581990 20196384 601221114
137351096 321261484 661138349 477186971
146075457 741511158 854376297 407475438
100906005 820537863 358378700 643411712
89129546 689948637 507760641 461635533
121011353 66031856 456014873 255830234
140970188 735996861 867283243 620150679
17383259 250703880 192767610 930850844
119771644 985250814 492164753 161483338
197281668 163286330 752291169 534927964
85416011 469313520 733957555 717706065
3138667 930377615 342635762 956917509
164319227 822374679 383665467 339616617
19726114 397024262 917287309 251794742
62144708 260353021 280488601 886033670
29166858 412885255 578125294 999635527
170330545 328418809 452069387 932642292
94113323 180434306 361303122 626540595
142303065 990298310 197669487 600907678
72396001 992158498 344461148 771743334
36214125 453707300 407462116 18778794
181881137 603371918 795946362 475278878
154282731 119893387 750039572 792485079
153168888 786429113 749699848 350931128
178924718 180784605 183073529 278114605
43263705 338742997 816845140 573394777
78908904 98582674 236441315 119183743
145220148 825951656 796656363 175272945
195839601 587190876 892430169 361206933
198547254 734687392 50624665 218830220
16373478 893733051 276865225 136925046
168835414 797103994 480787169 996854447
148626737 287068069 828174518 417863070
96196529 634147011 119568458 562474758
51575206 215057510 567624722 946993186
23748220 594381784 334044805 205701967
60738231 961047231 841950563 800129320
25062802 308916345 751574513 409806171
198158717 596118 663611688 940065601
147554098 91031376 216236668 880800122
26652953 799034775 796122276 869950309
15971609 720578452 522693371 845920807
42121207 467609928 198599127 730926200
106261086 806255953 29445947 744032673
190962784 643231261 64977179 557699142
42335674 431474365 894688541 272012922
51998680 758173718 954738809 364727361
143479450 711726849 148337518 295313906
174189086 906945868 100312026 269509352
169157340 364402773 778491641 887140228
86679619 304529254 859158841 50220060
71503131 875630250 919692851 511336652
126811594 385449769 124102200 123275473
23214047 454407143 221005717 757390555
128988126 355950170 743497105 424534926
200274526 377048461 711763417 92439573
114485125 787401391 882200671 257495215
21001064 503514651 173489342 834739762
12485161 96330704 185449610 526845733
172047668 536931342 726854498 535711232
17535809 595648515 224504235 148682686
13852343 282803736 790317349 825558721
29069923 881017562 167418815 962491427
15512484 896569351 40513046 482571226
117584133 368949415 184385090 966837529
74366211 93457894 66379357 857046090
85054968 665489426 394098200 595153926
129948279 923349943 785689114 541278485
11162241 985241516 333040681 353916854
141180379 927636299 517710320 278285617
95053513 126738808 460635114 999194239
162283887 764439939 330758051 39171817
191477739 198305968 490765883 729902838
57431857 33550965 746507525 510286251
77023530 388117809 142366563 250963032
164993576 887365922 753124992 514248906
29056807 368631740 944807502 152618385
2474515 863953995 317666632 206624202
110531178 807368641 933007678 967949754
155816946 407351423 857906654 474369817
21358357 127312926 673127625 201549843
53153626 874158080 987857201 72076923
105979502 47318480 344270847 555364620
159454256 780409767 400937414 817510884
100544857 490710011 512465931 997169166
155566232 926613431 804695661 135861531
23357737 559198825 437642455 104174595
3255172 157998246 235742882 660839347
161128511 911605707 324776488 124419856
9375095 577505569 556929414 375586477
112208475 725386552 52125022 407363621
66372122 850340189 631246479 275819171
104955378 110219603 665964200 243096412
80159673 725312352 329538092 41219086
46205912 638675900 343560216 730160395
190978811 903383179 272301759 798411992
174031086 967498368 857808286 776492629
146006530 566821621 760436083 127711393
15838688 204566007 559361207 916864518
128000734 471649162 840015961 522643565
1286462 886737449 927295119 480956558
83782342 805258010 376193152 191475597
42945105 93391525 364107386 996531377
9684998 935326231 617827403 146313178
138484536 862128739 208995769 929708315
188765151 744623521 239040890 72505914
114355494 21808728 978576238 363483174
128466066 862401130 367282834 96766699
6225315 227406600 356426507 583966008
103667740 205124725 302525783 67496576
63690555 393798776 390806097 438083227
119677530 180217514 364615522 652077991
167783032 177118796 208682566 85823634
6959563 967024210 313187545 828238015
148817876 622438408 472381768 533149892
69717674 222390190 890087444 634860961
193902958 663282671 379115884 224257606
173598391 451333857 767334497 642547296
57270116 941829175 102382714 972453945
176044571 518431012 524827512 906077541
86376005 709330179 88956236 965753497
58078778 352548340 262720055 253523031
50421417 773513953 574945272 547361908
21759720 584733974 899245767 273575516
162772702 483165181 76259052 32763743
37293812 249291531 574499867 920149669
201943034 304892468 167905571 370681798
110219811 267526106 193704975 790898367
161197641 744778665 807516452 762610730
61005527 386377975 216198639 622560152
163957378 781792603 849981449 847635002
178169887 550416368 64269703 18099360
102571074 452189070 538728010 630842081
85303096 33890684 245258307 813134920
94113272 231766617 142091921 806949753
62720345 259055100 162509986 997296206
102237884 132620857 166294015 962726366
163474539 504720123 115578410 250146281
143299823 791603259 159255533 969301311
3863335 17599153 930077973 387962527
108987479 556199871 528846790 918102961
201761624 699038925 521701738 629669865
79978469 149075215 296146982 411527257
102674536 440471561 74120939 898576195
32134925 381321212 584997837 25437178
102205831 495862628 609045194 525373970
185259528 430752389 976690850 922199204
93651452 901604509 866438455 443167571
175723338 429403546 410557291 967253355
150020820 184487735 353566283 868116901
96453761 823730716 277444602 278396400
179508248 829093351 639072633 411160536
136521137 330795380 82489690 4641989
39609555 601319403 210075998 712992582
9047442 471968986 453322330 733727298
164181975 283142652 786965459 968651065
111338441 579936096 99241185 716175517
150496755 83144411 912544622 592593515
146073762 232516420 139720635 131268451
177767289 544315181 443143663 686955523
137284637 562323869 506380749 118525881
48057612 407243273 55353840 288763709
84700266 710013169 492067361 422634370
40136906 534622540 624852063 876307473
156999458 619221877 694801296 567455391
185419749 628812570 610942939 229865832
108150732 442852384 247493633 178703742
91441858 512255022 810364377 769590071
145180399 565048374 453262016 308362292
14149232 113247343 232956681 143307368
150066839 325295605 957777347 142913070
26815150 38274398 228210644 127974492
76009468 891718930 288274425 839067139
9011921 634595953 535265612 448429088
197301763 7758356 38223196 771602234
131432602 771958890 626233267 361632346
71778072 92755247 997007973 466799144
92594230 496669918 269365191 676388739
55853842 157529081 639423122 968510300
157280708 821893282 600529069 921134827
6141332 991503505 433637430 598753963
189870962 243068519 583779851 71629120
179487153 607361382 971860800 267864543
199131967 685627071 716956834 960524903
179922304 107697929 715389122 317409101
100132186 98740623 433243012 962453135
78248442 921340614 495877836 243342350
987638 237227927 42358263 519263116
194341377 483284756 327512088 191512839
66931307 951583042 449821153 737870421
114115723 895371221 306054313 227771189
184946188 858392560 346819225 706930316
27107090 524373449 255591475 293734855
206187268 64935400 952857309 843527924
142615489 522440157 68232119 104579445
3914159 878489634 719211677 770241682
135681497 700282880 819115963 413329519
134424221 291422356 491947356 986525311
124619023 393463616 425557558 971578685
33824543 41871622 264164872 55859727
113995154 749686209 478540888 601420532
151328826 98784953 17251505 809427867
187009895 960873684 722788438 790864615
38331601 340424037 337168164 931768310
45562070 809961782 66341078 450662378
36004056 978636263 361159136 971652445
61709864 862975169 783669501 584493957
74173758 5196195 308857253 337149115
151962387 859233016 721541939 341218972
17484621 683287271 969541656 481821251
128435575 678030751 55525963 551453274
106528358 877658366 604546774 709974661
131974274 347462597 425093989 280448534
171907807 113360063 712635249 985845528
13064069 843767811 101748414 315722257
194100056 569046424 486149277 610409008
168546622 839727777 241975084 663703758
15004447 105527134 390235649 348894266
159513760 14422274 155567621 884927757
159715910 389409236 340186339 87842542
198805026 708839726 585224675 695255356
99243307 132447532 569226252 241267184
146081066 51441663 988836594 943965793
82813268 353567374 938613857 103287822
9518474 270396393 338650984 189832483
110915282 286167558 626967523 843615980
84201643 53760462 696050208 49962607
194000211 335018194 998072098 801457817
141237631 642102895 617625848 607555462
160266750 31770014 944706385 386720984
5862791 369831561 769852142 640061059
187644370 977072527 414803715 423836905
36405145 550849766 342181522 910357891
118081666 881583019 238576823 697098467
155024481 918212979 764695578 818577878
149682439 774786856 422825724 5953779
58329100 28519306 579045888 714915387
88007999 242075126 956972932 499650671
106109879 988076048 283227019 557912977
66446612 156290471 152983625 638691604
10718936 411850547 274311842 714410835
189112282 348763769 404690815 366896613
199583377 676225503 920127961 242298319
79470989 621426429 606771607 491577229
29488337 196545186 615731757 820391627
113979793 19688620 194393367 460594389
137542588 414042808 846748423 683423236
4364097 334145182 888063254 775056008
153515889 473325008 30742841 638820839
6158029 586412589 220547189 705381548
116212286 626417845 894326962 730023986
50813471 975444176 902912064 523577154
3770826 121440599 15653966 894667355
10223299 513518922 403380912 500591049
162429414 863387492 627353450 630751884
53017528 123386650 29524830 533580677
118089301 269934696 594670774 429596845
15387195 632075768 470747453 108288109
80852200 484389863 216114787 201249995
68860835 214133871 255880883 868914017
79160067 194048648 410059986 854022174
72198180 48557368 65851828 179159958
79466118 550674348 89070415 570582096
99253430 351060965 210945809 558958976
4645169 371740545 792662765 417276734
9756084 466598969 227440932 416517306
127268570 104787132 278617496 54912859
161924254 375481863 563086877 658961810
2637407 691470461 949717210 565644021
20385749 22199913 634731422 316535930
63970867 559971385 952073654 8786017
99379445 900972468 544255410 945623408
183019836 194000156 981926240 303642080
76584583 796029329 10440079 858557287
33707047 417728515 864490021 933936630
172729954 62098762 786016638 778336517
19014043 811832378 297487529 346686930
53806987 384103825 113030329 284270219
60570989 873930760 686364496 814507665
153013338 758519776 577380171 287796421
140359213 762646347 875418130 545605821
67802178 293351944 787717606 263256318
3549231 906785347 310534923 454740227
113792052 586289192 166519403 790572858
95958924 747720354 255017220 542529192
175270082 36357017 854949181 995937193
200969850 155832763 48519290 901042673
153098952 736743982 143322839 421971927
103228519 312500247 728503035 230811985
8253100 709132402 872311261 251886153
45835938 40764102 699751744 113674010
53244116 856030806 525726857 704555635
55227865 682009811 663985264 881212993
119745154 908563642 31300039 1352221
104870999 186052959 364984376 812366713
99293811 732170842 985122966 340726747
35838744 288750848 282999504 532503092
183585695 527562137 631984707 95075082
95176794 650811514 567747327 374190287
106039889 605282637 707191175 838817576
85026629 618672529 538692510 963683331
62482270 237755786 824792860 420089699
20460685 999263494 29279381 651644169
35080617 395572260 368711753 272001194
162036801 675593770 66217046 817754398
159213302 777076724 552839640 547972679
22853050 871159545 81653905 350118452
11548710 550384081 252473396 434540005
162206719 144892280 151800381 462806204
97615405 149334939 681267304 17502419
86473913 96975563 291695674 405238759
49890652 722641920 580508623 396421471
14553367 130322341 396107554 894162282
20817866 888270237 329558770 564018323
115379983 338713581 592249022 969554062
131128984 576539865 257374932 909134729
176223230 427258658 987541960 413896976
40846779 592137911 706515506 599837284
93511249 808325076 683006087 862642898
190365891 630128011 355537942 983997908
171422471 691944863 36664900 695151607
148989134 702571101 484157395 807428739
59953959 13231871 886387435 972849027
188144741 429643237 497896095 401050623
103456298 7981111 925645078 220461423
117356192 351192303 481605278 925983634
189988399 240048546 748842112 513818160
168644813 661044536 267753617 111180605
141500094 412804722 927150187 511418912
9058733 547520494 38473589 682411084
135555565 117279750 552038892 964878552
92273567 371229544 574889466 134829866
27391852 725003284 579543989 123331249
199960958 872264721 284406705 770026714
115110226 279666370 935350362 901196867
122423423 186290929 114847355 718596506
141820607 320411732 750190399 339691795
85932659 270375989 569160889 405078797
164400000 755788447 58828325 634434524
46189372 166035976 654279991 687885360
170146783 942809456 162170487 900006099
4476098 384214059 252788221 81528654
73004603 46002860 982973072 280739082
149641582 170125965 504085977 339813610
204957474 797592292 728934073 774422825
166592224 952567380 663500366 731512999
66914619 844010572 119276277 814494418
206257777 718738009 296934268 794698416
119041755 660217246 900427895 627182748
75578203 494981475 224735444 863692056
148362880 259448464 151071436 607915409
88519862 168386525 215311614 288643792
176985878 696280648 723665944 183670949
180385986 712656311 126924619 802732715
86721273 699073043 988265782 806641520
88635782 799673572 24353513 877055035
131509210 671561485 420881193 195756126
108759054 580942703 406859344 100923722
120245960 661824047 850514653 37900605
150274014 619625455 427995683 125761962
145808361 153726275 965922096 255475202
23599474 648125561 341703235 603201905
98206486 462305044 565976698 903427152
202898889 105895733 170256179 753672409
117320330 499249249 993993570 871387165
98038337 525588291 34934389 631925494
173256236 980534105 152560432 806418868
118278039 239477590 915456185 554050885
151165038 699382716 755209789 614349567
167434566 142027850 812763417 983664189
34348199 514786460 129947075 226363092
34943001 757628051 911340077 791200034
86941068 366989772 23867094 346613053
169872099 923659373 25807013 713816921
140694617 923087953 257923012 260938067
127509058 268832950 619370380 801450665
47811442 211677222 261636618 706494296
51687163 284803888 944695962 682461423
110882771 640625573 92175757 531866282
115393874 775608690 174037343 692918180
94762532 486006927 760271277 560796927
94094960 465708333 391507622 797053697
56557415 354680382 135239809 477524847
4767332 73977586 566912227 42429443
3206733 524270514 266068895 650822845
69582440 174025916 864938972 30566573
73761478 94165046 123172039 407082222
204702432 521656539 104989559 231423970
10784692 726154761 261767381 644849793
165834338 865401482 939978756 989177421
124887618 381264486 927898133 916534582
137216228 337527067 184316765 541144906
126696814 436270937 999492100 700603983
37015783 781998689 811181894 418646442
143951570 362241020 191159422 358671852
89969007 485932947 374597179 39931595
120542229 525930588 228201938 416447838
58851486 640457520 706446592 534113620
165294539 22340020 630610924 179923145
148130773 82584359 347888485 131655724
61395383 889637126 96764157 483699953
129823874 133854174 904896859 744684601
51167896 91830987 578269569 45244087
139558574 318853226 537968919 518545704
62685384 735592650 82950687 946292456
39755439 851008948 67035541 152536860
140299477 698224047 116939792 231975973
6835925 840376459 663581831 557055923
131174794 171085810 434197585 107810843
44158053 890794306 638095832 64936828
27987928 357890869 516718930 874109615
125055658 767566808 616949219 158793097
198977258 637998241 733855560 708393576
16699941 894992263 723163730 668394492
53398114 612543194 864997720 92895132
112692820 720488737 250483981 733424208
173959567 577298802 274690563 577872642
167728037 45149473 842293825 105873515
65767326 696020443 517572664 243869245
130329532 449525121 661365463 306855259
69718288 169973807 724434185 642262347
161961529 792366374 656770250 895222311
44369369 508425301 723571695 619561577
971662 847404135 13252867 807292943
174229112 573468923 564691622 491073841
154334447 736314919 812820238 14050049
40020380 566174806 752050038 24194277
129928640 956275854 682650134 566959284
194139649 895666093 649416292 930957523
1457172 638684065 671291026 376356481
187039728 985370673 424048345 326595564
18729602 902779261 251056009 593733914
57823977 521038645 153098983 966693097
163143677 965437569 543576835 979413089
154697305 797472392 47745409 131427853
130905283 539370216 445042148 624375536
71929733 346378974 684133938 225511546
127630866 551000891 42123284 226181680
133009624 856283834 378664789 332455603
123769900 996148996 829321502 973142224
56724999 321040683 214817082 41067015
190908404 140203658 696553476 238725299
93816052 309355406 146894662 207067298
202717784 282834640 268489867 878572926
117526639 879640690 261038249 47447348
14981796 201271526 63859487 116397004
27002851 660928185 804333441 739791368
153958463 491998914 344669422 840070995
52028295 111407916 340747526 686167580
58213625 723894931 273244167 813381905
65264895 992729402 229700185 909951190
187913140 332285203 939172331 353161444
50756167 447179630 397607148 89244454
80422879 909195763 679212638 76524464
34587301 594520750 861841912 916280558
150704525 696527912 11124469 324248064
164665108 569833486 145489886 944861711
9483817 3682801 973136340 919273231
176602468 452083201 19589104 912408387
39433221 741528108 516438296 836659011
92724820 967841107 611737441 438689854
120883543 393706387 549949297 451291976
192693083 187249978 65804297 756122096
162293826 926053421 938154141 401614062
169798101 551399331 702018799 391043067
175691221 362700734 989770996 197338031
71019096 242659415 539275493 343162644
140255944 898540189 513869388 506397240
156228095 419196488 159565395 129097522
48324847 71340580 257169003 256394360
25818459 200926272 962501933 472361807
120217181 512159775 825577879 41244383
35922870 194426057 347423661 826837479
138972120 255613033 282738795 230913666
112179369 239438398 211239868 369099681
39190243 551872780 102639030 221521899
83495147 155773659 250984351 115897829
158046364 11177376 553840852 400149631
154998329 457167642 342392677 517605656
114585374 192296388 930621773 650960552
45859120 664797958 473546099 335270577
200392095 431661245 19433829 383062844
167849740 995882131 559697204 266249712
33269748 41145433 428893092 747802524
159216986 986599478 51677055 485452875
23275941 554285649 583321897 806300936
195458149 867148305 233616184 912855489
72750997 360983664 527030090 562425367
96648359 90747231 631716788 313331928
102098230 632220259 165010774 571681227
108736404 128418028 475923691 427087167
66048089 142798856 137871540 637199137
130315348 867061905 455330854 560359513
26851648 213815216 390912330 771246073
107917093 226627903 686262036 359368608
163025755 611834443 216382913 194161345
200897319 5040517 569858675 761267134
52459231 521275213 169580833 73881508
62573435 137827095 61403721 277681500
185709971 252629015 38578399 194349571
179481299 492515909 150743186 434090380
204986543 743868133 213372635 47349928
26730150 804567901 720396899 611120248
54726639 514459828 44886632 109389111
152307058 681325293 742416610 964468031
45255303 937167304 918681146 307309927
198434005 590042686 390084772 481993706
90875506 661893585 497333620 479693612
87251764 842408312 91878188 425512015
197411553 536092099 13230356 174871831
179826772 132210542 807603099 784118632
161286665 160814615 355300164 904023325
98535984 640925070 286955808 463620009
133165456 603772401 821037885 343579986
77717825 322731886 976725340 1224427
131371864 943670402 183133407 595106037
190670973 98151981 995655901 806863429
117048590 674728843 169336997 532576800
98432990 930979303 752184269 339141292
84577960 33396176 85326247 355992147
139463446 101168297 546310452 826765653
41318294 569120987 172937605 341047937
49528169 635620908 522550602 546362661
89276601 555089108 87681754 684584941
119713608 165625476 656869180 333800492
66030242 64964570 800585067 1284334
95626973 231146584 66369397 514733520
16989514 984444571 206809318 377936143
121317699 222135497 794597087 913015099
165182894 30114216 895166416 722765251
184379790 198593987 300259255 582165434
78349183 434436912 678319512 287989053
60497768 114982748 444770424 529379863
107766457 629736747 153347279 426462690
85516499 988844728 184480844 796186711
143436953 748849115 359137263 59155304
24848183 859674129 941894153 530968648
162277300 952916729 358718237 670598851
111409932 709458004 876967576 778967199
76324531 625257752 195501374 196266167
203739042 604835258 160471656 410713563
164984205 687254574 112565408 265885962
81419642 988468376 563063002 185044635
135276525 462448348 291999130 492883116
175492056 538357938 156815785 390458486
144190858 70330334 880639732 473034148
158247959 367885706 336538724 929454097
184782180 952950518 159282099 860384640
160603964 510177283 711062842 98194288
70661049 770744640 767725422 200540663
131784850 998676936 428963648 899208472
107522371 301420669 94462714 309554260
70230926 327658925 749681212 18343771
69004572 662127015 214707543 363222224
29809976 261223121 120615743 823696456
81336387 316908309 704294137 378503880
102223124 456632881 843438249 74600152
50806595 133082792 662653519 138849370
141325136 634376779 328304371 74254479
88719187 5480 188906811 147666602
113150964 443709564 657452493 708841049
22747874 466824897 442131312 279617252
48663614 927192395 344727846 279577296
4842079 966754644 360373360 284935764
173986745 656779259 652827224 69278130
178093830 69678673 87075255 700601742
80507667 44823892 340225329 859650580
49776606 604523421 391275136 375833745
107318973 767204039 502382525 467768121
65850396 794507847 833330698 381523867
136374873 516373538 745981553 620046836
1967102 788382388 943922966 179056990
132134531 653977479 863130921 773989671
130014943 597713862 376766038 274947580
183292125 647986386 319828033 217865233
188128533 112199403 547621830 117822503
200161305 232249445 84171331 9142077
53120424 995974022 947033386 289876438
114625670 896590754 470167678 203447166
5230263 673185504 104775363 939225609
145207786 172254966 4553105 581548622
169623297 374150932 538612873 77728746
203861882 811226822 2996051 580496135
158673438 219085051 615448728 885127290
35316350 599812660 787380380 369668344
200180684 467016863 240342021 265272822
132422633 246435865 619992610 769188655
69437168 702568512 618865104 105601857
127450394 402222155 914844578 402590663
42128846 850210505 610517923 673969722
48325953 155754842 863328234 400799132
85402471 549792572 11692305 274131236
192428516 949242303 44959796 473822651
71950694 344701022 157533285 993761383
172086385 819972387 126017557 749302527
183442448 438699122 989852593 772238080
78815368 315171174 688859169 535256819
98311204 264931687 714511250 837953432
19141968 638389899 141587692 335817567
144950568 719537768 599785927 678076102
137557629 984204754 444026658 248459109
74684705 698559511 508993177 663559634
19854091 381722614 721050696 782623259
100506810 460974794 380786710 250361022
10194833 394120432 882974822 911354903
84297343 974606246 628711404 271886742
94648078 99229545 694935321 236762191
149044367 919809021 811137497 432276577
4593536 579587478 474249530 899324602
185802891 761193177 373736886 373516188
127771189 851305137 896451824 800021748
197426193 800050165 983303708 501425484
87331083 918585188 125041287 220623370
53048484 83222524 829237531 32333901
59303944 99413843 511889969 602071792
36048090 15062764 442712060 578256210
149346011 923721718 368617909 614753401
41096717 681838721 718494328 932197265
146084477 515310814 739838672 397099524
145984311 473903630 889375189 907714807
170545285 387805798 229919134 872097118
107693396 843197689 182688411 964559459
143533835 997395761 243130720 30645616
174017695 513521623 694647614 371990717
92517799 275850657 669861435 635319550
101745989 912381069 446257460 409867241
189347401 972012378 207398364 978961523
3883080 420019141 321679161 404921349
21367199 305946244 59538130 751040169
80954820 251840404 636521382 7006944
175807016 588137641 270084940 656932106
3671249 707021923 709687184 995683652
62017479 243800140 358688096 122419742
163321564 13418782 659931309 96084295
117054619 893139380 566199534 791381598
129939111 198543433 406702644 262758416
181029405 297402124 425488911 530074273
169286844 665790364 17208003 828474163
62456239 278671645 170061783 995617695
64074139 494305618 623518326 117637194
73843747 290799721 7515089 95442762
42742854 825294786 92429275 621271634
127691746 451158373 594795164 978527263
200563696 324347416 542201676 347285017
40126256 623466631 13810291 121112432
35906081 105837431 189117791 327595812
68502870 95294192 515573834 27079481
1179610 163982889 960734137 484838131
76907025 635446841 703165110 903941419
192203947 164105326 306026556 614861653
54914919 87507354 106592324 249778793
198433266 697699277 549411675 473808909
54699128 955396012 365170807 827227939
133549317 894090577 381574517 25991915
193584018 892463999 940290971 569270517
52003378 663926168 701417987 231920820
29454694 160524749 368117732 353305201
109133940 825716870 145204591 149167675
130539565 172710864 316183361 396471747
133860654 462393347 619684849 498772361
13255094 55411928 548240961 516713086
39822325 200577990 510926910 211213465
41821416 147599159 783076441 586903536
67001075 443150481 834265120 233120887
84936526 785837888 112068383 755529568
162062026 934803651 387581187 96490397
59227224 652412061 385872978 308983647
148513519 135129994 797373463 13910540
167534663 934430012 786477017 533387126
28961038 803291945 206030569 829800920
89655408 23452524 355176029 285720560
181345052 124998519 68701644 284463901
62864595 98639808 885870072 519781982
167710171 321975005 732075060 166611902
96083944 43192049 187710264 432981380
74798553 69448258 734440822 65144217
191956460 364829010 619756153 939111992
63003972 339486012 199498156 456781121
126701432 887181420 463524833 736471595
5645862 779499896 925119867 878297676
103313571 165296857 711445648 632260091
128236010 566954565 940574125 202537930
64610307 156142987 22152547 113933839
188430547 521409136 661999617 486409657
149494439 995853635 373552311 759545638
92183304 344804528 127273452 86804961
156541893 819497276 537309307 885745595
77362500 133842974 980912578 587609236
122241028 606244945 441022853 763476801
167576538 780903914 264798685 300241606
109820038 144450536 441212434 248551820
67474131 93360732 579845082 62931267
11181149 261845237 13845918 662238511
116886459 271293131 317638345 152255301
19299533 515312146 193536645 886689755
142620276 368203325 790745472 633494755
18860512 637603833 951667257 630100451
193354546 662773112 917915547 975545576
65537313 739262379 392772160 761503333
183204541 128480362 429006584 422607422
92214510 590605489 449225605 460109632
99627726 494042740 435153749 826205587
148482432 618698854 641718570 480518450
176145565 362633241 19532610 401610522
150053441 615423913 193349322 37744297
147989838 809590875 89474600 85448776
3081401 422818282 522559980 688216106
114051592 67151353 805226204 901065779
24353058 855193017 273231031 951117436
186257502 51790193 724194485 323909188
88233510 660324309 277686987 773348373
121147816 457705068 239848438 914085707
130757013 598516696 287688134 197053894
180059857 596734270 27617202 263892625
175454066 592809810 433137050 274914329
77830667 469895615 972935146 122603016
150306370 285592588 489983063 779713669
193596167 662123663 458568028 728840489
101588328 128454648 359175362 756367970
157796345 441485182 924918002 230885205
