403 801567497
33947193 508230028 62579577 745724176
303728173 729602945 99266536 440204915
160109104 930332926 436712170 423934860
748001175 44240507 507281368 491742602
611454023 588076868 573266498 537881700
435519854 502157360 780480561 993481811
204501348 383064989 511519940 620312643
24141920 158124058 765079677 584388586
156386638 206606204 38261217 974269149
333834066 684236866 5081353 617359764
773651283 221476261 213077897 886511861
644205776 809165336 679543220 810211863
279826418 724499078 287071128 917713098
217536711 22435970 118808626 491014397
765098190 96330007 707735904 700034881
10610032 317090940 622005085 157685546
194879464 739196233 560490436 596102205
228018379 207805343 737394490 454697722
726487999 898465448 566912165 393573252
543900231 327817740 961385882 158772198
497050106 487043785 410947372 944193518
769361603 674298987 448696242 194100113
247209405 512986781 764011986 701604488
498497083 126407025 376453141 51068882
651825376 376623725 424667792 183963031
583614689 133371962 55249907 394966319
632851853 60253929 757314835 679749630
685894523 64741732 504203064 832555192
61214652 547841309 342575386 879308119
175919998 134391389 304199335 11941918
267554620 323923813 733202289 208122225
690665042 911572310 67878171 909249308
383901192 829366313 297168144 350308020
672614281 222429671 140430674 945382520
46262958 504663161 234986363 797282340
108647271 206115560 390697602 875389279
87774511 453747146 247717248 56423594
270943213 629921524 869123857 546799148
181114586 19907784 665395632 510436228
632292976 240981322 172108057 759390294
249853112 978947491 71126296 14448916
368916111 910991671 711635130 983404770
50606096 401803814 5490590 684240995
265798093 397964631 556051511 370422594
120142305 47014816 9595067 282090630
505416703 116774695 8629981 232677375
462591259 962316903 495344149 451336562
159878265 165301705 421662926 948000564
357344510 747206184 625201232 613342243
132150320 519682677 837965998 944573677
180492008 182545796 689759094 600663532
639268704 129576501 723790575 48341072
779623161 170576468 75552475 123252957
463285681 435964815 500656464 858008386
412142110 372231176 372181454 758254555
454456292 77114788 658972494 397262063
493534806 393174060 516386520 746211246
654783729 376577781 378738828 626624963
309861108 274062446 520580222 1872713
291474239 603926365 726504287 176099039
601811424 862561219 163403103 686590265
598960861 65202566 36340768 624323334
554484088 988976940 222260615 99125832
312340894 78059691 527931305 159140239
778984494 753864372 283504251 827162886
283731870 521875317 110929945 115156924
450353971 985802107 440170111 874215906
367074443 242909479 838905443 227585998
624237859 440362317 192584289 733719339
613242009 586359143 857120946 353675026
558428050 650645349 899037662 762556132
750356242 978510244 675618812 911497377
250053397 159590064 250558362 654934914
125943014 182812382 666335362 117181322
274372395 590380966 216251666 215660729
247911275 32260033 275404592 591311534
461391604 128650321 21805199 246802794
478870960 129701991 923536961 382839546
784564327 674244510 987821837 509103122
391960505 628225888 389214208 510874650
416918543 822207648 417355946 859384349
361371391 183680700 742650616 436861188
110091795 966434975 111435356 765249429
697129930 785705521 459130881 550943369
192401957 135715263 292974920 403922844
575745773 597248912 350859270 371760687
23663327 43859715 155737099 406177954
265086086 598750165 252463191 81412840
198234335 357162323 697603907 384832061
796828355 843432748 201693983 716066916
156361764 806674392 60799664 867429020
666619820 56615845 387609600 420571519
337862553 287195816 457164988 83824734
116652273 415099384 797886947 122754968
790741544 312775049 805055737 80226874
65742797 526780918 240517932 762367425
519999508 609135653 297711379 313671894
224842505 557322231 699427193 416454780
758298603 435881822 378106308 401662442
92109217 209289217 83823857 70579739
395350428 709305121 153701576 538328506
300540860 222799640 996011638 264387453
47835238 389132588 939494022 508980135
149168169 513741295 564655227 777365764
256012420 862631446 324240926 301900198
311754228 212771449 993817225 678224908
728462267 464006208 327587785 979175103
98367926 75266414 974784182 550033410
468274987 433059963 350706576 461855857
443768416 171827888 559526715 911845834
713063838 3923066 606317064 870202110
297729600 792781063 693434865 276238973
732783250 305654305 277768443 546134110
467470172 524815161 313787720 912189510
604581115 805638556 76721396 448241307
776020958 953090362 939766698 148764426
496250164 151198169 491632829 929898365
50821084 699817789 21971761 758651315
10147405 195777481 407668533 868448689
78801983 661814479 892323713 496568813
67088042 15896140 190053282 495783817
188646803 163857160 572176323 561083847
169417555 806452906 364065581 411124790
363786638 655545925 956936789 846375536
464482636 350858017 589559383 383218999
394455293 789386209 378310793 310736967
547194038 50721141 610443838 129068225
385809441 671531126 54299781 292424648
440108896 201749209 110299769 678258344
600876776 51797811 63456350 556931080
730122302 837298102 731926373 929464332
353131690 922622825 542240323 275041814
430918728 603376840 783514767 106859985
409654276 63271508 162674733 212160746
656736741 32132402 487303557 505041358
5099875 498604280 278168454 274351521
380028011 205201663 817025561 195715116
154273778 703633720 907302394 125214189
126104894 378122702 753174847 926242017
373396163 628697001 947996151 11235317
763592032 616084860 767179357 648686173
319056525 222423823 62874121 762188463
548404555 296150676 216800184 776980372
380849953 965998353 596589296 989472232
568434263 272896955 652705929 973270497
597511729 75866593 84089644 646762441
306681857 683621318 533964165 827677425
162327004 183402456 19030123 862175050
360890448 924310390 225046358 50418762
186609329 386187832 338493916 391229815
491013643 902263820 579719042 888491688
96660505 491299308 787289098 251298142
214769175 65644638 899397849 106016397
555149826 57527729 873036806 525030518
228965603 565171337 327522471 826353788
139109428 47536363 831445735 91555507
322618689 185626682 969674487 150682092
467520117 959822652 908593288 773022689
56987221 675897885 608503899 132212619
725267 792415993 270353049 974553090
691116789 176806404 512523628 180120841
663862022 373598937 404192352 572787724
248805480 26902366 847526766 148777329
554653025 145570478 612731662 345823856
729458813 924360174 347408661 835476258
790644080 971445474 28726050 982115526
41481870 803919005 324273252 612110327
299071234 847594886 807302840 939773487
801007499 579149221 777936532 348104857
644405152 47376605 260404933 38918518
384114221 561972681 951390469 633829522
644896137 630852540 708482160 579530093
4344610 633575429 9872997 180994734
292972448 952318563 735443973 140617827
259703413 129996016 931731347 606643987
731353282 259410445 264930241 213980109
279387211 740793872 160025479 983385007
322089372 685294408 870655435 521453856
580048077 695375207 603110168 914742569
573641067 818990938 41061791 206086679
686514728 944183100 773681214 339318371
173793259 191769571 379772506 634846093
683077166 38631454 948517005 609121625
20211557 100562515 595376673 870660378
539761373 687934525 503544827 173711426
2520578 563895522 710090043 488119209
15969349 209270654 836049358 521946930
322648611 776461657 763744629 310242212
768385429 52228071 605009945 497380193
43624256 686641445 224734706 353228991
470006037 578413027 374140171 250373078
638303822 496597481 74799229 939213023
277331895 123740294 746015748 434834069
370262322 694151187 864604623 184402938
362868115 697308580 742603698 606676543
721270076 137270402 138007908 634442783
597839887 486405692 223524151 47683330
180455859 198678056 726156607 107396521
502871915 387413965 257689444 802768787
615067294 573550990 808600697 775609525
324107418 858770860 372413974 520733455
708837173 506375917 411547938 199216732
168165627 124533621 611732877 550920008
190394188 404850936 112222869 345427369
182680599 200743277 912655025 946228781
618879142 950061799 141012143 405771344
524535867 848443187 578062502 206904182
203754267 571969424 127648995 57783611
393765439 930065044 639476838 884464470
170421860 343107575 761187371 76862752
53770207 892147075 275777289 542204416
656541594 813517207 130944461 344432293
656414785 82269738 881694971 795375997
312408919 55722676 234649856 611999596
388721317 857962981 400165969 52696038
652517970 35990045 968454422 917985952
295357227 879148295 753267638 731301
726499477 684351499 837130944 841012445
370852623 811319554 206788122 588119974
21244945 360699623 618150749 561556876
560348139 931389166 123624100 811387672
546366074 883027287 6533272 93016322
95930126 243123089 24654816 197894332
456815075 211960842 20858684 750887967
53622747 484437337 252057731 175495187
65480209 905639966 192036570 272301917
368507872 7537893 228046288 508711100
44744565 866621807 324309147 585386542
389057291 332525985 124778268 173341079
348396708 475022468 155608738 856688437
110612985 305381119 437491571 892918540
86708241 877521129 111141248 529124013
725496167 283434972 414047379 160020967
250306121 729979265 694250459 308019921
649736546 25451832 401048273 138626118
341042619 823709598 55872288 696841190
407705517 118774935 719514647 181846019
49445482 945553585 41978011 543522194
243981658 15566752 551841326 95470642
27691776 777706440 131390051 727180514
506181755 265933475 793781805 582904136
655626254 695968643 604282266 32253025
415922039 349533287 283485622 978154431
245710297 216547774 543373344 164477170
482874331 860722931 933028370 435921635
259681516 844121476 871677481 756786535
137993924 187494300 395600301 927446239
632075771 446041341 998095078 774785592
599319834 188717401 889608667 644702532
749867904 713707448 156467574 72072214
571637211 984591605 131842971 729510682
280036751 646764010 778133202 840033860
279634721 450417067 280552335 266589851
628492252 103427521 814622697 365494453
308634824 642012092 423662814 602657785
413854865 635908497 716626779 44302392
634811764 52144773 561004925 826085295
489329445 895202441 624719737 310783487
270327100 494626557 648113624 163799123
441710852 956217133 176525781 849018220
147608139 886618321 804352135 534829389
163618913 138078858 18992087 681943873
771993330 918658437 750339616 860162166
623240813 449347053 397125371 356625134
642748684 546401884 52218224 137154583
613776297 107981199 26620957 211310404
713613086 742952051 530712675 224064827
69547367 930231122 319254647 966282306
568237717 128985981 574439 837687580
335354090 635750372 642664618 801239128
717559246 693489381 846335569 533445781
15378585 904046685 721036061 951316803
549009354 301406609 969777247 490758395
194904386 938954687 229677486 861767213
226947560 78765109 138757960 364491260
422545546 42844934 546993263 390020110
552688663 111218441 669603724 304119102
399819181 183688995 776196342 420068055
167986096 944216808 446602552 66235046
786284552 471108952 565792646 738381289
384088701 539381937 869209779 305385368
605327963 693215002 992808755 724524774
713500143 734073811 838651905 979933356
247924716 912082765 518098304 629364790
70366787 307410500 234429882 677096595
329739461 183597834 395955415 149593429
655409977 600262046 977688894 683456011
162532506 730896570 617467931 660660509
64724085 188421618 246083426 758635807
703051984 39552934 603152725 596495648
112031020 899287484 364938465 596203683
202511214 410132424 856668918 805735798
749635144 665959146 959620447 445652107
770864739 101564606 202065852 659099730
796443909 318196620 352745237 62573768
216824747 552759846 555931773 303716758
101720522 983738842 195264462 495936961
772226714 286205411 405518035 820255181
284454981 409126343 462008591 349820657
414242929 906074851 676030599 81085718
537422081 73759417 685295083 695047531
578746815 351851395 995035892 781377098
433373822 158491099 607641138 986330953
135929493 184640897 510249572 857794096
263290193 153978488 395218915 63119492
388557135 313768126 391044657 45411936
777798827 134598420 433994869 79077519
574485719 614304127 452608850 220165251
647496702 721686836 298929514 886955539
554383930 142219265 285944611 524163169
448151419 715715531 882225010 118093525
697230635 262648254 735995759 204625045
56303875 26252101 407305301 737717667
746858490 898397349 880088679 883470033
444262890 771279309 772962887 653360909
612589361 49704862 110573081 127482976
145759377 939779514 979699792 515962774
288350436 289349781 710653875 499870333
638088621 306747728 541948025 927856
387206646 396342418 128149412 705990441
554410033 335575640 342969763 214569084
356380274 983078561 181019728 833690670
305400744 37774215 687710426 976099872
138506096 479028871 131192001 996455228
796824381 596869559 755159570 883599904
485486193 316742478 797319816 693752554
77526917 635567673 537708005 994903709
17405512 630777012 939205080 209642934
449655875 497418556 819125163 904763568
133858359 257319866 426598880 487911684
799849509 814080108 145290836 405420502
103602587 667598950 809485841 33669205
192607415 786734427 56110733 360091138
793935352 782994962 248108818 459729454
246765451 392221407 55163914 351772530
221005787 699352419 640250849 471165320
50601514 560263982 59501517 693539841
256866449 750162612 872145938 964978429
496730347 441829489 842070162 728344560
485590672 534813080 313683052 110477903
533187694 824523732 53150450 778241794
373500727 420077972 891975922 359418319
176743111 353498063 394336812 911163871
413178791 311405268 128696067 131969262
200852650 179498254 62903876 586005561
266292077 474348896 747516598 453745899
476938740 365053677 455069872 955955935
648424263 485039931 643666291 827945684
766377011 410006393 796862709 555126874
165261452 269016386 835100041 303549297
799804578 910544874 28790601 832918398
628928392 474773130 633104845 609662475
740743440 105705634 568940234 176485911
308833554 196346284 56187564 88236711
614778180 349431922 75101296 409233473
211939898 913465459 873729211 724000708
430822704 206425982 543442479 334425187
497994899 899762112 890564776 576629624
734338256 167151979 464346157 895413878
480646768 46501457 675421282 996827193
695101091 788089183 808244990 417169184
626582849 3792453 75982665 397545051
768688965 754512089 139536125 877032141
46149419 99667762 15781292 453361358
427537803 550604036 171213039 410104880
517238838 446285814 554239942 151242373
189845980 18638113 353429055 403407134
637351017 515211483 611520156 828838268
146142040 601820167 594996449 419773618
197371308 644176564 140833183 935294634
598955492 697974138 550890181 44919586
49908100 451357772 444232795 153682297
389758290 897219413 571423024 225261498
127717122 691418705 71377382 481297010
230841966 505253287 51202093 827672169
409075496 150745765 122816423 684301911
236942078 527777609 847034465 419226792
19238429 608524483 239100425 330980094
486615333 269354629 511235030 408497010
33876974 210545115 509750401 811293629
344124345 993549541 446683723 81908208
322988812 158352747 800285390 35133469
699245714 413742837 337576237 137395257
20983113 537881799 855614822 507473790
243111907 887930158 956830156 132205565
62460969 996443672 648991765 227610758
735575639 462421671 333888404 476903199
140023202 844970765 831935283 650098306
199192079 504335185 209397930 127686996
696586474 131872067 813034286 295799367
506231202 452010092 650941943 745156468
88931309 705542549 320716218 470824680
570491295 957828397 184126662 179677133
770520830 690118491 961089966 669358274
692069732 637922100 443775241 655290826
60143637 748145351 195450597 765130317
363764419 264403435 777895422 399951570
64218438 397997257 501842617 437658800
483073456 619466524 51472503 693469767
253611165 821990288 33516231 930181667
491758268 587647196 677317274 19429760
563578984 25409207 316760236 244960201
243597815 350340533 3906145 146201278
