518 263240186
227831378 203864638 209261675 368000416
17914684 119457620 394924332 673811760
86310042 918661865 726262353 260922616
54340061 319593339 336417743 904914599
18145189 495018827 213420356 407097323
219344132 922918580 970280868 512104302
41889613 215387371 454601153 180790501
3006100 164546722 436333471 645572932
223469647 935397712 499767865 319271165
89072986 291146922 219516787 736154243
246763733 144540746 825363323 569191717
177398971 283372399 226683201 25636802
107926390 844521704 694582422 907315990
105973399 485250254 179439402 511639796
96735833 70754619 24256279 740617935
17528806 45577446 813426457 81262628
161428037 947447460 238784907 571292397
102566306 184191688 28877803 839338700
33106828 531818339 737071486 42416864
234477914 306488242 114929935 841712074
204195324 294543660 891983989 210362148
13598404 884006148 819849798 611132503
234169325 304525814 390578322 876734966
130157191 442471074 357712518 56775631
187320026 193488998 758681923 968923490
21804389 270901679 612990469 531670439
86735858 990758762 877796698 419181542
158209306 605253508 986762669 490357140
5511677 568557180 590402566 544735152
54497108 243933245 406066677 964930081
220312049 517868126 150785012 549581873
127147941 988095493 500137355 729666007
223976874 774804062 58878502 65231718
125345128 242569778 288280733 369123067
1564142 93260934 141277891 123708058
33220235 82560547 599582113 123620614
61552415 329915319 225873673 965042154
195525849 900611930 638295321 294748606
43350934 239892464 314027632 245314310
232504460 720307494 611010770 749935806
100995101 734108344 351622777 395177005
191216532 464321365 265243089 967589663
108286282 355413060 198553124 621782747
7790602 985843824 52919975 393491216
117533675 584474298 885873092 398219710
230979592 136190661 993953378 799087856
125696799 300116083 836925217 878770934
25772215 465844835 432574226 365898124
172787535 28481782 237600255 953669339
170642666 790351338 833451918 879097694
134703765 275925052 322486361 854980031
210993761 78075148 549194552 406403912
33224790 719054034 572169291 161845894
220259017 223574839 393147856 28556027
223152445 122537138 963492603 646512532
256422867 619650200 742834831 917589149
255540164 691128547 99352374 569340515
232380083 20051903 71099084 274287927
110457734 536304670 966807793 876473131
243136476 876393128 180009875 844154695
117023031 138520626 131790419 222273634
201030954 372812443 149309897 292110960
179087820 896860833 947239346 599656144
149434536 88210941 809450980 769285419
182064043 565930493 372289404 618733692
80957635 530963164 260520415 33744506
118841877 898168595 41534646 502870687
153145129 123738978 465210360 776345522
177474556 678215403 320309358 673631428
12554788 2427902 702681979 981242339
23047816 693965449 973969556 623517336
87209025 909195665 128445776 994059290
45075889 302087219 165784086 986561745
44179875 524340108 44909616 750789726
4760011 538692638 397155065 29536223
193642022 631712881 746574028 774690559
178181369 343575958 102778250 557025796
140581126 849327998 529998615 830145206
224058440 843144927 775834125 115915212
33701312 641495790 996989435 108186293
182823669 808922404 23100479 713446554
3890615 727594870 748116315 524420327
14929916 997038968 698772592 48150724
115955512 1832099 82028098 250655389
109833110 475527207 447747647 28947017
191809553 341778330 467890464 119083087
191705597 913342918 671947543 753572937
70526813 747912268 549795579 842148932
38287170 166196153 143446156 839453777
48617080 846015101 878916037 383665538
211036999 466771913 212124343 53685907
179077889 341348740 491679885 956805142
191618271 575179836 940221607 408964146
217119851 633660828 810142406 860317069
189218962 721454011 342850978 337866031
80802856 738427022 429984720 276822819
61461479 952860542 260274267 475734518
65471619 119647165 588095601 71458391
226920681 656631407 517692142 180199655
91257198 68541358 201917839 532625891
147652736 592228773 47433015 568896582
113153333 576661050 136181226 676343045
118936111 812713806 678635747 460680625
19103616 95157533 254980333 106910495
174516406 556935555 411235137 302716263
115661693 562706923 128585220 457697782
45136525 631403205 30680150 477971641
238087219 878037389 736640909 958923189
199218234 26003574 20165015 366257031
235044677 600777739 344132732 855726732
248977771 247592706 143582136 48842658
68840504 617452705 859839916 659820367
162595536 560250191 415439680 227970313
156598733 123374856 768351922 769287463
11789286 709253999 432978145 750401533
106870435 902876530 410804725 806226608
41558635 57597099 466337201 661756383
38946952 941736868 822578977 742682434
194634535 919607533 952590486 293129994
181461159 138890223 659661297 450187612
110745412 134196955 474008221 635291590
206047123 395305359 45962101 925163281
153572921 200142132 149219622 862250593
30251646 232272099 579508239 631741321
199136522 475082204 426297918 485141112
163002358 644865777 953125575 677849382
48900561 871155796 263619708 842260050
164734235 24759513 301823328 865468486
255312116 307246417 660523734 208188220
41776463 504711150 46554855 81733837
224239975 232808842 440684451 445119505
112573157 946059373 661435441 246661363
173464364 316860236 526488544 626404151
132326699 582863214 718582037 36384718
170891467 424407956 360576524 963787280
49008173 596392411 464997665 324810046
259133977 671072076 892614340 455353775
199593933 361566608 585406110 656911377
130251360 543882549 300162424 713914145
2602886 554088637 1917952 589031886
362417 472122575 88581638 1927906
140766571 160975786 985119012 130334104
55281304 454953729 603912352 58066092
129601408 208770551 595874708 334444838
56373448 994989849 228895344 561256652
120482521 135909129 118740736 674942227
64617723 939523497 969700531 299068242
248757533 914057487 303467876 452680905
136428290 578413785 655155982 35918781
67270757 336987918 73595361 831431979
202971560 147144815 966606326 316991475
176616237 250811537 91861957 649334984
85570634 81659325 577370801 400940614
46824615 684201070 707848973 255192095
199101945 818123148 606003420 724655356
13991284 775338250 599227955 503845659
231122384 84023847 642160982 217685740
147492138 171834865 287706393 117881944
162713848 554526385 296673071 989195309
217481366 7571987 534868375 396487982
175684433 353222327 365497263 876181351
101791267 571508265 683237942 455403455
118782696 802313606 917243962 741264254
191660238 750305484 826697034 12859804
96502645 648157658 673806209 472484580
261714184 512029533 534622334 202876316
70386589 526533797 785159073 453365757
190663414 106117501 202997271 994542911
116606135 425246689 488090959 386103145
70458886 816043304 55101706 473307276
9372041 991554631 473859662 684642407
237522526 119091628 937745032 449556589
35956417 174105025 880503380 570725463
116075779 580253609 211544508 267173565
128983392 144291191 611368689 561382880
119795951 895959454 853702985 978011622
196112920 377245277 404291080 268088160
233484244 445004683 851461232 772380952
55742221 55224759 733133194 161150686
249399140 970338646 90717184 215911453
173993874 158411933 405739950 831987228
236110713 558071967 790215570 331230729
151801731 328371622 926993584 32338805
144428672 797770118 907349673 700477950
243822314 130026193 646463578 239529842
88631205 435337399 762557992 62765377
70166101 817702536 104217247 390121369
136677122 323713104 648109127 796909368
160295303 70851831 45488230 59491284
113803555 196756104 753018783 55968131
106620271 65952262 75334849 281991121
184581986 36520526 156825742 534822495
1935449 728906907 987127171 104141946
246213516 155571049 68856712 488128190
103635790 735611969 238878790 73693558
172211778 763459050 640179163 569959480
205447773 377441925 727922497 677412621
57073300 506849146 754840875 747212286
79394209 332088770 921649906 425313381
182663262 857056167 478018709 168261523
166862630 618679560 939538416 918515052
74157889 416250195 302666574 350287811
250831280 429422828 474754074 871950836
158257810 906774608 732281527 634141277
225506172 296035181 802125332 525086598
207041479 522609726 485266076 963380058
242070453 48013979 254562765 396404909
44312134 393034908 402015435 510850821
81870720 550744987 266875590 337572544
200075067 541963142 580272395 498831681
227470768 56093721 255305073 38297400
183205993 833592974 997896596 150286214
179303234 62579017 552013340 354421161
175227762 934422279 143991951 548229626
223338177 709804367 628240316 128535386
139626467 489308071 239962983 415640591
48071954 240220536 142038534 26238153
80681802 625823063 255217739 983083630
160403722 978896106 581412402 964637318
91369458 466750173 767504679 304183050
246703473 168640332 888119984 293081787
93915788 743077445 499173917 560462100
224257897 27365707 480729093 125308849
99407071 638194532 871415511 768896123
224711981 564860694 490909703 100386959
260303888 749672363 126757341 680813338
110672184 894032232 876087050 414757761
53720784 969072234 716244261 15501455
210780654 544911214 937787655 175246702
97785608 776271438 67788166 143241618
92379928 835968619 819279852 483438157
72486723 929902017 613666929 683668747
116661064 663673133 801717385 760254055
12879876 774579662 894667513 903265613
146231518 99577498 293322796 687533834
68934241 587980187 425780733 929713132
185561798 826454107 923293980 825809735
190466964 724727790 428453597 556747379
163614460 332470590 320026537 547430750
61789779 473529288 369703658 580712445
196562405 90401194 95659812 88254961
126948115 890754960 471418331 103733103
203309481 997471765 493511728 264801599
98824914 934544039 193053339 600096087
78561486 242785213 375479448 228638442
225310600 822081788 311985164 474733807
88249700 41524637 563334263 609242454
94072797 868156219 452769443 445367325
26352679 174923024 30296237 288301301
89824999 958738107 559185030 309075482
22021086 89943703 108307103 96917620
196542950 288287341 21599813 492924908
108762496 629880743 942814750 337671568
121023072 358585635 133880671 125606932
137616478 60979878 456053540 141756529
167692601 532357023 618780264 383398999
129587522 91772135 240959289 461206157
153540479 786828759 320283307 429481188
235167810 729032104 302180558 6505136
135659986 560116480 602224644 464248665
66808474 913744018 38826450 652580450
181356661 136335009 148324891 969178186
22003954 834303349 864778055 453406138
121242613 916013798 4421355 769297877
186111707 561548624 370508584 303257574
43489852 113700457 224121077 890429204
49572651 993899379 90726734 480001136
59839965 576826820 436588413 858134986
120007693 163474304 251914482 751211817
75265776 66679913 929958597 112852114
48132728 573864143 191647346 46456654
150172139 948243100 546870678 360463995
181578745 621395136 109802215 443397803
82072320 665105432 34078239 308409649
58521754 7044638 159281327 336501564
214192997 739913019 363503463 111462075
186027154 710469393 412548413 190534719
380245 980748480 837393882 738842171
158635223 178318902 665048607 191749579
159335478 611688120 810589883 899205864
63266071 988483885 842220513 642588460
84132796 430362624 956073530 864638010
213051765 541469896 825883418 198706565
53474792 115809626 453818627 398406746
112366178 703746516 417523638 655828458
125974119 109441404 211134357 664399767
241364627 19633453 703600405 376095743
246978277 259318574 575264206 44697074
43349722 724997574 448401854 279257701
119128417 113978525 766482423 689490957
181981198 163386110 435369341 60775779
59319547 851799535 29893149 286245279
199868794 817452793 683755368 997059589
261189882 313021528 586635471 590512346
227957642 724739524 631477153 992600844
174571275 615811472 900287855 71736125
119662102 654945087 834395396 695839181
203452046 466094238 203913678 390879623
245619954 930908309 538995479 633822080
14886405 932481741 89896138 576745768
208405105 515719022 27818871 96325181
252521006 237404555 20821052 812049877
137732480 295951565 719909239 603892285
75892255 60481559 559602900 617420569
235555605 694410329 962018392 193638169
18318922 833933754 766475236 583718081
176570891 986925243 551219988 205231860
152867648 681563724 128573337 902902539
242082146 702102780 793581334 174112335
78749092 487211856 859266962 127313145
71490063 527431496 797962673 776401398
26113819 650734096 986186496 293792066
235074479 402931863 181772598 706157415
166983050 154619183 583500526 445947344
82318094 949537790 141499324 474124619
101147699 186644471 670917137 155906096
194653373 153046748 558440212 857523061
191756223 269504611 638964264 592211036
35239902 656204877 454138841 764421277
155465510 944320371 609463597 247208999
86683458 659563115 259144965 137633058
209068290 394757038 431851811 344290396
3896325 910389475 775123589 397720042
71822558 348945426 723604118 165828469
235666717 680270681 572638779 280470813
261764053 274743541 194844564 248553657
13987090 707608886 713315398 419642657
90433043 915193731 491793905 413102998
162995581 666815441 958302439 167217021
168737426 248076871 497701013 945513203
238695950 385833380 526189265 938564477
159282430 32719620 722694549 10971224
122694161 349258306 609216492 25429948
57110426 792860134 816986625 560776383
155276779 57841994 770906627 899991610
101699843 599003873 462948748 356151223
159249225 966989239 552273163 696267201
94549704 66076500 511917339 297655094
31017268 407025707 448060477 868339812
6187605 208817635 391515577 897556376
256930361 315005462 194102863 496781403
22206710 141509007 331882664 141931955
91037723 420733628 860958097 888179553
205694056 569985407 743020280 766479391
129427338 391079260 777868085 733206122
39167739 631817523 555042986 770479077
103866911 662142114 511071053 547226518
148660658 249496897 108657014 530970907
9873163 382455811 772430428 849431088
69952816 31107524 831711474 871521284
49225206 737341413 769804753 827431456
151733901 551898853 77912248 487202252
115670132 727349320 600462158 663655687
138451386 435063958 896778939 872643882
207186414 762412931 772633264 88675098
255365860 659970776 569518621 433202387
205050629 816897179 711710496 682769080
47976643 652472570 814371596 157531343
58117557 528500317 687375011 581908207
157698239 362914700 17208125 974327888
32218610 629632614 124574176 68284510
263038765 815159411 822780901 419390762
261344596 351445883 889516928 500011137
43437191 889910485 653871699 540248488
197884799 723459405 539610135 544370399
99342347 849727711 172910379 812511206
69387174 432070975 364921088 356415563
131546058 521461297 809667931 423707041
17292482 698091148 199717448 5235507
61134360 929182357 819814947 583299423
67406264 496717771 659180940 53484956
244447148 304597003 151440051 554736598
207009627 771367791 704443592 246042162
226795327 764416580 411921723 406153654
202433501 257350447 650405538 622101861
169999953 496709371 173892754 235101632
3653788 108004037 720270494 752694866
216695610 247491400 592267328 170629180
147502174 387853983 302774333 281626595
194920921 544428548 800984690 563383114
60168315 715830967 445052661 162566198
95327377 419034560 279760686 634964333
169321949 883737731 252181034 245477561
135381528 907267664 198793989 577669261
4412133 884179575 469922001 14158203
44707731 66736193 866532615 311686880
135210562 563157724 883847526 945762686
31700919 305691696 688030356 395433477
226958771 67972468 447426532 203602923
244209439 533301957 913723449 658315477
170013906 246288263 575984455 302086949
176863828 230738562 639821576 433751582
17240151 93212429 791990421 513637585
169364410 621869678 608022738 874423566
153488689 902201831 336138528 41474835
173142188 77401359 31903217 624416703
157074331 878675714 697185346 587409759
239494436 657679090 206610004 565500138
237524258 371181991 746979478 913873490
197523412 816293509 854762923 247738743
237063810 143321101 407503643 88646711
61696450 749094060 188730799 422584615
80167201 333057676 763096812 846658078
96998428 982245284 269290400 380802061
151606119 176500039 293341520 850211642
86843185 74043380 554573488 792818010
242943733 994421462 885890497 377524023
113436187 352078220 192486848 992989042
107973579 251417359 901804382 803919445
164819129 14743042 268854184 31654986
46070769 702865126 126217230 448068438
229985291 380239766 817321908 623766029
166809077 301337598 895916511 825961957
90741131 252533130 11675963 699031197
23381655 697150705 473785801 399690985
53925761 188915880 87934995 886976590
68632519 469116836 620697354 282988904
190425241 882617253 757509591 146688388
74276985 734299420 227801479 578039059
176060817 374647467 856259542 489594361
78925042 256832512 467242785 970928773
113895834 443041494 231379175 651293622
187804183 861301286 303633510 355109695
5344791 519525171 479917841 659838138
29470205 780148154 90958638 470259764
62813682 866057530 365823793 647284832
80178693 350689454 209524030 400335918
29789772 986486158 663727290 350246920
88289160 841600527 688878671 167723268
200488633 318328789 55012391 537877810
61701643 229949908 144752408 831224339
255796836 475614887 688214704 703842939
58773689 970613034 777459340 417355806
205202770 761354355 145564946 587891800
71828025 87730567 317145214 112287600
71830705 508484062 778040119 754870455
244889203 487098559 550345345 640851623
94558424 352278562 180479087 202785280
10232770 125575345 220218044 542706402
237303138 347384824 458720889 502719900
159708017 933848530 961800169 73339695
63536243 938200240 619060590 520866221
248972311 259605483 102953621 582464067
163184299 25789994 942183999 748160469
66942257 154823245 838058841 884384385
113702137 592895263 689479875 350325786
135007464 246019462 281708859 76874636
6825572 360677777 91819431 12847474
40930235 71654931 155204196 162981676
93785482 479642480 125708038 251981690
184087526 901963604 156385052 901379478
214721606 229729924 619753442 459512496
84173207 525503673 994742665 962482182
178572697 477946310 866588472 86600368
87245441 355723502 269481468 921758812
228306057 77551886 855196468 432749335
173578325 802457707 398309024 607822055
36880848 161002819 57457854 372738101
60911182 693698936 250958208 585684146
252123606 217082873 668495109 362471928
8015743 63872327 300025079 446942404
109114321 756017394 152377017 353774418
177353621 402410483 352414504 233307861
229306512 622770047 473684413 401573314
157939670 148813366 252553860 473243939
16872725 786467303 282827954 235585132
113329950 698318259 217998951 896482057
28723942 875526218 680260167 63809613
165861823 259678347 42869497 334420186
222757881 379132024 132653996 766147609
43237127 290325198 3839547 225830814
87319179 88592564 34276182 763275535
43566287 520306660 982589561 154502691
120433531 168422609 157798998 838247016
135748387 16723768 521157454 955600516
258620781 707461875 214170883 476826698
25686725 301594371 333603104 364836533
5194028 521788001 471681616 888030740
80702311 188833910 6489076 833508252
109178217 180444651 651865895 69066119
86840049 712263588 110674565 206391739
236735960 423393272 738955458 165363304
57180606 390675133 471464864 813897353
40365690 435654870 117427648 141565191
96383416 615871700 296745685 863731377
139242755 53098575 39790290 957622285
103542853 477240241 858847444 571348053
217689432 133709320 943259864 985708850
188894731 499152910 435196420 849874629
200276175 744730820 276923504 570473825
196947819 906163530 574768363 739902867
211647591 853798591 468428768 239326195
252402086 932057725 678367591 237825727
42935205 492206422 254560940 362535914
223322195 962321634 42236268 867788132
227471889 655263128 606693366 939397097
159540459 931786564 75658446 756687803
108343343 835462887 813463960 689047409
66797476 420624728 205743675 214563899
47875167 563303832 211803736 301833699
93001068 753306663 378527814 199606597
239678848 227083675 40937627 36184148
186687232 685165535 709113230 224134887
263106458 204907374 362888953 659764439
207578878 719941940 238243313 251981068
102883059 250487226 29522560 715641802
163800464 666322203 384036366 312670696
134159066 524314032 926717385 74488216
199112595 581256295 460735219 37968198
57276578 572233282 48016919 88187201
219810974 386236619 256868755 387776536
56784188 100697545 93554355 373059514
108918967 449722127 275873334 735427150
115693372 235978242 526233478 816483567
115478248 906790102 340985338 108947178
99911919 13242978 22564390 283192385
207702585 205016803 978609199 19250472
7548179 238234847 441123851 255632847
