36 990752931
910959296 1141306 989710373 35587
119719065 2101568 990601545 1196869
333609884 2060462 990543354 5395060
138125104 1374453 990698538 757117
599507512 161171 990717014 1582476
624302442 570035 989058668 29330
668609304 2075739 989981851 520719
53771863 61153 989410099 4374413
595650826 1016126 989727062 436134
252764680 1055475 990550573 405738
433371642 67023 990215538 1016159
627679225 640065 989648454 327733
21355030 687885 989405569 278765
151874191 259847 990204091 1004904
924863684 199135 985394809 203858
821465250 238379 989783097 912552
200169295 719771 990299893 645975
172970771 1004943 990427898 1519180
760592365 65451 990035678 672178
512065882 456147 989358789 1428700
756308904 60289 990155242 3245462
762598832 533576 990240477 652616
275929767 326734 985411185 1172984
429387091 60283 988918001 398785
468834665 1940361 990435201 858456
203942825 823993 990397085 190471
652692192 595479 990645400 2488683
606256501 2409706 989779964 106019
686112094 2257402 989414849 66860
58835011 182000 989625327 553067
507262541 138180 990174899 729683
181967620 2484828 990134169 45213
56268055 205022 990508049 1364422
338021301 22163 989994233 495448
156354261 1457992 990173046 64401
663185270 508354 989267955 132685
