460 585038364
343543477 1009418 584311885 65142
59678276 1605572 583956391 854998
201315485 45787 584985693 296959
243913897 585988 584856745 297173
39917730 1203090 584309332 338660
430783329 252857 585016125 1904958
515720816 2023952 584736899 6786
298969729 82931 584173699 137673
556329245 752481 584553764 69506
40964170 653980 584801633 212153
226256514 66928 584797929 130134
216939597 251746 584540728 546170
111870332 87394 584655606 2620391
204623911 368712 584239393 538484
315400096 91081 584202168 615156
552636578 589868 584960173 759672
17115693 527616 583903468 1913458
287163885 250031 584929317 106009
357337584 260884 584987181 52796
86738347 38457 584646222 1337098
299955436 690783 584961466 1166646
557404497 1658187 584705199 384069
353486023 1087964 582546110 790694
519194591 231694 584869336 633857
353183367 777330 584598900 36956
277719278 645788 583756493 341981
405367767 24176 584595688 510981
150531012 463425 584566005 33595
379964603 161134 583865249 628652
20581222 355629 584730414 135889
540528547 1254696 584950020 1160593
105213601 1712 583646333 313309
343777019 331306 585038241 533001
529996265 974734 583727087 200369
584457980 508895 584696762 994554
504930601 30499 584251506 688738
519580377 1123590 585016411 653607
70442676 649106 584704058 133830
128004249 204974 584903546 280249
364898089 1584998 584787202 720689
461354443 236147 584972464 656058
255129799 14655 584738200 1001316
68591000 572070 584752279 896157
191132083 781413 585034543 949846
553427539 378101 585012834 323346
62786367 601119 584561127 569158
6238981 1020676 583937244 990261
185524895 410434 584665610 44201
219378851 803046 584381271 348325
157765931 78574 584892730 156689
84551782 105089 584703613 213497
181272212 293597 584975343 837233
347750554 1511638 584991059 304838
461414284 78605 584940507 1229835
574879425 548961 583458228 71358
258039256 1040439 585011005 293769
79692577 369175 583873795 129503
549763878 968959 584513956 1632595
136606316 273401 583890083 450140
294146418 862832 584256341 1616423
516074981 1095441 584563606 1147461
319126213 477469 584832530 353703
487220772 351385 584887372 433510
74125877 535996 585003176 522453
125046381 319027 584962338 1629337
495406297 347215 585014136 67764
482659855 269421 584960521 510462
414513179 633716 585017498 1175365
427042680 1072486 585034273 54235
580879408 192374 584857742 216176
524612822 1092690 584683688 449476
492323550 68905 583488573 122685
563387394 159312 584750282 2922294
304632760 948777 583430855 2220107
28434430 1768804 584879078 488407
326554641 530071 583735357 599622
224798511 698238 583592585 501448
545239379 198879 584141740 12692
71400306 563565 584450430 67066
157409753 183302 584959222 284928
70406782 532341 583728258 641726
159120117 1046202 584877463 935278
270516073 45947 584868416 155998
368025112 820045 584398439 1808619
373393012 368894 584207793 1554951
98747629 497629 584815171 429841
220153448 1143987 584760624 62026
303595718 5956 584696164 1179420
128077699 1261554 584399834 1366499
162264734 424441 584461487 167827
378847656 505799 584677647 1458047
391081035 361603 584829332 1936093
535839426 988863 584902264 322211
492789327 1093277 584623374 16854
199837801 422035 584540670 636273
19357870 295385 583067281 353209
348017357 443993 584474739 520113
189592097 264429 583339870 814115
155045408 336796 584492367 346581
258516682 282526 584024148 1411690
134835704 1147899 584866856 612625
233816514 130588 584512478 485439
237716288 959441 584468774 6140
474015654 276783 584640933 262407
258973498 67823 583967403 1228716
481229740 33713 584281508 1675474
530535483 483678 584947085 245103
221782970 193549 584025143 108676
104906301 365724 584264727 480488
61465285 6109 584770323 86575
179629255 257266 584927218 923006
338767832 1655156 583463636 597270
22014418 2844198 584729394 700812
6813464 269110 584911698 208480
239081044 1430615 584788589 262270
14939773 1688575 584809046 90162
316587888 685495 584641974 1436755
413927772 75930 585013193 383952
530367749 635535 585036265 23645
512348127 104809 583429622 46391
534373369 130193 583644912 234918
200640420 229281 582333540 596218
530856541 344562 583986387 164125
268424553 616373 584910200 123724
230496567 1098165 584921699 1300266
152442496 79725 584997940 1721506
375506571 240729 584631353 244834
374827110 275339 584076991 573440
441789107 757847 584706143 694607
553389786 155381 584567199 3248945
337298053 101493 584117880 153992
350889766 204596 581988307 419826
152890606 276478 584721404 306067
473444875 196739 584206192 1480499
271117268 149045 583673474 903096
530547741 342532 584707767 105015
175410538 357263 584147534 817910
178997197 37667 583756451 65058
170559649 188677 583115802 672763
4523442 6048 583853846 628997
145408925 411100 584060755 283475
506472802 278635 584817274 1197427
491188566 225380 584892447 929353
32925835 1390779 584176007 75164
124797036 390427 584963565 102290
13939320 206058 584939484 390005
556210014 208969 584923075 1332889
218602615 1592382 583320422 63158
132693975 280145 584996226 5941
400717648 485426 584594485 1366501
223736945 70525 584590233 1167155
234232029 355365 584929394 186755
560055173 339501 584846870 41549
108630838 152474 584829454 1168684
86503526 407594 585025406 1615613
448758621 359962 584801873 20186
141097684 97155 584913245 801320
329461512 8520 584797660 316317
553408847 857832 584988610 1255498
223165704 2190596 584623472 896589
258778690 68958 584585662 745114
156516227 246319 584369810 308547
262205259 43631 583812453 40118
454578268 51965 584500227 229341
85507637 128549 584636878 547320
434023997 1377834 583401292 165175
76561405 186140 584833692 428475
335128677 116957 583045289 170587
77356556 418931 584633296 155489
390216275 150535 584743219 29363
240889050 2417609 584680676 75571
252639843 782298 584676659 221450
273238752 344248 583445819 2433540
1535092 27561 584912666 276191
358066236 341939 584209956 1093846
478713508 439253 583554466 251675
354049938 102854 584721327 726343
143191484 116278 584181095 1000189
246169730 232059 584527573 1315231
560940003 114245 583290077 1183704
385568120 435430 583030800 12117
234041960 131187 584618499 81667
108369001 364305 584329096 123819
302479354 1673057 584881862 232984
220420582 126689 584966403 517892
341413727 357399 584904830 12358
125100242 576748 584169415 271232
68951487 1067592 584804368 1114905
203978336 111998 582836330 232117
328610330 1424421 584737804 300617
528184365 221288 584607143 1357959
503600597 489961 582865837 368561
25182132 573583 584813777 1055545
314024503 952811 584777776 592283
526798583 323169 583140879 290042
332905277 159023 584549039 2563670
178985885 75660 583374164 461735
158826670 267225 584685007 233690
121961937 173421 584705081 401066
486544957 444710 584813395 160517
580447603 1076475 585004614 346358
566608465 758218 584780156 191827
303125314 87474 584784912 48378
543778886 916926 585014635 772816
211196855 304908 583760303 14052
260556575 544326 584760127 409602
30683527 174204 584863821 286389
111471542 389080 584934999 847697
220827227 111510 584678821 224018
464117229 636060 584664125 585421
377423645 2162927 584857735 72825
265961397 661131 583838551 579801
291328546 1063890 584806477 587953
174752626 88892 584726468 514277
117169873 9294 583347958 100631
371133587 267861 584311885 1086094
437161347 65693 584977958 342818
580591068 2452164 584600800 89275
157458381 301974 584651057 686520
414869830 52013 585015862 191266
502500420 28571 584342297 412279
468406989 836417 584923007 1608042
511056808 1877061 584815252 50895
449061255 647899 584990999 566468
2528531 377174 584340884 33978
429939400 408653 583548339 330148
327736811 373067 584723724 707230
95424781 2340515 584957659 1344356
132631125 248471 584619333 111950
582750042 57495 584015216 591533
200680449 282224 584924252 257231
564612836 110572 584460184 672385
515197566 760233 583891437 70092
365586072 1382304 585014188 697991
77441701 2307315 584958421 481741
158696252 167623 584709228 67181
574739340 247100 584228718 332222
531973189 140375 585007669 2836641
30406737 531393 584314000 151258
344007233 1257402 584452563 93226
485565960 45103 584938561 181599
183130936 212938 584680654 28507
15163014 193591 585012273 639396
402289103 962289 584333831 273285
110665589 23176 584385004 1385570
37860054 255480 584825120 300832
489594782 827199 583857493 11877
514858261 683299 584672890 11245
161857579 76566 584347850 149130
540952604 970905 584923864 463914
471701421 148385 583874980 268204
185195287 54512 584109526 216499
260974517 1002898 584975329 60827
153411485 428916 584832410 129010
383234841 801521 584947865 722571
300502118 1563607 584762816 1347133
346625919 225454 585028395 81342
109130195 988976 583940275 344888
231878105 423458 580779047 28213
137018733 2193331 585012813 782815
356612198 566128 583862005 357345
336436389 469048 584509394 984097
361360585 183167 583459104 469941
492546609 1455056 584473600 1024688
310546570 195699 582635571 265237
583751398 320699 584412481 996094
255322210 429408 584531443 512452
72547980 40822 582360629 124131
46063140 88611 583529888 721679
294714456 1694475 583370425 310095
70603897 27073 584750380 1695352
434322584 57881 584700777 918813
511470368 1160803 583377686 1521185
32094547 104246 584751784 582968
66315451 177818 584004036 249572
387050133 1220740 583319400 194940
99432015 1238970 584750824 393365
25982728 373624 584525980 956369
314161891 812264 584683858 388761
315454902 273494 584917127 178283
448426981 396960 584789462 171834
516659444 2118969 584093291 1708110
257755336 95242 584772696 416139
304067614 246301 584690721 80756
285679674 315080 584691863 23486
284926052 309638 584303247 228092
243914494 61281 584630525 1651083
158044633 1102627 584493306 758177
345715110 132669 584385908 111646
367548494 39129 584786282 847245
98839303 704486 584303422 187887
229098198 831600 584595249 759607
296541236 92551 583571048 382913
317169335 1533305 583838628 1709183
202785226 135087 584232971 496870
527435334 1285715 585023038 53757
89992523 235591 584884235 231336
230651976 88706 583758919 812579
224622991 184429 584965833 261510
269854712 1932193 584646266 3663466
508801309 339468 583503021 1782073
341503850 1439839 583988766 1131828
333664150 85414 584765536 22659
391387336 258809 585035195 343130
24526603 938984 584857397 175335
2027843 78127 583877304 969452
533800069 502954 584763015 945547
7515215 345664 584665153 1251064
71297671 1531147 583397647 558093
49354600 244745 584737366 159408
65934111 184677 585024373 972817
337724408 324934 584348626 481222
6777081 421548 584715073 23455
490517159 231568 584919927 190123
221059604 425007 584773373 1469404
144182992 701168 584974360 700127
261421758 254787 584946281 205830
556604898 1389108 584976977 2116733
447026004 1348901 584964537 1074362
441422732 162771 583616820 51850
383782553 160019 584646829 38424
508623730 751684 584291143 128000
468156110 477513 584704823 18398
488472825 1589854 582547207 634942
570351850 155695 583469087 212579
459636569 470558 584426858 475714
123944870 111321 584951703 1349870
284689809 324364 584218897 206335
161151922 10234 583214897 337598
545495545 887500 584936083 1466461
453252709 759259 584065056 158881
526393067 26761 584222371 182194
355095711 166569 583526259 642961
79024479 87422 584088698 283510
292540980 212440 584043235 1036726
85852705 82644 584917252 1984270
441363109 1925297 583896783 53537
211854588 2827921 584444715 16592
260236486 1771954 584206803 268163
343642253 299548 585003225 1547361
337077494 52532 583934766 1017504
582159749 230285 583892627 164775
27234795 684970 583456683 592942
414339866 116991 583131821 518796
335058962 16195 583650053 371191
181605976 34175 584739149 221519
539443423 199207 584987214 1388474
418061785 1165796 584425256 52938
131281852 134290 584919131 459662
139576184 371447 583415088 619844
329570636 220464 584987038 100453
459210002 385300 584025274 45965
381260984 29773 583940255 492645
260894843 279254 584720286 209164
94231877 208886 584867718 410571
90407961 73303 584725719 662038
309785273 710084 584770518 497897
202848382 50916 583878726 266874
394657934 532718 584390671 776016
355450043 788553 584081416 684278
488186085 122350 584466665 442470
30647483 219028 584376320 444624
533914939 537900 584905146 278206
380604961 121748 585009804 648147
376507916 178771 585029361 209429
129180205 93468 584893171 141056
563186207 518355 582855069 78481
399811181 122390 584961546 867174
472836241 480944 584279030 63475
140421088 219184 584524228 631604
24204088 247802 584466820 722149
46256423 836769 584253370 38628
471678443 1237693 584722505 352151
453109106 254333 583478456 61548
350929631 74878 585012121 515192
577567427 1053007 583453776 497777
27402682 642480 584006642 866648
79469690 1763850 584278362 8806
108126958 107763 584854840 1101626
371036235 640474 585028837 471407
523129909 1007102 584842543 506005
477673620 24933 584721564 885153
151600627 262158 584219938 1108036
275458865 356846 582382325 144228
195486402 1677640 584540471 164808
195775916 337503 583627747 117385
506608775 1161039 584489507 1527795
29874675 578469 584436835 853663
257129864 23862 584649690 1186121
315759168 322038 584907133 930623
553871145 1195738 584831436 352383
25082077 238671 583347652 600089
290660940 423978 584952193 613096
128072545 60893 584908950 990067
479844427 942306 583914017 128542
520994803 108928 584893844 843601
107419178 2186505 584855187 455649
379593799 254294 584639491 637599
225152074 45024 583046208 546876
503096417 366122 583955493 1924
345269754 2653604 583575068 581263
420208015 1955716 584727883 656458
400522161 1189678 584929813 120309
105477796 171383 583838935 132712
156784332 382695 584907332 1131368
408682175 750103 584939142 119280
510230554 927892 583543084 527920
413088160 774471 585007173 1421871
5887876 1133459 584663224 137014
37454666 321987 584839619 552080
202331762 349989 584474134 396343
408534664 30676 584918292 283174
167252184 201821 584060847 393300
267206713 192699 585009160 400734
206351255 165576 584748293 266539
110418228 207805 584408120 409289
42823116 1130364 584559453 39997
153685432 512199 584862524 13031
538705143 703889 584945193 990655
427033901 1557105 584857616 35233
420626029 204724 584349269 996883
442707386 303947 584402576 148776
56079411 545494 584695323 1024296
450598749 101864 584965455 102603
168204971 262847 583716218 585101
236160928 924750 584555089 2257314
480403128 101500 584437966 459124
237517296 462441 584533239 712665
532714649 410836 584617127 259470
366043251 101509 584538073 1088872
326868906 62843 584832110 3379412
413574862 631761 584464338 346133
264933938 600862 585028190 88415
157393889 392961 584959000 23568
273695786 356918 583754424 2155077
356166590 579934 583116209 676956
506250236 386827 584885101 295523
326795053 625043 584994828 76256
418818997 141663 584086059 7429
563926033 309442 584562271 446552
451955777 472964 584817250 432465
64978048 192949 584679436 369574
268455146 581589 583180453 14251
344996026 1079300 583180579 369661
115623029 632337 584699301 501374
332058992 473087 585021588 161235
491161578 330590 584552550 653441
9019801 1153042 583584368 124534
261454034 17558 584944992 981345
336573655 2418109 584665247 267714
227199621 232930 584801966 2225956
26253437 1022164 584789707 1020686
231883614 793559 584442835 1776149
43399921 140723 583850097 2603251
458514885 628168 584000645 2759869
577611305 434996 584473174 78374
203107051 305638 584472271 331741
528308346 2709153 582959909 1635898
101976888 1486213 584036409 597001
556892063 195245 584580848 708546
