884 128642740
76755083 117544 128290405 244442
99864218 189128 128493428 70303
84838301 104325 128638437 162670
95892480 36845 128415943 19116
45866113 4104 128548745 109374
121752081 60080 128621644 196480
29658032 154351 128625896 216039
19607025 18878 128503188 96103
95685484 86525 128570585 49575
9151516 43331 128574347 52391
116701428 68264 128005623 5841
49107976 109312 128279304 284941
101159500 147087 128419155 4921
56756509 117494 128549776 128909
27930311 106375 128638734 308195
31004067 722751 128487749 106788
74060456 504461 128593456 18285
7891177 68583 128498516 482421
26659966 12384 128623931 104606
42918508 309702 128520240 50322
88510045 52725 128574055 150743
59531331 148367 128410267 139191
59641049 171335 128641376 128990
90362803 74910 128371685 287476
127420104 399453 128625592 374664
48405861 94437 128516397 2262
42882103 218085 128571446 302756
23189493 590600 128374921 173023
14950350 412402 128528750 182021
96332857 31258 128569585 179232
71894456 57126 128621686 26202
106649229 195474 128612336 38553
120942344 134307 128599169 198136
95352961 107940 128523908 108537
70057833 17829 128541073 24166
19269911 21893 128587283 258473
94764009 282303 128627771 4668
127395782 96159 128563836 31035
78875977 81332 128563604 74704
33222686 28771 128464631 33815
123376082 128864 128400472 71769
40695403 6291 128610836 9312
22035869 20817 128249595 356236
18092425 321090 128637211 276613
17228499 98924 128306813 15636
79628096 15442 128501498 32465
35491988 263639 128529493 3686
25816200 85828 128528534 154650
97228145 25711 128632979 44137
24316280 35470 128439055 69231
12051700 69387 128571999 56742
14561496 42253 128566337 51064
13233628 75185 128578367 61184
127513376 80279 128531079 136535
74285551 319830 128485650 87591
64221792 35890 128529375 79813
67426759 19747 128421349 109086
118750602 151413 128574452 51875
39895123 23366 128626071 128463
10333966 358261 128047824 558827
74527102 30408 128616585 284603
74494432 110497 128489621 128655
107760061 69425 128254161 62016
74488211 1644 128617551 67054
96654890 38668 128608157 12573
56476143 91681 128515233 122531
192347 126138 128310622 8915
21201634 19607 128559370 147503
125556177 122898 128414567 380
66541488 19892 128621797 247099
19840769 142804 128550871 172959
15711861 93800 128584613 99597
45665490 111377 128634778 9986
67411218 279848 128511804 171049
54296378 153832 128549958 117255
13874535 201144 128632333 103397
25434860 323957 128527136 44504
59307616 25837 128642433 90447
44813776 49612 128601431 52756
73652498 404993 128479557 265039
107107765 58437 128504138 221722
99484965 412919 128576031 457959
74594212 15705 128556327 81687
117842839 13701 128640021 32392
34931824 24629 128631272 24856
76297382 118032 128636500 53850
71313833 92322 128501272 133410
108734410 5036 128638817 314996
64525229 144675 128537389 4837
20007551 288344 128634429 1010
91775969 308316 128552178 78632
5166727 265311 128642501 615327
126993977 6876 128391535 43440
33061932 400577 128425769 36046
119362113 114055 128638707 56495
92090053 29068 128350442 39376
118861376 94141 128635118 33679
40863697 217569 128518162 159367
82539202 214556 128615639 208827
64735812 30988 128641282 311287
36338794 86059 128365974 84019
76129866 66717 128618846 48481
33779826 40421 128489044 399789
5709473 32577 128574665 112962
74606319 35806 128606677 79558
4819828 490086 128466138 91212
44844841 312255 128589277 192342
9916509 37646 128634273 63260
46809826 23791 128518218 6156
88048262 122207 128502968 52219
110341119 9392 128514880 147238
42435168 17742 128470120 347760
116549986 107264 128557517 59368
76943528 41986 128618319 107378
105186848 148874 128504096 92260
86470640 26520 128636595 149926
513576 135340 128627356 88249
73400827 15533 128536089 20954
1934366 65820 128605288 249423
118453479 16947 128609420 31221
77445921 69726 128617545 33562
24861150 3157 128642199 158534
89302430 34526 128638263 101245
100623987 153277 128503148 81365
60236313 134544 128594983 224
59106143 59474 128612509 46053
108626260 115128 128392849 65970
33482132 465575 128583553 40442
113371691 88603 128583188 87731
69021690 103597 128188840 187260
53690091 52880 128629556 27450
45315472 114892 128615953 32529
87122581 189757 128540213 54757
115516770 106087 128629270 382574
43471420 211763 128482690 9414
69084125 3472 128480802 226568
113008213 28397 128545209 7637
123985755 14925 128576255 209807
117164375 135430 128524133 154845
40059400 28179 128548316 39312
52260193 177632 128360584 623010
67276354 224031 128362144 368899
108938049 109196 128462806 145392
4252486 220099 128518706 58208
72598737 50667 128538161 28196
115185485 11450 128561044 66640
21373985 26217 128407384 217446
14376749 242633 128471299 123228
125088963 340039 128470879 113172
68922754 81684 128616666 108621
57941324 61875 128558073 57112
41707060 416233 128587184 109376
91762810 185195 128421335 348762
11268914 94632 128241842 428503
60402751 248152 128627539 26606
116754470 96432 128623848 462750
21333888 112312 128172957 4014
14812767 70180 128419694 48566
65544776 125792 128564466 136704
117959376 167271 127955100 214
102391071 565294 128400762 40681
24681920 85890 128516217 149734
75462329 184675 128640557 181908
65255501 81203 128555794 103291
113807329 45930 128556115 394311
77321400 271525 128639894 151096
117154215 194681 128555329 376684
11753379 110602 128617543 8918
39154302 14084 128346807 99243
25992371 165485 128238175 162042
47690532 89365 128635964 8777
86593380 46132 128173287 97490
11269188 93733 128394924 23626
116270079 484103 128537865 467568
103556368 127475 128558779 97127
85236237 88951 128554196 83728
7507171 210927 128532320 214187
93732202 143814 128458473 114157
122698262 125468 128452527 14541
117610109 6546 128072093 65389
117850000 391972 128543503 85082
773525 305030 128318766 60009
123015493 340185 128578057 58720
17001721 324642 128605500 215465
38037793 71937 128611615 19223
123120195 194090 128641693 465907
80102708 12855 128543567 23117
118553220 5105 128375427 59760
55426441 86829 128359898 428100
26862741 205660 128635804 705089
9609801 205379 128254921 44237
72630193 111239 128436206 175466
94838289 542472 128497610 4619
108332608 148504 128394719 58664
94353778 53983 128535165 195199
58047751 101830 128611311 182492
81444283 210337 128431160 80263
117802840 51887 128625063 131025
781572 184913 128244585 31528
9893179 113633 128498271 27146
82531751 267379 128417914 82305
90884433 158560 128489544 27046
69465209 35432 128411006 188148
81059467 179410 128612759 276369
113732693 173929 128439399 9052
127802876 249082 128554085 35942
35549633 30121 128598230 125006
30331022 116029 128601067 58636
43024410 134741 128452801 53951
100464076 164383 128466511 85928
89884378 18412 128636354 331797
41145100 45486 128592725 440180
20028474 38640 128407372 179709
48437907 89056 128473421 107883
13129479 150062 128621879 53989
27616006 189673 128464767 93613
66589301 980 128493522 14215
92088283 48305 128565806 22491
16991701 174611 128485982 252214
40831093 100349 128606883 10513
11629811 79521 128593590 64810
2516354 101104 128574602 66342
87710108 51111 128396304 84001
90043027 4083 128577596 217724
97037651 340601 128452503 13898
15637707 259865 128458927 71448
23036635 105767 128642693 14078
85421418 47266 128446249 5843
15097450 673753 128402117 393159
71208401 7028 128631888 64195
20557468 43369 128562882 338720
30885279 153009 128476325 151470
83169130 120432 128494485 186277
84591642 350861 128635140 395094
109601886 8683 128632631 63840
81241580 154331 128603555 379718
12199226 255935 128437513 70931
122019376 91960 128547634 41649
101222452 1171 128046170 232594
117191412 101059 128212627 114149
11249385 113636 128557163 141930
25856105 2571 128605706 247830
127370507 261249 128386392 204106
91692180 46038 128533395 113593
73764516 73307 128350043 362297
62355191 556641 128603621 16183
108335516 169490 128374587 1918
47374723 340048 128502642 303720
73883428 39691 128270620 24702
118770135 143735 128586879 84415
106940583 132292 128542378 15588
69503107 225128 128352630 3330
83753603 24096 128627528 10599
29544228 8029 128222257 237550
42871136 82269 128629086 12034
73459745 67770 128481340 129406
96007081 148513 128469726 17992
76759861 92373 128539499 162507
115381958 67358 128590331 142261
120045119 4345 128436632 16447
68647152 61678 128463177 36529
51637782 96475 128626129 19826
111042027 79863 128634386 341526
108341419 12275 128353482 339079
28534416 37084 128351258 235743
33872452 101976 128532792 29497
124193009 103464 128616522 73996
115537338 80981 128615971 132603
8257594 2443 128551348 172155
45392652 129264 128608613 109499
1688689 188667 128629251 131201
45035896 120009 128452204 126485
81099414 207271 128550138 43985
12462494 374132 128382834 153212
16993640 141295 128545411 22125
70193668 57832 128592162 63865
39174286 48511 128419480 208028
23063157 53074 128593588 65632
24707914 104743 128600532 19479
104214838 75513 128527329 82092
76546404 26922 128525274 53432
12730816 15040 128357277 83955
84471384 5031 128611903 235620
109218875 176130 128344977 64374
69184091 194029 128413598 230582
95895397 256123 128557864 93476
92762369 32020 128399113 19467
39694891 5758 128563582 100199
26320414 42126 128529746 59386
114716736 157476 128538043 104888
55447694 69264 128607499 224980
8302385 113008 128377446 16107
65901966 255119 128449505 95198
65996494 100394 128297689 90260
65797890 57782 128563945 2383
93729329 265366 128263474 17212
109416975 3321 128414807 112387
26993527 972 128528479 4565
15099467 62913 128284811 49298
18598196 94897 128542144 42805
106958942 46076 128517431 106582
23737222 153384 128535480 130566
83246479 52951 128637352 307843
104758921 68696 128230801 10017
105489678 4458 128616096 401836
62961511 152584 128586778 283613
46562228 77250 128472440 4097
36484279 97572 128628615 145390
47825353 361992 128601857 40599
102529650 10532 128627960 69040
47053982 233046 127981434 3544
126330424 177251 128566460 58273
25190646 195222 128568724 103194
92921626 603627 128569813 12216
4030495 141905 128536490 61751
27642205 103908 128517429 12251
76641490 108315 128519258 29582
77034889 13514 128578210 331597
107865542 167601 128640790 1464
76457368 27836 128589522 59929
19642806 62726 128617693 140447
33974831 176721 128034146 166258
27982912 75304 128501004 59976
106942609 335924 128617107 38166
118864791 6787 128590571 135165
29350449 269083 128606298 14648
91543282 18998 128470909 225282
8589041 25163 128458268 19053
66310664 119121 128565924 3496
22241348 270414 128489293 121586
9424537 223254 128597156 11738
87493762 25283 128508752 71044
126997589 195226 128625384 99436
109372966 229236 128630343 178728
53395885 83684 128636895 92003
711068 41758 128571838 114929
47721363 76974 128611520 5770
76254331 38195 128458751 103136
81518902 64429 128542627 74865
33493815 90583 128594681 364650
97662039 39399 128384991 25051
24801285 56863 128608778 181049
10355121 329500 128495661 203902
115380459 20323 128471961 95020
81420947 121799 128565760 198106
103358226 420263 128585793 28420
85838292 121978 128594861 125096
54386604 652087 128589658 479461
61961941 53500 128435117 262579
78888511 205493 128570665 1251
35128928 92412 128537982 63596
34670477 172216 128638717 194535
42247296 106134 128563421 29304
36436743 88448 128560492 29490
46600331 28756 128607239 56486
55265652 65474 128451305 38606
26965075 55618 128436389 43618
126501626 181097 128612270 343963
127101030 297203 128398204 81291
10079290 5265 128126538 412710
40235563 3913 128481733 201972
70157221 59175 128231937 15284
80913687 315797 128125367 332004
16280194 8551 128530182 82683
9274175 40650 128598510 23624
8571313 81365 128634473 87941
86797488 74899 128427010 128768
27086210 35987 128635780 114460
96422825 36353 128602322 146188
116481035 19781 128589136 21713
89287194 219129 128620314 115676
23169902 41300 128320573 143163
15018106 117811 128581754 162415
24851644 189544 128575170 47752
11377298 12965 128361673 65278
99141846 7851 128528263 105327
108965331 15890 128523793 248366
71740535 259047 128510243 363252
59093752 277970 128642417 242698
88954497 17960 128518410 235965
26269165 101837 128600437 203242
49570700 275606 128635272 8187
64848511 62291 128546518 512566
14320804 116077 128343173 46299
43754044 33952 128573351 2782
73360681 85557 128598639 144850
65683022 99144 128580865 123645
72617988 174642 128507699 92884
90820805 199877 128632433 165858
35270258 5346 128555899 63970
28410955 55686 128407748 336831
56603706 2020 128571280 518726
112739896 63270 128475493 41603
123368395 125328 128397629 65546
19383036 81972 128445863 60388
96961123 51789 128269903 5266
87532762 237057 128573076 56212
94651634 161975 128612832 3839
11786271 40916 128278561 251344
6889854 299327 128427631 149964
4229177 1120 128593176 123582
6656960 254172 128617946 65598
79751043 251229 128566055 202719
116960185 95484 128348818 280727
49787443 229024 128502285 144711
72044429 349518 128203992 168787
23227640 106968 128510346 62562
93139867 2406 128538954 64733
88059253 130465 128584570 469466
52807160 67613 128615446 186650
35442983 193521 128487978 57247
122667648 366854 128563642 18511
22695787 27710 128513987 19240
14894375 344684 128506146 58178
109239078 19162 128398080 406282
77341299 308578 128557841 26603
30414473 70857 128449667 36707
9751750 183966 128572803 183940
32880649 82971 128614190 13205
27047826 268065 128537577 662098
68470284 115253 128351684 84288
64016254 25234 128623876 25539
113196502 20601 128428582 28493
14184371 101727 128606370 274
43181044 34328 128511902 114341
68603893 182280 128186260 78485
58807363 201621 128508754 51553
56834465 123997 128589270 4194
104660114 12274 128591094 147302
34546382 88319 128599568 15162
84049496 269276 128632739 111
88225381 357727 128525909 305129
11803905 225412 128478032 258683
33811773 21136 128533211 225854
25318985 258844 128617794 16822
20117855 196854 128572741 72091
34669125 58068 128588382 63820
77210753 206437 128632151 132668
60751220 32121 128425755 70344
104885438 67386 128627228 132546
19963581 33907 128177153 9498
111955336 107849 128337803 34778
68750446 412184 128569764 223476
78485891 137517 128622735 74808
11507023 82593 128087718 322615
26030899 147509 128569434 115898
123681037 676349 128375603 23208
43854528 529300 128496563 413503
38536889 37652 128557937 15521
53809067 87210 128598879 2041
35827099 559234 128626245 265989
100656211 68763 128534317 320148
29861255 93906 128379421 133606
105861467 290915 128615970 240774
13031268 4881 128500502 25937
16760526 11118 128413898 502091
116824894 183146 128598948 35927
108249526 137317 128556248 107518
115203163 17111 128557167 187298
88401808 185045 128510935 93517
79286671 21926 128519715 76682
7021540 72288 128581824 266585
60158762 231066 128415165 145482
21867876 74133 128422511 120858
32595163 21519 128635168 8372
44411825 392596 128611980 27670
55071268 108332 128639387 251069
73585994 50833 128446573 856738
77330329 224383 128609324 84010
10697514 168666 128467108 120768
7469468 18809 128612016 103229
37694844 407080 128156873 173301
52262815 30391 128560343 246360
20516615 185485 128546022 113825
36225342 48671 128578706 65041
125305714 232309 128368653 159495
64735947 22978 128512317 67797
40511918 44998 128627447 462460
94095838 196646 128507109 10332
71348390 398928 128466023 177800
107772158 22858 128349316 152294
21899689 50487 128597420 143393
82582716 96919 128601062 437244
102599863 383533 128580038 23309
10930763 350558 128595902 497993
82483750 134789 128637486 19435
53385610 167784 128528120 50430
94266252 373644 128561534 102816
23078767 163672 128520925 115828
16399204 90514 128585951 35509
48804941 284971 128462208 33751
28506895 38866 128086699 49593
86888308 85790 128518393 76468
82803985 80820 128283999 55747
30651734 416868 128564198 132672
9962452 380767 128459417 29365
27388587 68849 128482246 117580
96315076 19249 128638895 112074
94891041 479289 128585724 134605
14931244 218791 128628056 381154
83633677 96766 128553241 46325
20400354 50334 128545511 232136
5432142 216436 128569253 32028
75656546 564226 128627712 229826
90128747 74768 128558866 123778
81895876 190641 128612836 3760
653209 101086 128373959 109546
74499001 30978 128617537 34108
29284228 184012 128573305 46828
69854861 56927 128591246 22823
80531786 278296 128117486 88739
25682967 33428 128641131 56310
126808383 296449 128452846 69414
64641169 83695 128632196 18588
49787947 51010 128512597 276101
92002370 9557 128575856 76551
98499697 133602 128466085 177593
96340671 218514 128540209 12787
25533441 95184 128605856 898
34725564 383556 128466436 42428
85175392 14584 128443836 3054
18506863 11668 128604680 300276
39262039 137023 128453669 9463
102445393 84304 128545484 60907
74906419 56329 128615670 89097
83097457 40909 128526798 177783
79938082 125535 128604678 260424
40968352 41899 128505518 113843
40809571 58869 128609537 89079
69932875 618763 128389385 41381
116692346 4482 128479059 73651
106041564 161610 128451288 222780
98048920 141826 128507057 26482
30783188 485582 128636084 131763
25224270 27846 128558701 4441
43061008 65342 128549418 67835
116782612 64348 128485790 220405
9418581 64158 128411800 208913
52089581 90573 128056498 209093
127474433 43089 128222843 58448
15933822 61606 128428110 125494
108589665 133655 128413201 322972
78412480 323090 128612769 2637
97184556 137742 128589623 9214
32600191 38990 128257734 47655
122874531 119175 128547956 31700
69474262 66630 128360461 319810
9814956 19929 128543837 31654
74928514 83147 128597568 51830
48660585 134227 128349494 256897
42303444 148072 128435355 150872
13119490 188555 128480826 145920
35416719 108285 128624461 275927
76628406 217618 128595590 49162
12301615 238422 128445426 71530
59123475 126553 128268394 234235
86056064 17180 128619222 170486
111149657 57727 128493287 81863
79051177 208494 128469289 58153
10087443 7458 128539348 53863
109064881 31008 128583252 6005
103943889 72416 128409368 59826
127994112 5068 128628935 17364
115367259 69937 128521614 134521
53493344 41666 128621169 64019
34983322 30851 128613474 140439
45666193 65489 128630646 42295
61023741 69560 128454228 149595
76363971 361347 128607849 61502
98915914 249010 128626131 630631
20268102 47620 128631257 243987
12392124 130599 128563122 1610
45449088 64043 128415575 58358
59076718 129495 128579883 86246
52006939 25638 128468026 32232
98515586 82280 128587740 37044
103605194 108622 128409731 91
13039921 62408 128544630 20503
37178726 58473 128632476 27769
42802882 224800 128459274 52172
48584738 115772 128504587 104072
52736973 402783 128614114 48448
63621652 107804 128523721 212309
123579845 7773 128438079 388103
32635919 113734 128460475 25795
52546582 98487 128548316 189273
7616562 30708 128433453 424734
101732829 75905 128499390 323183
64742944 40649 128514552 126026
84197576 511550 128531946 287676
31116652 304639 128538971 186802
42434087 4835 128356251 147180
25469255 79484 128117943 20966
8208011 582102 128547503 21801
113354561 199005 128269660 1972
29693876 23994 128416626 460179
23308724 341030 128349511 233617
23613255 178517 128620291 226402
87809913 34644 128391613 27980
105988390 12388 128597429 174314
123327447 295107 128537117 179282
79104161 739717 128570751 9497
44278679 23128 128210533 297361
23990352 6211 128414508 245164
10894820 216388 128518891 324138
53099249 178999 128564394 182932
59244351 228711 128582369 126758
63485249 430067 128578862 132139
12541804 320332 128522588 81864
56403282 278800 128537461 44745
83288775 339698 128129719 82268
104207199 55849 128567466 83325
103710860 115785 128250178 201800
8342806 108439 128387268 55666
91118632 88413 128487997 66302
107647735 48849 128570236 92880
89940433 64580 128212599 2803
67131842 6568 128642440 259
39966007 9417 128620188 56523
17179065 152989 128317476 90072
120470021 19635 128356491 187548
103456667 175197 128492859 283406
101968828 52376 128624308 139990
60116637 21585 128387196 20651
27942593 96645 128535906 86089
3722057 100568 128430173 30692
42564496 86670 128340471 412974
104508672 154012 128481495 135497
42119596 28542 128583572 106604
61741451 50521 128629806 6536
79170323 76912 128631599 496065
3700220 96424 128574674 64484
18105104 53194 128591467 170767
127284262 23198 128587964 30798
102304156 458868 128419217 71836
23671118 46708 128547420 48174
18965735 77997 128409907 32776
21997156 63569 128516966 22121
79115212 232638 128597658 67382
65155906 315401 128602753 76032
48507382 19844 128618987 104369
14749362 139362 128403771 144033
126335811 30217 128604463 150428
79236193 102953 128576414 49309
70271026 50774 128603158 211361
41586668 95530 128487114 2390
87307884 63372 128637258 94768
56856704 90773 128554722 37324
98488996 136071 128578322 199641
43220440 70024 128336682 276288
119044073 36592 128410409 95694
126096996 55923 128572481 88522
89460101 83260 128608383 69235
76045974 1791 128595932 14246
9922829 200507 128625399 144250
11790530 51582 128555880 7623
128043285 15195 128522362 58923
111391988 198356 128539723 45477
88448004 71110 128586321 46245
52942360 126103 128633187 65089
111645974 250059 128531287 400669
55846319 38589 128497788 155698
71382202 165234 128584344 105720
39195018 282080 128630425 237158
10658701 124021 128353739 4898
64106846 285971 128639812 54831
75018947 142373 128265830 205282
18550422 213872 128572222 46295
12433710 208775 128454957 142890
96022619 141153 128456686 46325
93110003 136219 128349623 233760
92833134 189771 128491868 19779
117538446 109645 128378538 27864
50362107 119709 128564579 27022
123192096 177685 128594266 38673
70016991 125211 128479041 72410
19040045 82771 128245530 55237
26659866 1480 128439195 50507
24739244 17747 128561510 56713
6505401 71557 128564325 95105
115209829 264662 128307709 12325
103982724 248 128622532 246167
113218746 216346 128545865 125543
95333319 109694 128308298 342226
14157404 144603 128575144 185205
8194518 4805 128625911 492204
2065437 54237 128539204 41971
62581275 3689 128557014 152922
114418904 43962 128492697 57129
74885379 79772 128202137 407755
110059825 54130 128507996 99990
22738061 121246 128577198 8078
117754960 228780 128463837 160625
36940622 198477 128597773 227844
74079057 71510 128212569 16189
91862602 18770 128549368 6038
98756837 27640 128531448 114096
17936348 46812 128607674 425297
57485693 51178 128621413 128323
86716565 308197 128483023 148511
116572301 142914 128615344 183386
96412062 340833 128199160 65530
91665727 142892 128594841 88211
40136005 114412 128549575 7984
14969477 91345 128165014 72673
10784481 103620 128636763 124829
867211 46038 128255758 16673
3620444 139323 128596454 395261
77098149 279024 128483360 88696
94329144 9759 128629895 233688
53414781 153422 128569113 18996
18796502 224221 128601130 327232
38797094 113380 128591100 76370
2046480 34496 128414298 12289
35699242 103098 128558517 188843
44707377 68140 128563603 211291
63857180 214116 128373190 459198
100982758 225686 128542007 94502
2293277 36972 128476586 64375
104912002 105046 128408771 39887
1541372 63256 128596797 141924
62339212 52874 128451269 290271
118156826 128565 128624941 180425
84162121 37670 128407122 144458
69032636 306144 128468388 108537
89829140 16575 128635260 14622
15141164 16361 128343661 53917
19335992 94627 128587871 253433
33257085 21704 128488047 119391
114766231 44536 128606586 141616
5513326 670872 127964944 319971
25883708 471333 128552215 91308
40774467 113260 128642697 92236
102065732 2382 128612164 64273
29688344 65010 128490918 32564
48446914 155297 128487407 154761
91285999 77385 128394427 23709
78443866 129208 128583672 60092
89935314 57382 128469411 98988
112628153 348894 128614535 1501
40180697 134470 128585933 182887
62760112 6570 128441325 2189
69699299 6012 128555508 189200
22196852 40368 128633108 198395
64397663 40851 128502116 166273
101889928 26443 128555641 78042
116249837 24089 128637263 98494
99743114 40749 128593136 159817
52121666 65432 128432940 408969
120769470 208202 128476740 232599
14732701 90278 128335366 158135
83550673 18774 128620741 113475
78088342 114463 128567854 40011
14263718 340908 128631709 11869
89448373 31339 128368212 191800
41533028 173979 128386642 36136
35076324 26281 128609008 184870
44875019 41807 128550633 102773
9453027 208077 128428453 78088
106267607 228945 128459893 329045
11127293 98711 128588846 66216
16076946 69897 128590157 86075
304203 43370 128486363 259626
117163444 36768 128610172 512346
46341753 340937 128535258 125398
65511969 40675 128446639 259874
63701095 64951 128602142 222690
21538869 21497 128638100 210728
121260490 13846 128205225 139618
32437943 60426 128540351 428760
114276857 75984 128619813 130902
77234969 292775 128505747 266588
80822583 329266 128575295 302808
24455483 191960 128572815 46072
8981887 165158 128551769 34335
11700890 185351 128547958 78677
88963477 3561 128571584 51391
103550235 230401 128639890 22119
57048290 42768 127912151 25113
18267752 17738 128415591 22469
110098055 312340 128434295 333171
112519320 22763 128581390 65507
96004580 23074 128471047 180689
110826075 147929 128452097 97255
66058802 43984 128249179 185790
14134551 570200 128638397 137392
27274759 31635 128605521 15107
83597702 36803 128485123 43451
29713230 41961 128510253 37210
93944498 133415 128622640 510694
18976911 318562 128542910 474106
78844508 61908 128610408 42162
50613180 56007 128363302 410963
83974326 114912 128617455 341651
116973591 172105 128363943 97539
42210790 71930 128480830 28949
39124234 230125 128385996 59763
40111462 43243 128565226 151513
39992536 517745 128625064 93744
82053108 279553 128524855 26314
51767997 11081 128537744 195405
68345522 103448 128629492 40910
97965277 18907 128556133 167289
6626456 506632 128264522 269210
20888091 93980 128582426 110127
61502295 95657 128478873 378690
113424735 37474 128509099 162248
93652938 16220 128639842 43554
4968907 575942 128567538 19294
56189789 15561 128580764 28592
118692446 16326 128513516 126677
104485959 85646 128411278 155536
25987868 6438 128572143 131915
7519887 3596 128593484 10167
74566476 67017 128581145 176219
36056289 63682 128531754 33797
6485830 30728 128523068 4511
47340184 162786 128614634 85132
88637347 58288 128629942 123390
38972338 11670 128536944 16223
15562965 41445 128408856 149917
3257949 47627 128522697 34868
15527673 13002 128552221 34261
108837784 182273 128637926 192387
112908880 67271 128600546 33527
93275409 81536 128353979 195970
73682491 289155 128202109 21825
112358542 316 128623193 128837
18421652 217715 128590449 41690
33842372 71278 128577134 71045
67754969 134983 128465122 21200
25955220 139673 127920983 42088
26045898 72549 128624614 156
128364741 204606 128497576 96301
26199581 241315 128573265 49893
83510328 14005 128315582 10885
69003086 32874 128423678 123407
75645810 158469 128605257 123051
18299500 37806 128628763 91984
123909645 9010 128526241 65026
17960180 91157 128543541 28652
30248118 157683 128634634 101557
126011626 1125242 128534648 32346
24452100 12031 128226354 190244
96688713 177134 128577263 83481
59956708 49756 128463241 296960
40421521 54140 128563952 20730
27812126 1989 128517751 2712
77487341 40196 128289911 115333
69262334 183632 128484794 112569
48136311 20015 128440717 328191
110324665 118698 128550476 295448
77239639 74106 128544759 19483
8825933 16179 128486496 18813
43639255 141976 128439127 132822
107386860 47427 128521044 26913
51759604 228771 128634397 29948
28037593 130877 128363144 143735
92152724 21967 128578488 44550
84492551 52743 128528792 52262
56694238 25451 128553058 90261
115027087 10939 128370430 78572
60779397 40580 128596110 20469
103515853 178354 128595360 85799
8949905 230940 128506386 22076
21046401 361104 128519039 7108
102276987 58452 128565949 388091
42742103 392263 128592695 151138
81479125 285506 128620391 25790
43976104 49672 128463976 158133
122967111 50613 128533727 136095
17455881 18938 128540366 26711
71365783 9810 128326186 22149
28363274 110861 128601995 8498
68602598 103807 128594813 28043
116352826 62475 128522328 45262
103530552 405818 128510478 26288
41635732 66120 128589190 118053
125845660 113968 128486470 1882
85821595 366077 128564666 18096
31936293 23201 128413232 164123
49412676 320293 128620163 31076
29454609 160750 128641806 117197
67971420 228659 128609411 70500
