308 963264608
336862993 484575 962131709 880343
38019104 47338 963228490 154334
227644913 24831 961185866 41396
264327985 904834 963187989 2043130
732320720 1353861 963231590 47569
447732178 1467918 962155405 341737
802655952 2282106 959075593 485001
522689222 4262 963167213 1872591
660239919 709955 963078531 105172
863891414 405864 963004938 833684
915635499 381993 962417676 3909005
507924231 39964 963054676 232814
24956259 443494 962891417 101982
927496276 138499 963253591 1351500
656142250 807213 962614170 1084117
53479104 2407319 963121698 821805
86560205 455990 963032051 1180270
860464104 272277 963174108 279790
820808850 855130 962671690 621712
902507897 547831 962961735 268519
721202320 635746 963125333 1377827
492107880 478843 961571886 330208
677594470 923722 961049012 311374
487031969 146969 963209125 2742383
123452423 277357 962993056 232069
146710102 2909573 962394774 1275514
502811391 455886 963209423 504307
846657626 102388 963206417 1589891
107659736 841172 962384813 48921
372812407 1556808 963033730 856442
43569720 29144 962836431 207790
576557902 2094161 963250841 100260
755180422 328631 962814753 1631394
715864000 1179224 962462156 1493956
484382410 1750833 961815070 590133
892529112 1317682 961590371 92901
104337225 1564426 962302910 1585503
336925743 117429 959729616 102788
715147090 232039 957491514 1434340
852499168 537965 963122300 1120028
666164782 3145472 959451538 3498075
152141492 184992 962990145 779572
474657521 69844 963047412 309622
683061368 282149 962172379 97883
328564795 601529 963253262 483883
323846597 959731 961946521 1292295
778696765 399862 963188280 4437060
906755050 529945 962211023 1609566
436674393 733320 962880574 653183
453086623 50872 962729723 1288366
83888565 139210 962839811 36417
827260562 533269 962724369 1455225
930381503 389985 962937565 211263
590509442 670943 962396225 265571
798871930 249831 960568621 559222
825583213 1039386 961398176 308684
444455204 2461569 962948257 3784014
781753471 465821 955788136 773566
932833396 664739 963180491 21064
853889182 53206 962826593 755208
88049647 1845453 962499262 7563499
652139418 933685 963262134 1764344
418631921 637455 962015465 827885
193646324 674708 960566433 1101076
176651664 57412 963216325 863329
134501103 1576160 961853784 3216839
536621189 593624 962947006 738211
140225418 654043 963115976 754508
486547562 397152 961661041 32560
12491542 202990 961532075 975873
796121878 331093 962486698 446177
852773995 56315 963084419 1356565
329799976 846783 962337206 1360563
193519816 989216 960719949 639761
871824025 1881079 962302417 381584
884673375 903020 962084396 14081
93624213 1853864 962465235 256504
608635965 1495199 962233831 1655243
68586886 48305 962340588 542986
327966427 1589573 961773091 2457677
746272037 773585 963023764 342483
205788057 858103 962618038 748914
82169391 123513 963119978 397102
329304560 1343386 960834678 838942
363711498 332775 962032524 22785
254808913 728966 962563196 959881
673718399 1454303 962727150 340113
427265642 329476 962739159 13225
567310441 531095 963241130 146116
473258241 545947 962308482 199347
516505340 562131 962492283 511197
390492609 170964 962882062 284058
504602923 1864282 963248587 1033411
315083971 988749 963212735 1183097
234396212 3491528 963118215 499574
213767744 2160 962984642 1065352
773753665 760541 960874817 664734
640972420 6320215 962050425 1136456
514369856 1038537 962567803 375899
334576086 2539187 963012026 807783
33066493 3296490 962402606 2927272
751225472 732788 962524929 240042
362868958 351644 962185086 2921059
766437350 986598 959164172 1399753
99902726 2447995 963218423 297518
222472757 361123 962648938 284848
767015778 106848 963236696 257758
210709386 519789 958389451 63782
850234790 366494 962883401 2382822
113174276 228975 963009970 2523938
362257138 487492 963180903 1058899
703744634 471481 962747199 2996156
408863913 2295258 962610204 4406917
202268344 1038420 962527916 1971478
797593302 664808 962523473 582514
390359927 1567514 962964958 97468
709217973 768008 963108409 936538
721237907 897786 963098119 48122
406901419 754821 962782955 222691
287299792 1439206 963102373 149000
468070455 222842 963016053 965330
495231631 5153 962775549 129481
839540394 1125716 961943480 96827
466843904 106034 962502436 974964
742567169 1726112 962828279 402739
640821439 144257 963123388 903394
93302220 93745 961411060 1073004
482897616 534398 961625552 662375
526930623 274733 962986281 38302
391144730 4001513 962651847 551734
245949987 1437518 958985220 16601
771639678 1820083 962996967 791892
22364993 320189 961873009 1354617
252159692 938374 962009283 978445
930643436 2149082 962906634 654494
814248449 976885 962066675 356152
384029848 1800021 962473514 1423642
129223486 530149 961976713 6602774
153458377 2438941 962051908 144247
128082038 344994 963061441 895924
12128227 4321589 963218866 1486636
22853466 380552 962709128 453952
214637329 4310063 963096609 1018830
169395519 968099 961526809 1512395
645840542 1239777 962880297 1430468
770810032 89932 962963383 612778
24290998 2343589 962644920 14833
67370466 1831242 962953394 3394350
161003238 144800 961740850 435946
335272550 1446564 962957825 450182
706021296 645803 963165819 2022
485358218 3268043 961980785 1023745
404806959 327412 962684556 4507003
573492854 133412 962479116 163785
297570765 291038 962761097 291922
44841126 5159294 962374619 282316
693678114 608669 963201741 163523
916954504 991435 962511445 145541
270992446 323697 962376837 152698
357773410 410134 962540825 21155
603582930 1325488 962846886 2387680
456062159 513136 962714345 227441
191306706 478029 963106295 231305
68708203 34281 962816163 209046
292344500 19263 962906555 84747
192703961 1396086 962582617 1246415
794752240 45961 961212392 158226
576736234 2657161 963142257 41243
612798091 590794 962170167 1209102
775673348 1237701 963228854 141557
45652746 254512 962131907 2421887
895872714 478126 962764396 521823
253592146 3260478 963020511 172078
284637231 203638 963013377 472478
487479135 1034057 962048852 40696
861220767 1847113 962691175 294699
919017407 94934 962893450 421891
222906007 691352 963196725 868327
303277168 271212 962582414 394365
635478301 197220 959061224 151302
158338130 3598552 962146595 3455820
40367621 1383789 961928937 250489
584858967 47353 962714550 1780594
66012044 518527 962933245 898279
85516260 8244 961526156 2464980
450350738 1074742 962830827 323537
167645210 1171997 963165584 400183
215304943 608087 962685901 820801
460564169 424369 960807614 1545108
738829885 949870 962680812 599869
605552578 50952 960508986 1026117
780905612 501037 960873303 697827
707204452 2344494 962992816 56725
395011453 744233 962680899 559592
216856736 1398182 962072318 2380535
285448690 290796 962152179 472753
686588604 3323205 962454631 304959
591263063 1212466 963010649 1141524
758531879 1403706 962496534 4197362
14829568 410188 962197929 945455
12121320 1204919 961785706 167153
619372911 65454 962203625 187771
693109940 994626 961320899 972409
350903732 314621 962642242 885750
902877095 1013203 963020996 13094
458168535 50887 961713257 415994
568779463 788957 963241259 404659
644699114 873241 962974262 22885
170989639 150300 963225728 1667615
307842567 2237747 960255689 1295962
526509004 2489908 963258360 338654
962561905 6070 962794777 1137763
313550267 987710 962088529 974654
794211532 568695 962906856 192501
820607086 979660 963170698 1602640
478362733 1314118 962895015 2619964
808553400 730611 962380589 1011175
201464959 1584520 962635266 503635
517716937 1733195 962881196 370711
406615137 661718 962458508 1304014
338729276 251693 963191206 116187
156804226 2725724 963184178 568352
618087799 2249512 962854339 126526
99997521 900628 962558072 523010
826050351 1736707 963124560 457675
258448932 932475 962220584 811220
355011345 8756 962157961 326484
448066581 59881 962101367 16286
456830493 972974 963100325 386185
261985234 50397 963173196 218597
448258668 590997 962988126 557931
580066622 1673367 962891378 507890
176040688 1556309 962580114 1513
777119603 1313879 963040814 285307
492499741 54481 963194448 1232051
647618384 1202132 958903750 251432
871385441 1827134 963133829 458325
938033853 1027560 962401628 1714122
183138725 4731294 962063358 1766838
252104356 1719514 963142847 179814
764482645 1873864 962821061 348826
413942886 1797300 962884456 136162
918191793 3476891 963173828 3390820
947997519 58933 961366601 511472
553817204 2443136 962816810 2026747
781584062 129584 960531356 1123942
883600592 2632103 962693123 288707
278957874 1299401 962817778 9198
542800434 106840 962891190 4178751
576641383 246091 963107535 1237455
536327814 245333 962723768 1616640
914506040 3417908 961502369 115212
502257177 2595988 962105806 470365
276104292 5126025 962536279 756804
500457749 77294 963225403 420307
953084270 438507 958072225 1724983
350417727 722084 962384587 358187
476318007 80162 963185823 508951
326170595 5527 963034898 165994
464256645 261206 962008769 465263
481571259 1031688 962288689 1138239
944017281 327021 962738901 197410
818979845 70376 962661658 770215
420982292 585111 963187624 1937685
533274941 309600 961300720 2562279
954827851 861473 962518436 546734
625757113 18882 961770878 2509650
368977808 55102 963215132 1354234
217905468 943409 962863707 780321
887267346 360445 963219639 398211
823072940 4573722 962598107 272722
744975856 1942514 962089679 932191
312718984 967937 962444354 415163
387034532 817096 962750024 2897661
81146645 1592818 962904593 6578
723076829 22874 962756465 171764
303320642 89785 962779174 172036
879349645 686141 963166802 1573913
102276791 2100564 963020830 2316951
917806291 240316 962637079 2872275
81284123 58592 960651948 182949
579046187 107374 963163011 2331071
891073148 560366 963082053 2032477
21936321 21339 963024097 716235
880249303 148111 962556405 496998
25565674 1141742 962682335 569733
882782870 4166474 962402998 815229
664411814 336554 959349444 1412443
910088797 430445 962509257 67266
316876995 491928 960148401 286470
517889395 97519 963140412 313702
73089092 134961 960453315 544327
538995892 3012754 960567592 1166015
925825268 1380089 961827427 532837
3132264 5102946 961888029 2654999
352239019 200495 962938568 1431403
314195464 2589680 963093244 138443
574642367 1603414 962264744 1270987
540336258 1920962 962202017 5277
352733803 621352 961695914 169951
466980302 2104708 960339182 18121
199302150 1143749 963154736 1733497
521081166 1021569 962268466 119412
128167683 10623 962958271 250223
178057308 916734 963135834 91732
294262057 1271902 962553112 366450
785028746 1550734 963168616 1364322
43217239 1005559 962380823 3204056
