436 885571789
254268242 183936 885264485 5137
453431136 36544 883187151 3174933
838151677 117634 884811922 391761
326264228 387795 885451454 954294
464058756 399579 884721941 13527
603819973 298361 884944808 10204
718880468 806562 884189381 603927
218566860 164714 883637675 1186089
455761596 535555 884067299 102526
746585148 335591 885457793 462534
559795755 1943560 885111944 1030638
313921468 1181920 884317680 1791384
24186875 409622 884974993 1415136
488159419 1110269 884836156 1662051
502033858 32217 883675959 2607375
718178557 2001919 885527879 180299
20297384 1971119 885000774 230404
876609562 1093498 885357210 354888
623490695 193275 884944876 615627
841218709 57416 881047314 1291599
720641444 70367 885254318 3412591
72688920 2846872 885468728 1400198
222611703 844806 885004637 376743
47742412 1261403 883926336 216139
731737568 739987 884167242 216294
452800575 475095 885505482 3436459
802572767 791930 885047211 306347
98801247 491488 883228574 17545
460321682 3827860 884769549 624772
428822543 302152 884970014 3398684
339711947 1339969 884592126 58878
404847296 564032 885444260 50173
158593257 566357 884087110 1497273
523701401 24321 883844735 1418134
32078458 742420 885281191 107330
849455655 1156025 884444002 18978
774965830 77245 884708088 2017947
704337492 553627 885176511 102749
286498286 2470188 884359724 895451
580962775 1031007 885372422 860716
55089784 268795 885441100 63645
103261257 244452 885568039 291359
875671413 215191 882390720 2242935
796854579 117797 885538690 1940062
637594631 1257099 884975240 756825
43661736 2146213 885117486 1212731
418653127 322518 883504530 793281
726434205 50703 885312643 80938
818642230 505375 884440478 141775
45927639 149007 885493455 1078496
402531681 811428 885371307 596923
13864398 241898 884424869 303042
367022901 152883 884587640 89385
87031226 2015445 884889935 157585
514640922 619043 883561227 2206623
97929372 1402618 884415903 1484383
463278467 750194 884055475 240070
790161978 182790 885232393 419366
609226906 859679 884518560 1175178
681286103 2072427 884794061 480645
619675428 1854279 884479577 301096
181355440 139545 884773688 1405249
743727954 51872 885513484 388438
32238753 2512778 884574883 402765
848225909 2128722 885207059 1708430
9400455 472420 885449031 1111433
693076269 1731277 885557554 3044971
10646742 1726904 883944389 137469
108321726 1036716 884461408 30525
403625668 26669 885259900 3913675
496127068 935359 885539352 564407
78982835 65034 885375034 4752662
437131798 375519 884840145 1153604
705633431 1714745 882761371 280078
219005157 942148 885025030 523770
379538577 932701 884323642 106549
359037320 1310782 885564109 209673
788485620 273554 885440764 629940
486112754 1415892 885398447 184918
486574362 113834 884393103 1245667
121094940 970751 881464213 109896
807566476 4455580 885293093 710203
370249075 522340 884985196 259915
273983265 1128973 885043565 396835
501680464 788982 880144561 45257
142855249 1281189 885056838 65792
81952536 263466 884909589 219631
325074784 932901 884620683 156068
114604492 775492 884442473 195418
619966742 706073 885051376 224370
358696548 75760 884175291 365305
91033414 392580 883940656 1031188
315737032 458147 885430229 2044490
32790201 43761 884524528 1474298
628715571 438244 884241979 816842
401905291 911784 885026257 50192
756708103 1934243 884646264 2125329
657390548 358717 880955566 50379
715889589 948297 885537147 278593
109456795 42985 885207984 1732926
512543224 80852 884683723 169722
672541009 438048 882959813 552828
513110382 290967 884778402 276654
446015585 993260 884906457 74765
258523486 1339635 885096975 396682
668917748 961047 885255720 1038359
837390827 84830 884341418 43086
702549121 435806 884703962 453504
438710336 1017130 885547913 2662304
509371322 819407 883755457 1082734
239196561 277262 885290186 365383
551360633 82153 885303550 2489567
146506194 209557 883877548 1087463
286086233 977043 884124836 102735
315111022 553443 882916431 6283131
807982385 787011 884399628 681663
189830520 2125909 885467887 648854
463241004 109313 884299642 1817744
465808677 303575 884802739 795646
20646064 585184 885549187 348475
331290868 1339208 885138891 97421
253216074 620358 885176444 394056
622639384 1862715 884845599 840287
315519703 233641 885361328 688370
370149614 684421 884569011 1676012
375462639 1249751 884794138 41586
784426129 113559 885328058 319369
742938918 895142 885359798 199981
21297035 656120 884709580 121701
425636871 251080 885416236 2239701
716252334 338527 884837644 1701629
687340759 1464114 885517082 694798
524001995 385075 883539542 1197547
538224686 470521 883878324 222570
255201243 495306 885108856 392827
556656799 1049120 885109993 1638204
697907862 922562 885490973 1392785
856626048 31405 885012214 1388491
816403520 1413325 884864616 294364
542472123 231765 884099452 788632
798375291 106581 884719262 167505
497148611 545821 883290148 25540
588739132 266072 885439048 450618
509283868 251201 885129652 1334405
870248867 25517 883894696 28207
534048123 1097051 885521927 143556
326214381 1318665 885518963 46840
182430968 300008 883811761 542087
284569001 1171183 884598961 72557
188646394 899107 885552619 218997
442458209 341589 884623053 415379
75534546 838019 884876962 750772
592827879 41248 884966869 295010
828035332 19408 885514493 170865
788897374 794299 883679107 770211
782588942 1388904 882601656 712317
89591738 813716 885526323 789135
194887704 1274539 885533414 2296364
751246874 203198 883206657 1176776
488881226 520070 884118965 71692
120265598 57747 884595808 731626
692553294 142626 884423005 455834
17968322 539654 885308369 611885
720444558 1754619 885014555 1937820
393453508 1171443 884770936 547602
445902457 547769 881825366 412037
669522207 508685 883810662 188047
95191729 625222 885235994 806479
534255235 870019 885409815 122337
667273474 103273 885435829 996174
733753943 194811 884836344 135102
611091837 771233 884414814 2694258
589120960 219912 885088479 206379
519189478 1480523 884870319 691804
762687396 2704267 885447480 1151281
484969714 204760 885152797 86714
663298444 183876 885249266 933539
870283101 335791 885554044 756291
34302326 1532694 881717821 1053308
101377805 5687475 884112403 4257275
337679998 119179 885245905 198536
51922136 757601 885358267 8287
128194069 468114 885054311 351843
92602585 245804 885222178 389985
778351769 2415209 885558273 592702
594486947 335269 885449457 2012243
796670582 846541 885298117 1412306
547638879 189696 885257012 4557751
733035802 1509092 883946224 1138939
180239034 455647 883427186 2100727
466940659 531798 884278464 774451
302201365 545446 884925832 1498473
852611112 26226 883391629 538451
94344938 647914 883823793 708164
662797282 286430 885015243 135697
428938200 1911830 882273582 467803
563112161 436340 883552053 1214184
610562166 201203 885545427 1290720
853893035 1388392 884097010 134252
305609392 1275980 885042502 414615
335122102 348323 885234565 233285
136484390 498779 885470325 2632028
266217621 410802 885087355 510734
607060217 1421038 884789281 450678
790570948 866861 883885469 2183825
671293808 739167 885136643 1034939
860376050 1317838 884275879 992647
616317978 1013081 884255929 508197
469823945 438588 883625055 257500
688572513 993828 885128061 1267820
326605786 78995 885316283 1268660
245263886 1294614 882818336 118259
759313868 1102893 884833022 19653
281338509 2047726 885016315 62503
165976816 1268360 885417813 1543866
658148668 2422140 884510655 52539
436369533 430437 885031618 1218021
118568916 1708563 882709107 844852
509795855 30007 885448477 118330
245084371 302686 885316492 458769
622911534 872358 885524699 2577845
475664772 1096502 883015712 1700041
626647210 600184 885311866 313860
78085797 97123 885536960 1619968
335210603 115025 885425717 295532
856920697 26858 885335238 86920
414472038 895266 885364123 1610160
511886082 11076 885513557 1144547
216402980 1885898 885176658 1575952
133034998 144138 885120098 61428
465805072 304003 885121071 54446
791022335 242251 883421698 19583
267388767 415435 883566920 2610023
817914692 362654 883697827 124984
882153840 336811 885198339 2999554
369112743 420862 884597878 500980
784178225 87560 885497959 7280157
21685896 1387045 884504949 33326
763552916 1209723 885306225 346393
768577609 22861 883926661 1978959
3872678 252700 883197456 44655
756043135 48635 885162039 945461
610970862 629904 885522938 2819890
42348740 432178 884789039 820768
308538585 713891 884917521 1654960
230575491 245451 885077307 789210
795202891 252231 884249221 1329789
345977213 1549204 884251443 550311
303335299 172240 883735481 3119957
597700182 127838 884250100 62055
90377897 262085 883857048 266631
599516119 199751 885175392 2291350
253629694 1160510 885041728 1186563
762516666 33348 885139381 156076
183157763 635861 885168643 222878
400281444 1158349 885339687 27394
777925086 1788409 884929509 696459
566739738 5084169 885375499 2092883
571786689 1829522 883491507 568301
705088601 84191 885457101 728489
80242392 484373 883039455 944950
292736606 2844993 885553144 701644
698992331 2813246 884637553 781074
502600009 487431 884622876 68891
60868342 265108 885203060 79834
73799343 96299 885511846 1484449
170454937 2752867 884819365 442367
593545676 1962015 885156953 1683791
822907589 3120707 884356093 77433
474801120 1086563 885248649 1330975
228507890 775607 884313948 4115044
666120473 628127 884560673 864109
53551289 319100 884982970 2781336
829278891 854987 885380373 856857
837520941 1105829 885114303 2979483
60423334 5394 885473250 353866
538708792 1261074 885357906 461947
426553828 704589 885078953 350249
817247372 1096700 882795046 334357
638640719 801787 884237119 4809
105239374 139560 884725597 313028
754286640 182903 885188554 167917
145102256 464016 884790413 5302
184718574 873087 885485132 417538
395830797 2090034 884594949 1519873
285293363 457694 885238425 892115
219947512 1149984 885379893 534207
215945290 297093 884670408 934620
740984590 17111 883215108 315093
326443438 778931 884445613 234814
765925758 414408 883804253 230279
636198645 999095 885519411 654068
712119351 1746575 884154055 611802
363910531 583682 883908786 978460
186087357 1101595 884140578 198276
544247951 1780269 885380080 394966
29231584 2087187 885274396 139094
549202128 1609610 884983799 729413
778987733 1993853 884888746 2167297
468149665 997123 885553825 202578
645183155 385642 885067199 668477
181375233 477049 885248240 3710910
225293981 725294 885130104 545459
677899539 386224 885483714 158578
387622543 1437729 885436092 621731
139931731 21961 885008188 20091
752196996 2379349 882395727 273420
338575914 657393 885561962 600182
840297925 1735259 884181792 1829088
626182937 651709 885169168 657616
711485700 4973638 884275024 215909
661427541 184448 885466217 1211166
552268410 139682 884041517 203130
363819447 1690658 884923958 329933
305856173 539135 884266990 311969
103416670 2075010 880934950 80508
787302680 719829 885532588 370399
607635764 849818 884446075 107143
854611472 834809 885202716 550624
567176631 1107420 884352822 23707
454557745 1074728 885265071 546678
207035691 1278280 885519484 941213
474016008 1981968 884916900 1371451
469750788 1378326 884648786 837648
644312598 507602 884137088 396687
619666359 727539 885436156 433471
329844625 1322488 885171234 25407
711683741 283172 885548073 392077
15445752 20379 885054898 1384569
101692443 112527 885533683 763296
369302602 2414792 884217846 920181
401442978 285240 885168079 5029335
26005572 25090 883657746 11618
53884130 442401 884873498 829204
266590421 87929 885552681 3686483
331372622 645591 885322485 569522
83733632 231868 884782070 613215
195498034 1157586 885350498 778656
287598316 1099956 884492508 1174450
198134348 1086597 884688399 563807
512259732 2224066 885080227 839215
380359247 1335020 885161683 840724
25415393 1217609 885442235 87270
674957738 291966 885396395 104463
271244766 1263240 884552954 387644
283273940 1400549 885111148 392078
394683951 90517 885015964 3247854
33806519 1549199 884730612 568528
205067672 19063 885358368 1567029
256142367 120408 885186924 1663106
872786003 1814746 885523420 559247
93913613 111281 881444069 2667782
295886430 344843 885097759 1591018
392508594 8216 885381145 1470855
279613870 882083 885081399 317761
738465402 467541 884666660 602192
101581292 267309 883979786 93718
724074025 752069 884964033 216154
569771332 1651285 882487222 447812
333448853 383098 883895304 332068
407978785 180091 885344303 77313
101059831 434337 885209807 99750
401284524 349222 884667729 1361363
471752342 867251 883400514 902003
550958023 142001 882417587 1605226
310871998 1113193 884040033 229947
778633823 109773 884330070 20826
489454040 224177 885545759 1180076
759718422 747584 883150450 519058
481760078 82324 884547376 579658
266166643 390851 885396113 3370508
222178471 59546 884763877 562083
794187732 466858 882619189 1049046
839670090 1364096 885380102 919248
273852080 2530685 885535433 339732
210908359 625219 882777118 421373
855832360 1274929 885067575 196804
214056907 276212 885077556 552806
787265122 436181 885145996 327852
161109831 203933 885413517 411054
345576153 871006 885013629 1922235
392666935 896207 885254525 861636
563454136 177726 885458132 698254
776126694 958293 884945323 1852411
123666320 201329 884479836 2115849
735260948 1250132 885555876 1770155
125607248 42869 882666580 93503
130576867 1174151 884744414 631841
447079444 741113 884088911 334173
331246263 1175675 884738869 40669
515095148 3941 883060844 137361
589358379 451620 884955511 86931
335807759 974604 885447208 537805
10013385 82875 885540482 788003
234537236 1341212 884651971 609270
593389065 4140021 883028499 152146
266645409 971238 885093756 10976
55813593 48711 883880790 721352
157544300 156070 885350861 1182221
631691814 244883 885365181 2036896
90488675 366950 884316451 1054007
607581518 168461 883673492 167813
379834332 121579 884441635 474453
328680864 575502 885502486 2153025
529342002 1548600 885203958 147033
714977102 655432 885173848 589437
834977242 182601 884996441 1081142
90121017 482930 885235066 2142599
623742216 358661 885471497 359127
879506714 885106 885540405 792782
604202564 130624 884565669 288352
264363808 181605 883099582 102329
319524814 604150 883996496 885784
642441935 553686 885213280 898056
196337678 939998 884932051 615976
601096268 230821 884628937 1558579
790559659 4715244 884694745 442974
16578059 831933 885313743 1158920
212327759 508786 883859766 147986
518988499 168217 884871552 529794
92655730 1076243 885002028 3285997
686547697 143125 884108718 1051605
578039616 434074 884700806 973886
537088865 951536 884632400 1436616
69915350 38080 883869971 511732
512043913 736709 881268437 760159
756863218 230614 884434022 755146
352485856 952520 885250956 913659
116575062 638466 885299067 65862
56631931 453527 882289302 1029514
404430668 226845 884797070 234669
740480607 2266160 885257739 3558941
736019106 392017 883207521 439239
727603211 387361 883415534 12095
393301955 182682 885308664 113050
13848517 755538 884405165 769026
