156 507351701
97256120 492194 506009773 2321774
471913165 265780 506729348 156729
429226459 129388 507130726 328907
327882502 118702 506989330 114912
429172073 175819 506548558 568556
493703958 6255 507018231 65612
39479289 931597 507102203 46689
39756199 155357 505511125 37232
201916200 677183 507344591 1524149
438057340 341854 506648443 153286
90001169 16051 507270439 844148
507152837 752037 507294160 152136
219434366 98083 507212832 567091
249553377 357673 506961566 774740
299978993 1311162 506564146 145156
170716505 652418 506341142 569245
43754332 617298 507277699 643936
348143506 731673 507254162 710715
476225930 242512 507086890 303309
484633932 1682 506109634 100435
122927753 37616 507136234 430270
21145803 102064 506129181 873276
63359536 2449791 506863733 149153
373377244 350871 506921646 127391
210590300 291414 506762600 142239
270045871 1346605 507087823 11271
477106147 40422 506687757 298182
496467993 64913 507166668 1176693
214642573 400118 507235330 431988
151399314 884890 506760085 50475
253951905 128963 507200432 361859
265198617 68333 506843782 243283
149427401 394640 504823543 425657
71143313 40613 507133841 54059
417497079 508694 506681843 419884
462275613 1076293 506527291 324340
239562217 937980 506923132 24718
208607704 1942100 507052738 149866
375656271 1532724 507285550 32353
436448508 296353 507267694 193853
192393047 59652 507250307 154400
394610442 2088299 506809738 561742
194797706 800346 506788379 404299
36129608 294486 507086567 176251
102500880 191717 506897956 422581
325667629 369427 506758811 71950
358020942 284881 506769925 414758
24606723 190508 506964534 584649
74198774 227787 506408953 311811
395431250 970 506453571 85916
307377074 237951 506953179 94485
56030640 195745 506037575 109998
204722635 387915 505857711 393487
420149705 921437 506479581 152944
349269421 752899 507161495 339121
359722448 592649 506438127 45295
223702160 132378 506791877 1348478
48490888 354344 505939950 1028396
299414538 369918 507166828 301635
17844422 1127696 507349145 427248
384696383 59787 507048866 802754
301392616 351999 507213124 150250
360479556 2183944 507057080 1469921
7685669 195206 507143332 69394
39584875 926307 505811098 277240
325459548 509426 507034195 632851
482490179 102887 506980759 135774
283501508 428676 507154485 415485
101699170 1798327 506189581 86479
304626275 1696057 504565213 298128
202258199 832022 507205311 1811828
457674615 82652 506809904 1331119
395591930 336463 506752245 115891
111847444 1009169 506937965 763653
449727078 312295 506889546 3275795
201703776 503255 507276008 16291
302739564 512865 506630141 1120922
268604133 723067 507273280 1287392
127092420 865695 506079569 125564
366989241 129801 507013973 574800
434657843 369125 506785344 401207
294803343 417146 506753647 986336
135771814 15686 507023158 343564
483949822 193887 507251389 900209
271888379 715240 505922353 426780
68429565 124440 506798209 1962357
16662086 23579 507284926 313375
229950862 506018 506561878 528342
437445864 165716 506737795 417564
19743984 457905 506964129 601885
362244171 1047645 507148716 585465
97851939 622806 506953641 405298
123347534 1288201 506652993 615723
319756707 493492 506838702 426781
7219955 1686948 507158523 131231
292862683 782122 507331996 638642
403966113 2236063 505549881 514680
364767114 594908 506999096 371756
38809585 16622 506731247 53779
68040687 296485 507296982 829053
297400898 379066 506549070 124412
291017278 256436 507342861 128117
432738483 564671 503632532 438412
234381107 71789 506483647 198309
280891523 119418 507260242 276509
91805313 17913 507164145 84102
249690902 15348 507246078 315481
292851243 195571 506905774 698737
147772207 113871 507068457 467268
176507998 584158 507237657 485537
360373640 517246 505396843 769638
227519323 10700 506172859 281559
412231922 190799 506595634 16057
263511215 226423 506984731 708148
325357226 159600 507057799 175947
225626744 235561 507150178 193796
406049820 40473 505517399 199062
397074617 292667 507210739 596797
342316826 163094 507124540 273652
498817966 221590 506910061 935094
1946137 29901 506565736 89
419100009 363615 506463947 2462429
98023561 350622 507199874 938454
272286670 1084510 507117311 307192
433533284 1239857 506410990 899330
102564428 1127981 507107785 14156
38606094 141341 506645248 107180
453586107 159348 506196210 47021
153778403 110493 506793288 58928
43700705 124048 506744035 124240
162873371 90740 505032713 378084
65849274 363868 507116063 163413
150387291 972095 507157070 124940
491586199 3307 507185397 1011140
61158618 150323 506101448 299694
342801013 1352053 507323899 435117
135353265 720576 507160073 57669
140167112 413441 507012992 1134160
149533511 142657 507073762 648849
32488446 303956 506945328 1455600
74485848 193618 506960424 275271
39304945 163008 507300525 1984735
142409174 786907 506311159 100508
151488326 123701 507291935 759343
405808379 249465 507072435 2948961
59105780 244217 507250727 246727
312682199 1194258 507337953 488302
409191339 168549 506881028 646798
443352520 197738 507343184 313928
166762467 2280950 507161740 201975
398171867 1275805 507251992 25549
20433780 1016744 506513331 648408
488310548 1102807 507078215 228168
304965748 519644 507028161 1047804
164798680 11567 507270199 316149
155074194 2087209 507164507 299526
