284 797174573
641160161 965152 797026063 1197972
264137086 2412137 795553831 156095
516163722 735139 795675349 2256346
551798330 1074673 796056376 510503
744897682 955264 796814489 1852599
673741139 233056 796578442 518862
718654521 241965 796806573 2184
309030311 1531683 795206227 428933
280862611 2749163 795792692 168827
238975238 904514 794950994 109713
691527336 533378 796520592 226926
408668730 20810 795802337 1005332
521728002 236671 796898429 29460
705539206 98349 797000243 1313099
95072583 193590 796718635 1313706
500623373 608045 797005281 64172
109544363 1819113 793260022 279917
54199348 476264 796999693 805874
369844191 714114 796974615 619259
328610467 2921976 796157943 1354565
400688710 372431 795796590 286514
260461123 845919 795496151 904829
90056012 412486 796777814 959273
27398538 2083978 797102407 1586840
563784393 211973 796777327 274765
209862068 313493 795908511 871615
566527532 595300 796946162 931518
342743212 733786 796079946 31483
695871880 171280 796598372 962838
629380224 1323501 795257131 1035632
632004806 840283 796085795 737789
168706943 494598 795143815 480479
611099187 1072599 796780998 63155
622250689 331402 796846077 801321
567321290 1071353 797082492 572410
695857155 716807 797067785 215369
200257155 143532 796503517 197201
559798373 770014 796137389 2731291
102263213 306236 796667353 869662
242136174 830273 796996410 67663
428342813 590014 794823537 741526
255795465 130471 795625237 2169071
400881668 24114 797088374 82217
149524436 612789 795546254 60355
230314869 852116 796690495 4250339
257726727 151519 797158997 24656
437697658 619202 797108803 465264
403847649 854845 796710836 78128
251526345 56835 795681655 819636
49732371 525328 795949140 688216
741408789 281848 797034406 42953
293088167 335079 796736137 797285
511982669 114615 794400423 552424
67882791 673090 796102078 240369
53073723 377743 796711694 3537858
517005037 412357 796567969 192747
747698378 1528091 797020061 286993
89318147 479596 795568937 100817
170124849 65636 795664133 1168986
604032178 94682 796153789 1189421
50687367 87224 797089428 551142
267646649 298497 796819441 150557
587118402 1271721 794797174 247717
593794929 937148 796378645 221660
330249482 108353 795622834 664619
757062470 680396 796068902 973025
778644285 112325 796598609 668811
439982147 459084 797064073 257414
247803627 1358487 795724990 327791
140249766 304566 796741096 584475
616068753 115996 796854228 137799
41177479 1619143 796771567 714722
791965049 189458 796221732 862226
463809102 21093 796132542 2010272
454678911 107032 796924302 278099
612270976 2056296 796822239 680385
680425431 472178 795960225 1421680
304183678 567328 796935508 3508758
38651106 479714 797028781 1549
727443642 64851 797094825 1779888
296113888 425610 796966564 3069947
527800674 518367 795646657 1134013
663732571 190382 796931737 1079248
196669241 401409 796864887 967983
375537096 169714 796981164 1339305
9911984 864035 796615843 229294
126044507 2382370 794763820 420133
325397332 4085803 795610048 682513
658853232 410465 796839573 2079614
253172941 667813 796795098 1831694
260094592 7494 796748878 3134058
267045099 59086 796504068 980321
192675827 676410 793880456 74165
446665873 2360750 796298299 1912159
282695886 340401 796951531 1401089
399027452 914907 797052812 120170
13894573 823414 796683823 1758079
566681539 1355207 796896754 103392
586928995 269070 796513600 468739
627498810 957889 796237091 776581
284982773 1521336 796844540 366584
109635719 381478 794676898 661784
767845717 1754603 796957861 44026
212112863 2438439 797061525 631485
596859040 227355 796051874 180465
89950316 697267 796799258 585249
728073890 398599 796141175 384548
91042089 420192 795360054 1391614
768006712 313930 796431026 476996
333571605 69956 797053750 8340
469460327 385240 795855936 947528
42416395 320031 796215154 2084680
645113911 301842 796250923 1239195
157114378 318228 797168036 1737232
263260869 182248 795423003 4733
236210656 1213160 796375999 322541
23273526 2274710 796869491 897723
390376954 82555 797119104 318168
541015960 458254 795604484 276108
718003401 616745 797070399 614326
205993773 819286 795820930 1776625
182437323 297819 796102432 385376
488090830 103213 796549049 464200
530011096 396520 795060771 343913
753909376 535178 797018000 497310
623730647 124251 797012551 369648
609274977 1295312 796566764 660894
62046841 92392 796350367 900898
222182553 375782 796176517 35564
554112711 520314 796896674 396122
491525330 437437 795310929 330684
65816081 1428501 795500192 132758
43615339 286446 797170561 470397
491175071 634553 797036695 1692964
704195635 529342 796455624 11637
194122739 557995 796314544 3263334
140814612 2645152 796769777 159458
621147711 138227 796606068 148266
211196946 3347844 796650566 1017886
795601421 2873288 796778274 85631
584928771 211776 796604486 532643
451187581 253296 796703662 254574
675597750 20539 797115853 1625258
324679918 1660851 797143333 295200
325319041 559974 796412681 711057
441774227 1473203 796722014 925850
306365025 150490 796643773 444887
791308416 2197989 797022552 364716
165283288 337331 796508062 816260
226112016 1017708 796768459 1348081
299635228 105832 794791981 51200
380302767 346168 795431465 109417
60238097 332222 795023811 48654
707770223 124430 796563792 1191131
110332126 430703 796983391 239018
716999171 77911 796561174 911263
771765815 636133 796875877 1289830
649784043 1289906 796920506 996110
7464442 572157 796615235 1051563
130065328 492100 795908376 122842
105482003 538158 796763025 434907
461597002 1072262 795976756 501866
66208744 1260379 796786162 847983
118319680 17799 796617824 153259
25375377 153164 796936921 755529
410030032 394798 796978509 354177
774568647 1025087 796508327 538595
365105276 70362 796868702 647859
735586447 256238 796870837 394498
603917603 1554230 792714869 132517
662468138 730987 797065383 576750
408136690 214423 796863402 103590
299393603 146279 796953618 1800738
246122867 151661 797079288 1087595
673233646 168163 795845572 384684
517385428 59752 796927774 165023
135550759 200286 796913417 349303
366314370 813334 795772322 2258144
48008085 1095888 797163838 555755
568164275 129774 796834751 138095
179535126 437905 795438820 842662
579501743 618879 795771985 1278195
659940861 1319238 795551558 288032
574045774 385583 797121242 363011
21054717 99619 796379403 592942
752537490 448752 797039338 333594
487932465 535644 796790215 2142426
375155036 651520 795442228 276273
795663981 468608 795178794 424247
562459332 3156278 796912980 119949
521867032 1865668 795737886 312983
109469859 403221 796968152 308340
401695838 1192872 794656477 758516
758035313 1377959 795943308 136940
317950271 1188745 795540488 78454
244519348 767524 796633884 1145440
16205438 311131 796640078 500501
12014523 145155 796824865 563659
167283939 204729 796646772 138380
65662852 1133450 796129226 512339
116295964 1856461 797006737 2392088
467485636 12197 795691072 187521
569145770 237897 795735276 724127
467617065 82113 795871976 681619
679344560 1090123 796798674 251788
491847234 868023 796495335 1687347
170096979 435423 796922902 1043539
64657085 1879200 795857440 1542405
410234383 103434 796519585 913243
424865837 1299098 797095555 258991
36475366 1106421 797070479 84893
121811434 393521 795488167 259698
532949737 575294 796238480 49614
748078570 2874587 797116613 17500
767925488 88046 795200877 684769
165000972 114249 796653878 665602
692965817 30837 796756269 536828
537861785 259972 797024639 384840
405553541 858687 796806611 569336
610724703 632899 796317687 272615
473731134 1265216 796667677 471832
288021143 315917 796943693 2764182
733036212 512866 797034830 655882
26022110 1511193 795819935 3476792
668455738 1994858 796464119 2604978
146208342 17836 796708329 278645
267662071 915156 795939975 555004
163449402 339428 793017479 1495626
708412261 59889 796908572 635201
533647519 475941 796968678 990222
548128479 90866 793494565 88216
503901927 383023 796034802 152954
25491809 336092 797171860 624239
16556533 416969 794463048 1718813
489577911 1314350 797091239 2578847
326599852 99858 796794453 399814
577488557 581111 796119829 2129082
485968160 182953 795625291 56689
254860829 345601 796760530 2035039
762633590 501420 791695471 794913
471052482 2113514 796664230 1023407
524017559 264984 795985102 987248
345473735 398975 797098162 943426
255678318 1632183 796885336 2916929
591428397 255853 796648276 386181
187449388 1461371 797164672 575141
405446041 525058 796532921 3122979
658653217 305714 796986127 404073
101934762 2546001 797167499 1600854
703002926 106467 796686559 2648012
786347676 1648024 794466919 555880
385108918 2454351 795387535 2226924
527888116 1497985 797018579 340575
640964373 235546 796758833 491374
521296448 590695 795963019 126748
370392699 1663549 796210684 130505
331749484 610475 797016309 1488368
773398666 511998 796039782 834572
501917314 358036 796722807 499639
242434043 224508 796959754 41376
451509160 719291 796765014 537487
475715190 544047 797102762 223348
293388116 404231 794960097 1152889
561735069 804446 796978574 1126422
308424366 710004 797070451 405786
151675841 195179 796284588 796261
473128494 179010 796971084 34586
424089745 832843 796514091 1211649
444665010 25691 796544765 1091672
219385830 404343 796730316 1416617
104798765 1357412 794198993 92555
771716888 157729 796668757 498541
395082374 1522341 796741007 1523558
419100389 27565 796949652 2141881
193605576 213496 796617991 307595
331227996 380895 796999622 392448
371299689 442319 796986585 1431132
67617374 92654 796949897 3129868
364471371 62693 796246901 494880
301801289 269973 796312395 924072
439946125 779510 795531080 802807
113316893 61721 797112961 395539
639163150 332562 796881790 601279
653385350 296856 795238585 57794
