412 466505366
98491562 28111 466482612 10558
91522289 1251710 465749294 100289
55607316 48678 466486301 439664
93845820 210913 465489287 151020
318775382 713488 466299145 284018
460161857 462131 466122989 90184
233147163 6772 465865134 954597
120040249 768124 465876153 437160
137851284 508759 466465983 113084
401175561 317785 464834096 1364470
59137440 2891 466447265 940465
13856469 236566 466422140 107226
136332973 401020 466492539 131485
163897437 635027 466249424 2521624
370891190 57787 466215962 808915
59916495 1308035 466466839 4605
305577877 269621 466488240 1508103
187791409 398221 466157318 66773
452958790 341759 466183419 936074
249430762 331422 466486644 539817
422229913 29239 466255872 84927
42749192 190482 465950716 87783
99200383 1830379 465904212 686275
357588173 60940 465378768 261461
381242312 1169242 466358857 314689
255649788 317513 466348204 1213572
75237774 2586033 465975030 320181
370011420 80782 465681093 1633262
318412723 1133588 466378469 8814
242412791 32872 466272414 559537
284986619 256765 466063695 2212190
33815503 2332899 466392179 183903
24692443 260798 466486631 870864
81213916 132041 465491020 156462
213979529 60876 466067411 317419
282306144 86736 466448009 814708
410333356 2453943 466450497 274329
346239491 210290 466268101 205765
106183932 18503 466438484 1267222
342002074 113970 465889019 174001
51226319 222066 466314657 24334
442236304 122158 465714594 730103
250491946 104335 466367767 20191
311260959 984602 465801081 110728
275665726 135478 466178879 680344
175592454 55664 466350990 57535
260857229 160475 466107888 310760
290316020 65813 466407001 222962
51931243 263097 465915368 618303
425006638 141288 465674604 697249
106340551 845715 464995549 546266
335774432 822893 465624904 97349
345416405 155086 466260500 304405
449548169 12749 466079916 203448
394794632 370407 465743713 1797720
276795777 131837 466421016 209631
424552403 41261 464661979 373765
363121689 5692 465388661 105375
242880192 13991 466294111 212768
84188659 29112 465825234 306820
462107332 7763 466262030 454148
188406243 474843 465888991 106758
74460771 1096700 466401640 427600
268813838 366521 466454162 954611
275410569 1952760 466379779 339477
129188388 686088 465984444 328888
265315641 224525 466261650 24375
56183164 893319 466224764 807866
128343204 512584 466081456 24085
372906089 611041 466466943 66300
411594910 251906 466139539 494487
216414170 168671 465947137 675738
270049326 3504 465872226 63802
365199071 84625 464899127 205636
24548391 1387728 465957702 241744
288753006 312505 466371265 1631866
237874652 1050252 466080778 168912
102529081 563568 466453690 374797
351635299 53627 466456968 802187
273212554 1006463 466033323 1039136
423212498 1133623 466116055 946520
286354121 133848 466504522 17683
12949304 1250496 466394384 242905
3138768 215266 466001532 25643
329474034 868257 466112996 424140
331334825 78076 466054547 43275
462599660 911895 465953074 215244
97811894 565453 466223287 470531
29168915 62348 465454838 307696
79545098 40881 466380706 1118224
40030413 120282 466382854 737172
250018506 403485 466237164 482154
103894503 315703 464808076 73011
18805781 571219 466355751 737725
164503757 21910 466168607 1672045
232373253 187300 464879543 355389
60442362 1324197 466070881 52422
330958840 605470 465143912 84356
214498628 386111 465718267 961318
80361002 572133 466247399 533263
41641707 296214 466157132 799234
255322376 776896 466453680 259115
355387174 367084 465077962 391284
406147465 276529 466125620 2191707
209825292 110195 466265982 67874
361191093 142331 466431004 809680
108397350 569923 466336978 1657599
27206622 354128 466368159 78699
245761509 171380 466144605 1024077
352207586 45711 465986377 415185
420430549 284189 465946950 269860
421833663 41253 466382870 886839
18304427 159528 466075516 274661
240673765 143332 466359661 530619
139040005 1852117 465905897 449998
94842475 1019856 465847024 102994
331786418 635410 466050888 165480
20596667 303979 466460178 203277
70998537 514254 465272341 263156
236122020 223689 466349340 199744
374514158 837956 466239940 174471
25878856 865791 465759802 502985
246933683 49133 465210951 121409
167507559 735655 465945773 1625550
31101102 384443 466225535 675939
394580475 68839 466497223 495605
90814899 61544 466353462 2054528
41144889 752681 464783232 581284
457942784 576638 466281589 82159
345203315 90451 465757435 751610
59857697 8452 466497274 865248
371774690 539647 466385491 306057
201056234 46569 466486351 486230
361788354 2861238 466302513 405585
240060423 238649 465138582 264019
305528027 344766 466190925 271331
233477257 41507 465147835 465
370559993 72688 464788134 730696
330328262 184636 466438408 130644
461855633 185662 466455436 141385
240458355 205661 465854000 195291
397342963 217053 466352071 207777
110515122 1678403 466443420 514535
194374869 282051 466410921 5655
379254673 328757 465472128 77294
90272788 323465 465920256 761878
156116855 247486 464684604 297872
16562378 623091 466058857 319031
234062421 276790 464154116 551612
430259846 1326928 465552388 471447
177674968 139094 466079347 118090
329344185 41516 465720572 377066
177611615 323128 465747268 488320
321225682 541860 466342334 29186
350502276 208029 466195813 389634
280575853 103425 465773825 21649
414001047 530557 466351374 495724
426335967 68037 466304539 221793
146031380 183055 466394078 177072
228921943 65803 466342557 649366
257276315 5061 466131353 241106
292096641 112264 466427354 188876
400455394 211430 466302428 31628
56520346 112469 466389649 309149
212703590 410692 466413859 94077
191497539 508185 465731026 304577
465255312 933676 466139423 212743
135185453 525972 466424590 1971216
62323743 585832 464684517 9453
295771086 121664 465272688 211075
318467300 54211 465969644 397027
240578293 1437768 465994470 25502
270599462 637338 466360493 57173
80516571 615802 465315810 1079848
26397913 749031 464697629 67154
165844911 146416 465831400 325951
147743434 13096 465373963 897763
146701274 551187 465987971 986751
393869182 217147 465936140 274979
450924446 375914 466339874 82706
178769926 48655 466434050 334152
425380466 107429 465135749 1263061
312375055 457531 466482575 237767
123922261 96634 465100022 59940
116184187 185857 466337327 553697
125257826 153966 466256689 523536
83894913 837336 466279107 230143
424873614 185351 466428158 922487
110619331 91289 466448917 554588
1992771 603244 466456149 1088009
300839368 218282 465975956 959366
383965281 786889 466017539 611113
81358735 627858 466447762 85961
313847502 1198214 466490040 1625912
407859745 846837 466245053 356804
155234496 640488 466406347 236198
313247539 257691 466458520 2255399
369099096 409580 466474160 252331
145731137 724884 465812136 643532
166262975 907207 465978172 474112
129354526 300991 466362962 621742
252570397 456602 466479581 2442088
339427659 399748 465072179 147935
309510202 632803 466463162 673556
105264348 354732 465581863 1033915
258807515 846472 466395133 1657326
160406779 43586 466382986 45738
341013119 816960 465916943 316169
383250857 408490 465973598 1098647
124470456 1387688 465608088 336737
417764010 1461271 465625922 1122209
386314140 543112 466111450 1056403
117731915 301642 466007054 68021
78347242 1386971 465720661 319372
152531679 260101 466324638 1716677
87842402 14930 466402188 187041
117255189 455928 466279526 2474305
143988052 185641 466253668 631660
234256245 62092 466104611 1473970
204241859 62659 464654002 1012844
85685861 503176 465661325 1484165
317841928 1895512 466315146 100334
251112329 1142344 466473025 12827
152703731 2192 466087879 4720
278877776 408311 466468282 423030
76142412 36816 466106125 904214
457883440 226211 464910026 395145
308105931 38398 466298935 223942
298628950 210921 466493022 297496
431377808 51417 466140660 604246
308984959 770690 466504423 925291
75273121 45683 466312264 20795
312284297 39145 466024122 396953
198817799 660627 466254580 36277
264795313 4650 466375445 304887
137984835 352129 466398284 24251
95245177 242342 464753284 1261833
206901494 1168123 466478672 428950
465927296 138787 466206320 340299
127554841 498634 466255009 435806
247362963 498342 466051736 115695
314992719 176723 466356991 2274496
105310089 91409 466329843 260344
133306871 233351 465785787 673714
340569943 563725 466457905 229986
358830247 1128706 466100238 184599
44911034 521260 466289027 882073
436293341 42466 466366707 130410
309723163 581133 466215593 1333195
366852837 39050 466201194 478840
337743147 8946 466455064 1358582
301169734 33372 466122839 1014748
46621892 76072 466303216 1200150
240305891 6235 465358210 526007
380344659 470565 465267274 384320
376270943 427628 466137112 347536
252408635 222688 466409552 403536
103378498 402231 465717060 307739
159272399 337435 466248239 2381467
385062181 241125 466445701 793133
26240227 4219 462872572 330320
59239518 26646 466182097 72018
366000415 1150330 466504449 161185
90243193 342238 466461800 565466
207104822 228406 465869602 110024
149964445 681600 466328723 150418
141250886 633709 465962183 705364
235333278 492914 465838970 541644
333518421 555753 466297911 94318
148100729 475303 466460260 246102
226036501 2153551 465177210 1224686
248289205 315519 465804116 50867
185601404 593874 466405548 42851
125800278 54210 465577246 369309
368208751 550023 466234349 761374
340436649 661394 466163454 853938
444207571 556833 466101749 35697
222687249 539825 465669239 261013
134106956 83970 466504227 37518
58142594 887862 466288025 753845
459121858 452551 466202983 17901
40210783 425274 465831825 54517
58572554 492254 466164798 1264907
59290657 19144 466325765 331433
406346386 1956914 466453351 284220
443664902 541791 465770775 259037
129759330 80329 465539113 221847
139793464 46438 466088751 831685
174864300 124886 466230370 277531
178693062 524958 466403175 840631
88973344 1076462 466316217 21703
162436905 62136 466114142 797125
452230230 76396 466334276 1014089
298322685 260600 465839520 1264825
62865947 686841 465791069 32170
100830438 81582 465863880 1496989
356192305 1385777 466270815 585440
131451899 481859 466377266 475107
228158700 99909 466122763 381578
32503859 551776 466318107 10057
271665863 80190 466207401 53997
334877879 558758 465601621 503479
350870750 2706991 466355886 1671330
295342716 1822492 465283211 710307
55474155 121616 466370765 634358
429313024 2289397 465462712 231994
409975135 149387 466378407 1036647
402153499 229724 465186218 416782
102850111 233930 466443830 135051
103755817 143427 466367974 749934
280952539 546966 466108164 1014892
267004323 326457 466240550 534241
430590502 326354 466403239 1014678
139442116 682435 466363612 106623
163482972 252710 466471381 483248
314940805 1379381 466005713 427548
130850550 287324 466293488 350813
367848403 60280 466471227 48259
239158209 500136 466403130 1486154
137162878 80982 463914071 1060426
45108704 228341 466302438 254289
174389345 1081281 465642966 164842
59460144 596589 466249972 34998
42517310 248112 465884871 317026
29293477 887881 465915945 284952
989957 725772 466398848 677612
453571656 698558 466418643 378644
214807094 279450 464577865 609488
235191194 175697 465705930 257885
236445070 54245 466104505 252396
210723895 481987 466334797 62206
434124382 1865584 466493959 86942
235050994 304186 466021420 170721
114203358 96332 465925218 34536
130438996 338761 466494705 674671
146226713 77284 466075227 506915
183505034 207500 466412638 535812
167175189 736450 466455829 320258
262106187 16644 466294656 68822
180887245 880090 465118973 8347
217978681 548723 465879112 156621
400221773 187630 464564204 94131
407204683 1618900 466227727 280559
450546109 171667 465705588 1112748
187857558 789230 466350782 1527223
16882400 30464 466289946 9540
334196071 464171 466069390 1296198
413227938 50034 466177602 157506
2926275 120148 466371833 553486
339299838 1105022 465770328 443225
72979256 134149 466357356 392335
313089183 2089158 466173639 482766
258964103 801744 465448576 719975
392746220 698891 466099590 171677
432697631 680422 466217139 1392397
445647000 339520 466070296 1441978
7790688 148465 466232593 20155
135783097 279296 466501338 187797
73834867 1026373 466448372 58971
171553722 343397 466486187 1862062
290765241 38620 466111904 396166
21939288 141778 466472757 512646
264040559 729888 466306643 392364
302828733 839831 465311835 1679942
254718267 382180 464665550 866530
361230022 549688 466155322 219376
287297956 395305 465342478 1572920
108072904 475551 466325991 237344
326412917 317629 465835893 611205
88333305 43318 466086284 58550
101008132 239829 465605139 1016088
235027454 849884 466481468 361146
69234638 82968 466359380 453998
262334746 169936 465889213 381751
366538780 192278 466403432 248452
456767106 678563 466502990 105874
461474770 132152 466458190 51688
20259469 25007 466385591 79552
140860628 1256941 466367697 363539
177767418 186495 466024783 739126
44227708 268247 466179408 175835
54222093 46151 466173621 420950
342073011 57525 465959591 116289
255009536 229844 466273449 134435
406912059 464840 466335727 909843
248849405 140286 465926269 664603
260381141 155800 465530979 139704
97730830 813337 465563359 42761
55687124 142580 465610222 47928
425385940 229252 466034338 584774
324107030 98410 465783312 317157
268170240 117477 466398769 1630446
298773858 548733 466396399 516250
191439245 1513745 466497110 408957
175615316 8657 466058248 224512
300130350 384607 466354939 545740
379573191 348922 466505010 211514
94892574 81692 466453812 463322
156649522 1704037 465512327 444152
182189325 469181 466351289 276518
453433566 293867 465762338 902318
230821270 341563 466189422 36284
33242277 854708 466062082 269493
243469455 66939 464466726 467460
336163016 336137 464730255 187846
114220518 68711 466015016 237435
103246366 103883 466144077 73375
100546856 346400 465442136 47716
220778129 230042 466364101 702819
306805673 514101 465769590 1260614
349893370 287407 465672490 369749
108962014 899486 465813422 15320
