908 819182659
706846832 53443 818705867 81057
206353713 304473 818092397 23347
501567372 279733 819012526 277218
705417090 2495843 815737062 692396
248119805 66721 817312425 243881
424815149 494816 819068249 2565928
91130681 2750028 818936477 2519834
212388374 974632 818310667 422089
86076127 584505 818045522 2581215
391011872 351205 818695503 1196798
801953572 518407 818814415 442058
450116541 1634054 818557703 633134
337201371 107823 819182559 430219
388047385 748549 817288715 2326678
346031921 140652 818913612 1688658
64170859 911329 819051799 2677387
486959099 295577 818897294 275694
263046297 541794 818606887 831528
450970479 112233 817739917 806795
815815791 1601996 818249240 754170
611884147 1400251 818701636 131117
644852579 2124832 818169542 56258
574377259 10801 818600018 1033775
661114875 1151671 818214235 320707
285551960 729709 817573827 758481
746200948 387429 818399809 197937
263681883 1085042 818272938 205859
448261342 1642976 817391234 513354
344629204 177303 818412839 475168
766726810 511277 818691495 495793
566386859 2303970 818575723 239671
498903819 2590073 819146082 2213688
390080219 1777462 819003402 143338
579142955 205370 818991346 1811576
392558297 1329604 817751668 72551
811139173 2543656 816727862 1378080
812962542 565526 818688094 1280608
797128208 155863 819003776 771536
349117147 2940210 816688743 2354176
538468881 173915 816498950 1426415
271703876 2805660 819036998 336121
537645345 337320 817820323 129109
276865999 1061746 818856327 1179298
324294046 1026651 817878423 855572
381465984 120744 819068419 3352569
709836758 490221 819179978 692469
719609502 1329603 817075722 693111
456992189 425500 818847771 422786
478787724 150201 818682562 4594261
610131840 335405 817980503 810370
306253513 2483741 818460341 265487
219932591 757409 818637798 31501
140253213 105478 818214004 272759
85091238 413861 818626681 169594
51060045 2020 818590657 320068
126752084 1489888 818418160 450058
586924848 232732 818793060 1161601
650439257 821717 819092320 115067
160257197 94521 819119493 40754
98727763 4412535 818396579 301624
314459505 77933 818977352 2828665
78523955 504349 817518044 562967
15961682 1902040 818649739 803552
55663441 2708016 818289793 63907
327928541 1200326 817727213 2249481
711974435 1448855 819143745 275577
350219131 506083 818437834 134333
16598404 368769 819043703 469433
272036232 1008252 818712785 1307852
622275386 1626029 817843246 1849533
806650865 403200 818930492 1228585
508409559 513389 819152848 1393107
540527601 850784 818574086 811104
510977105 203765 818492334 688496
370225444 1263812 819170324 1277306
266496304 1374269 818755911 148844
404507164 2875277 818289064 1255375
746200214 2570687 818794710 657871
563364446 727350 819089605 181137
460320329 323726 819172369 351123
238002056 285873 819112968 186619
294209169 509503 816583575 2304942
3716502 661873 819127214 969189
745648406 2231170 818388295 104771
153707723 1112469 818185801 397527
318425954 409806 816419360 285452
133249167 171464 818223003 1431029
288476818 1557354 819135186 1610501
408069554 681916 818604979 140684
191904873 153927 818988756 187304
484985850 8875 818202842 1533111
464140781 856171 818634066 2120048
230636302 697693 816768059 2795807
410357165 1187954 817846989 1912261
409013894 1719858 818262765 2885677
533439397 204802 818413013 530360
774042739 391892 818975456 83815
81364296 2356833 817689584 2086954
750918166 625100 819145823 1066459
296303470 644615 818648217 105923
79252264 689291 817751360 157274
169283645 87907 818431707 631881
327131741 130944 819102741 927379
667910529 1924693 819031078 591787
481505709 1131721 818341294 318986
779252288 100841 818825681 497810
625217850 391901 817035297 656
717251970 1783638 817861461 380860
116651785 1936238 818738437 639476
344452094 375802 818762591 1087109
505606381 478985 818783970 419518
468018046 1630 818962253 2663795
32721585 731244 816657499 245408
197123519 219680 818623952 537406
417981536 912226 818505097 292968
616403644 242363 818712961 233473
447845921 247894 817846088 542957
212878600 1668066 818354868 185083
564239766 413341 818422134 614447
584248332 367689 818600169 313560
66404415 632298 818386424 1031511
104083065 38660 819179997 40254
612898877 236537 817749947 710914
223054673 634065 818588071 754297
443017641 202651 818632191 598231
607250038 174533 819177596 355144
193109599 834901 819143597 61855
445826453 46122 818723133 984062
630885890 860036 817999839 1054636
818215540 549499 818641088 12816
50065264 1155095 818944649 141802
74337873 1023453 819178860 298381
717181405 502224 815486608 323558
518253789 68070 818330407 280874
646521572 453612 818854981 696620
293816484 608292 816832305 1481098
754750545 1007012 818768542 448514
269643678 4687249 818283546 499723
301825112 34244 818332722 443884
303750581 840662 818706839 1634209
692839155 250301 818761367 29745
316506911 419112 818055718 1024451
76766275 45589 818182040 2426
343210851 585230 819100005 384064
456314625 595797 818964738 232413
349695121 83116 819089308 356237
719564153 1268573 816557529 1395910
31063434 1438238 818972005 170972
659584941 892620 818517493 1380932
114061754 71445 818548031 2097960
641403409 1475980 819098222 227932
81089863 687989 817790154 781645
803774828 418186 818605023 434930
622690423 81886 819059641 886329
76825393 2360783 817774134 862173
445085505 1515509 818218453 612806
330359221 243823 819137530 887158
723040707 923440 818841406 1944561
724506950 70079 819041493 443144
809363593 1194353 819166180 734328
806193717 1295318 819173698 419785
83764620 368016 818399037 745802
161999489 328495 817527319 1041303
743491142 1777424 816977919 348394
367566655 578518 818885859 3368329
383049354 2105464 819114694 195791
556326463 372943 818831007 127907
741215134 1938320 817588061 112397
612097463 840897 818848855 3240881
395376799 539121 818028426 993300
65397945 641850 817975371 1599764
463153001 905761 819045723 896615
272080973 60999 818795454 348436
661180919 566689 818666317 38382
455027905 26665 817755185 557800
195496243 314295 817945513 253024
195583656 3471790 816125790 2671281
705671856 289621 819067275 27515
591402375 10730 818420922 3034726
758644207 757446 819169555 104218
106062224 520609 818948687 562610
686535042 1311063 818021569 1405644
22820541 988648 818360226 205591
366056063 94125 818135816 203672
401575387 2593039 817840149 978732
436702103 762960 818416852 662668
464441421 1429085 816768768 35563
326974482 3161735 818993252 1206735
20366510 109570 817926886 606648
207361999 452243 818039126 94885
472837358 244426 818610813 673372
292015684 407708 818503751 1112289
63774279 71251 819106483 52740
43598739 32559 817934684 706046
306391105 939859 817595088 188510
515300481 754182 818953601 478287
675384639 723838 818558677 1202132
776240390 1212185 818620750 981668
425250333 660201 818963198 816771
220583105 1758375 818178713 649165
385108702 685409 819175875 406641
498322794 396643 818975827 1320118
802235047 86277 818376149 2395516
531402563 83701 818961715 67782
434782023 566710 819033085 1644905
654973862 1560014 817758445 197144
118324026 1399278 818643989 259045
768362360 1870300 818778205 166313
228723852 3681 818742553 810831
626489174 390100 818515237 305935
579264184 1026569 816537856 2750168
520498676 1428895 819102535 453493
201182793 736201 819052808 3477823
400957411 219424 818215887 590034
217874273 606821 818748344 1450600
560604486 786969 819091876 590603
59949457 919963 818944959 888124
543729973 1092930 818984576 790978
19640297 313831 816736175 198194
511507210 118841 818732630 17783
622403780 1191069 816711732 179684
513860989 1296132 816316969 1381355
497050981 148159 818542784 221025
339718787 167451 818973247 930688
464065774 366716 817645064 734641
336645585 2174514 818804840 651357
110042848 2815205 819168414 247219
736001173 403922 819087523 291888
657281597 46085 816811940 599475
148216072 754444 819089841 241604
651359809 222272 818001203 393336
266378047 2947377 818159721 185189
289817960 355390 819126598 443520
678637352 4813184 818778292 712487
596899008 290996 818175217 1809942
588676897 4106726 818889652 286977
328265767 25931 818144864 40249
682791936 130366 817477189 348036
339303571 355599 818876119 803087
218947668 87977 818594346 795918
506893878 62186 815167215 390205
18444372 416153 817696534 3059386
481335262 1871487 816025205 869483
114562862 367755 818889939 224917
157695500 2488819 818633819 247693
815844769 1196335 819110072 616765
281810734 251212 818980471 2969239
173213371 34417 813852993 1328971
410283682 572902 818386210 2338588
178235537 938967 817753310 1134295
819144058 353713 818797820 1147065
794774755 649691 818428296 51414
105831597 950304 817447348 381850
678661969 2282417 816498696 1273700
412225637 271373 818608324 210766
715928854 1693954 818448313 1390183
240061025 314477 818009820 158067
774478982 547115 818912472 351414
84830692 319640 818952439 508557
463297094 3199579 819139708 659609
467021053 220211 819016531 344671
101693243 1317526 818381023 25898
360819326 297992 819062595 136089
289395044 674076 818754672 31725
76221935 456826 819100149 3463231
800261972 129826 818748627 741846
345725359 1319657 817422759 1119
471512642 601168 817486134 1130220
711175039 406816 817211237 2004170
444957507 81197 817840403 930589
223868564 523545 818582897 537927
811825801 272167 818557552 1522470
778775177 326046 819068888 525196
7972744 2025912 818718286 228939
196997149 334715 818947815 636117
599167946 1312176 819125065 1106730
463371489 1499455 818965940 1206143
779823557 391153 817936891 1001878
399444288 148920 819150447 263572
253969211 961123 818846140 69299
732332331 514720 818678409 397118
776703112 740997 818826442 199900
348066512 2109709 818322786 1177835
695024794 619739 818797368 798
499376794 1140204 818345824 1035864
541778177 168494 819048416 36948
729411754 1567370 817079841 2978016
344155499 874672 817538116 145337
672160806 590069 818461866 407543
351903072 52151 818813427 380416
546753352 1696700 818539557 139197
335383615 263279 817618661 2229084
22091878 901224 817342937 489408
348271630 554159 817177894 79689
714810897 3845 818682141 149149
525407344 1498086 818942946 527237
106509619 229332 818986678 1019554
223416163 3208604 819056861 371390
209297710 1227450 818836430 2671860
422025005 1484864 818055855 206375
23418882 209738 819086835 302279
323795836 933486 819172747 1218381
471164178 74713 818897767 1804676
762213856 151615 818175492 506691
666592591 475045 818004734 263859
288257812 1051751 819078755 2422033
165347224 480992 817435999 503726
403763610 271267 819001438 177063
276535478 29609 818523122 108338
358405560 1594575 818932036 349373
43834270 355791 818755864 2900
27057500 49251 818673122 640431
295745892 4229049 818549550 493005
603785278 241208 818623226 1266716
205176699 459737 817244403 8762
8889232 238653 816372625 249342
329374592 1105181 818650301 5621
561953624 167077 818810594 2191367
394412475 2120643 816912000 2347652
734856830 2391305 817838678 1170966
141880791 122525 818027615 58993
643720387 578150 818469000 800698
553540606 550840 817906232 28910
269575879 52085 818978362 173196
268685355 74344 819101458 1007908
10275057 781535 818783678 497810
164099131 446030 816321407 1935506
742634610 548287 819152371 1306200
131100883 535215 818761349 182886
488063081 588295 818052555 380579
338077038 90974 818883675 1548961
752057902 1146309 819119538 1007965
513566611 607596 818633401 1931037
68822820 167826 816980015 541604
140304770 68846 815923725 248464
19902121 540788 816222987 1147594
502921347 242213 818393050 3012952
588346605 324058 819153140 523942
79973077 2063905 819054164 38503
243326966 92096 818755272 1120758
773707844 901411 819105458 618014
462269929 1120558 817217968 109286
459740796 156746 818587725 1123911
646926808 378461 818787505 1529850
745757773 2215 819116319 408564
775055984 543282 818970976 750448
646732463 1031100 818522369 1424418
611619045 252060 819027835 301154
6752071 856898 819181245 5948673
431149326 1264780 818528809 3341243
441907150 119597 818854109 1104204
715517894 1663210 818731630 1865250
753373025 644766 818535258 1725239
10005552 631473 816720164 630774
378185189 275871 818956314 524896
409591542 531840 819001088 1147175
406506529 151449 818898256 2812726
492676143 1120547 819055897 1616798
731514048 971130 819154713 912891
501569231 94985 815816670 280629
525123833 5577023 818413194 57310
485674460 2061877 819119554 1376043
593789634 303602 818686759 1925399
371346008 117040 818982118 7411
468057298 1309272 819118162 2635060
385034789 2350874 818361209 899817
382317244 3038254 819180851 367089
145658095 312789 818580418 1131662
310065845 179805 818954921 52309
768179076 159912 818635881 468615
271054148 98586 817602480 2269890
625766972 48357 818426742 2816698
421630247 1455612 816850567 4387156
318765621 38017 819166498 1076297
618075615 303224 819115476 1511354
55513917 1893493 817985072 108619
524454743 1070209 818174142 127193
260341984 320063 819148348 1257546
503906551 1950843 818418534 1100074
630169274 1241847 819120371 105606
777027531 1095172 819082706 61633
162423823 953498 818972928 570250
136731704 231720 818859714 2979941
353599790 586385 818737571 40571
392129669 585297 816347302 944325
512813310 1486268 818993793 610346
219866712 1748135 817844053 778712
65736201 213456 818861848 143145
442381648 14948 818806668 110316
207592289 912833 817470716 298732
456597668 3653 817583127 1751579
742581765 437607 818319308 110804
442431004 668541 818471436 1092738
771938536 712536 818039527 83709
698844485 241998 819048339 45504
611809947 38625 818829545 84115
49790641 8141 818491078 1381601
709045159 1594834 819057857 870231
516702819 345778 818582732 37190
191481737 237748 819084968 38322
678729329 423540 817955542 653903
127234609 865608 818616975 109648
498673993 145567 818596086 1092396
32447062 570077 817005512 135723
441131925 2444266 818738862 248964
314498309 891640 818462887 275496
714138100 775642 817081599 656081
319463167 26830 818151605 1133580
604450867 312581 819010153 4591198
312114549 2325156 817017073 1474557
469751200 2876918 818012627 1799795
266922497 995415 818582230 474859
443132558 336851 818189102 749058
595353785 1375240 818211570 1896100
674895449 460260 819066780 1656496
627025236 2037188 818790169 705950
664126973 249360 818726295 845116
14397069 1987641 818964083 287598
662721701 424009 819143097 178062
530825512 662268 818544393 201749
166096503 425872 819017068 2361764
193123846 1045903 818600963 312136
151599380 269372 815695272 108150
335589703 138313 818524039 4887
784458732 255039 818687279 2902385
312204978 1714071 819119233 71058
310402296 729593 818790016 159286
308149741 914593 817845688 206723
46945639 231055 817278258 139823
295187321 884134 818575103 514825
330247071 2870227 817576015 1123049
235877633 213846 819053479 402373
554468892 817434 818633017 2476968
269653339 1273836 819083378 938589
680864259 1683352 819013148 1030840
55396598 212640 818529132 358882
777671571 1803086 818560942 573021
659683390 782832 817825314 540257
789365339 1015837 818817863 3541333
83384369 50297 818947793 1532920
333751365 127930 817483895 4799
277599307 306892 819067641 1072065
288016137 24425 818984760 138591
164496152 425476 818829574 1099333
672456717 415977 819125850 68648
504726038 500267 812625334 1312221
544267559 300345 818963999 813700
741729961 1467761 818135092 175587
643759508 230523 819074901 45325
90332187 978404 818947857 1957877
725602874 226798 816650981 122343
619413984 2316815 817553328 2154259
71838088 1168354 816506254 784729
201328570 1467106 818451268 3430004
656911192 944380 818583699 2512052
376479843 1372803 818556460 638235
31789728 1301206 819095818 141600
233208886 1066259 818435841 74678
294332590 2218054 818690156 113527
705318099 2607471 819031147 1190665
325325409 129484 818547275 15157
522955440 2154475 818124191 1228004
752410426 1156413 818251110 1053963
32720996 160556 818656322 4240163
176898875 1850170 819139448 5283895
496251673 1175673 818696532 31432
392973466 342580 819036913 266530
125640065 33705 819021127 169789
228489522 1430494 818948315 1180354
472479921 2973892 818792453 570018
366483173 360909 818913001 1274158
421131729 1152171 818485942 656713
257773701 1970555 817068350 136037
762264669 814105 818395957 1350462
104013089 470981 818948662 52437
716974387 239781 818811025 2592948
444033766 1292091 819090005 16688
346575128 150434 818366290 1572430
766555121 1075216 818706089 676410
324076132 193543 818795899 123433
377204849 844598 818993530 2451803
750742481 2036264 818145744 719226
229388255 655820 818691515 1726814
181768381 730288 817936382 133671
584441116 1934744 818748436 74313
373306228 401109 818695761 1096567
147556764 1461363 819091616 493926
13317523 24570 817196198 416334
334682156 328693 818984934 353253
483250320 1834494 818585061 802229
585194631 1426222 818697757 590407
220461513 12257 819063203 1541728
551749801 68151 818530370 625886
756777782 1511250 819050259 811421
486965385 406984 817400324 35568
384715409 390806 816239931 807867
413860942 1652432 818497012 102439
131383906 103705 818633382 736913
757596097 350214 818867841 143311
353623924 79076 818798596 369608
754294096 1580042 818641603 134997
390406117 683853 818644322 867260
164161362 603199 819165447 662463
560467435 925244 819113715 25052
395857046 513222 818917303 241675
377826905 532772 818851471 399834
248329226 734207 818533694 444311
407170422 1823729 819140802 3456954
382717662 378983 818938119 672481
428310131 401685 815588989 365134
487043968 323310 818258349 2148909
191352883 481767 818958114 138990
6867279 863332 818253300 499863
41896224 168991 819149604 254981
327643071 585385 818307097 486880
696523218 824113 818723989 21433
253643529 658795 818448176 99569
655015030 1221451 819118056 1692921
558077030 1188013 818282846 613023
703548072 1282700 818837145 164060
591441621 273264 819044969 38338
689516573 10404 817963517 1963309
755962963 435039 818733549 181631
100486201 260830 819093870 938648
496032641 60908 818756932 487270
627362706 994111 815493908 1899734
636153669 1155817 818881639 309209
132857625 741492 817603644 451032
661229168 15426 818827871 870037
315904583 1160856 818321536 886354
203067561 523883 818924609 415913
625112481 3402320 818490126 3978713
695940671 364868 817640914 1253753
598481348 461752 818472481 1273720
449521416 234174 816523539 9164
628124072 210455 819090104 219202
765215936 417641 818818073 810269
633593031 1133915 819018833 119040
276866388 571439 818916902 1042870
274842326 254844 819140138 1800491
763739736 1137356 819025028 1600254
260832687 1504519 818471692 721715
729375604 1207029 818574028 676939
303275535 391270 818815087 152605
338795567 557348 819141003 1768852
563793440 1675843 816381153 2194065
209608356 323652 817275746 303649
655297183 89024 818634871 125762
671275017 626622 818545287 81406
325371973 1067755 817934480 1469743
432548706 927676 817419841 2580915
60229369 375499 818665888 60719
526512838 1140258 818555908 1064866
309225884 415176 817100080 84551
270719572 1840959 818818638 729503
439569015 402656 818582221 948726
546661752 534474 818527407 371814
512692961 175070 818874170 612428
394787063 74939 819090127 174535
639433542 2279388 818073556 514099
777574958 597849 818682080 1536925
625718517 889904 819119152 845225
300101632 3381662 818942910 23913
202076209 756240 817537543 796086
784032884 107361 819052243 527432
70878680 10509 817013836 490418
297729963 235519 817394235 2349109
343990798 503905 818717368 448907
334745444 376176 818515838 560173
547331558 309785 817983402 181518
408614119 92213 817222177 279338
601306461 427685 818769798 1876924
221990140 1768918 819034418 201423
149561680 907050 814898847 1648325
8427437 1487112 818577932 227729
39376916 43168 817386472 1138347
766138910 177589 818093842 708469
281974621 964530 817900138 840327
495355996 3481747 818627588 2296107
367891122 826097 817604285 499017
484551048 1318186 818340768 798819
278143135 409459 818455975 220842
15355960 400104 818730944 185951
381127420 3974675 818919275 197369
41220050 1050553 818500754 134677
321962676 713567 818082778 280398
211722034 1029835 817558501 859438
591556491 1838920 815530474 333394
135632733 447384 818182853 1152283
395356954 398245 817290052 492061
262271187 1782573 816631138 755158
81595253 552470 818648064 96984
511519244 1720679 816643894 650237
412072840 394336 818252966 2895041
201784992 512294 817987824 652902
476688609 1013845 818516237 28416
176167809 175056 818376939 164240
597714490 98767 817629732 1219403
476325260 240243 819100419 1689434
779430580 850338 818538249 435278
755937892 163683 818725495 133910
779944843 475942 817362167 57517
75069593 338580 817884826 153826
469810311 2430466 818659446 120501
82884628 354861 818796717 2801334
127190510 319887 818443663 478735
264744703 157102 818994336 1300754
281355276 166357 818027399 304883
263341165 87506 818981590 598975
524022544 71838 818934613 370321
651765352 1178318 818984051 142909
737830920 2473300 819141277 2646154
373715438 133397 818040455 1384065
348069472 137518 818805109 859434
110913530 665798 817069504 2513752
316804982 289347 818955346 1598399
756437978 29645 819056881 388522
65311245 768547 818435271 260960
806128275 577753 818403974 909211
236891136 756455 819087607 1189016
339190304 2449953 817062063 1022238
606851237 589740 817789093 363267
618971565 719810 816691333 1104718
134894679 936274 818187478 53326
13317994 348131 816544319 984775
208575050 248098 816467182 1250872
583148356 178417 816572647 113081
178469120 274831 818728044 1263172
487972787 559761 816337802 177333
731814116 739482 818056736 129279
459944600 92633 818950606 540550
620212970 708755 818365492 757621
186201463 817548 818281898 1662210
276504998 2639649 817962388 183790
283617386 2420943 818623936 1249869
517903957 444427 818063915 84398
387339312 433870 818125450 78261
817711405 177269 815789946 44484
643503041 1527494 817291283 2809724
81523631 473883 819067088 43464
302883852 133935 816862344 896166
98918645 289928 818931221 605535
494129874 527169 818413581 206806
349168087 52985 818797300 88636
768409138 1065829 819124514 383335
402507936 194243 818040066 110489
74758725 921076 818130066 460092
594967886 571104 818986591 227071
279195608 72527 818223840 673188
140602923 68510 818479626 16809
20199688 1220031 818495941 1283372
408278263 1172471 819111891 125111
302427744 3341054 818746078 502428
360240271 532963 818029586 111173
97382966 2456162 818903135 1342788
198103874 425122 819039969 179666
46213149 47080 818747378 666967
200756582 451563 818509234 375421
354122910 269093 818017813 673610
810804798 779966 817952951 581899
630955462 184407 819146393 69287
172870265 1430728 817436052 751109
75044207 786764 816098686 1298528
462679044 825178 818835206 1084855
50557400 70494 817752495 685213
413362779 173131 819130494 415676
703018991 54966 817646845 298431
103446881 246741 818963227 1759465
640048148 1345049 818452397 767659
162283343 7103 818986614 260969
66612258 779338 818923022 28741
266317122 437295 818422224 901292
769830490 1834764 816260962 51788
61407548 249954 818944671 307889
253120377 541298 816221157 843214
142924549 225776 817713471 2519320
166452899 245736 818038817 422301
506491701 1905710 818008992 526301
376654974 1222322 818838673 468849
207894560 343528 819162018 216181
590175125 271642 818042891 540107
509716650 2391848 818869478 2273091
589170751 355211 817253556 259494
648802865 2490301 819136479 1128928
653376060 3095917 819115353 736565
789227308 98748 819085010 44329
170949316 236521 818268887 556535
267642622 1841336 817980561 122135
560642607 2035394 818426159 888213
714630773 573137 818554904 342801
257586787 614786 817962504 3033842
782005681 117915 818975955 2378038
207324781 1492542 818766669 386721
330693753 1768178 817379940 3182204
520826179 142725 818946287 83358
20547225 714219 818882883 412037
30483017 1300640 817966487 199091
742891698 754858 818523310 2079127
45430140 596346 817871702 1451522
494328967 770217 818081246 164787
88908645 310055 818958501 999220
573189167 2624633 818095402 768037
273511138 3239323 818411801 150589
5246611 395637 819064651 1298277
512842550 250255 818768858 926626
315458401 170515 818740446 1165700
411913271 496045 819068813 1237674
171133458 1083231 817935629 114449
17409589 33078 818884980 3195353
452761005 1251060 818985852 282969
692035928 1951102 818148087 143922
438888422 1164611 817367422 1011460
347481789 250838 818856298 1515776
125925783 44520 818318000 1620443
317163155 713345 818104109 582261
530441764 1133240 818981183 1596382
523702396 359874 817652975 91549
712375864 178921 817754289 1364404
72499604 148197 818628346 214461
273204917 345371 818694514 720814
745027331 252280 818686353 683758
108839911 109068 818708862 726715
341730626 72933 817079785 286645
679763479 15900 818980841 1131834
480660872 138822 818593162 23398
546862740 580630 819137239 1457211
369962615 15695 818664436 783638
74466729 124499 818824699 284612
412110042 16587 817142388 86
685578314 224057 818202534 374296
63649259 1891375 816075120 241699
211132562 1442907 817830096 228
233597407 42367 819167733 772030
254798681 749282 819079805 334776
16148608 2827005 817433714 654174
693059207 1324505 818098816 196801
772508345 82271 818648063 12785
596249086 2070529 818390175 606016
411633953 1594283 816908408 153522
396917527 213808 818835542 502451
12802548 919327 818245987 519010
157774248 485262 817559702 1112995
344823142 373854 819022124 1075006
608522970 327728 818562893 1011366
206321528 1532611 816212902 281039
257525851 464754 816604343 1339676
647613044 251186 818564134 1369678
807364129 105326 818300479 330394
113704308 945720 818158281 109397
811491028 195072 816632226 158077
202365125 481882 818085769 151545
619036159 268929 818265189 397617
226799182 241370 818533880 298022
51424347 118321 819086196 2289169
375171639 1363141 817773172 481517
650379232 609581 818830891 22179
469348093 1097131 817895596 721746
768053372 1282135 818861838 56933
732362043 551656 818860586 2487954
566137025 284754 818519505 250730
106489299 1394852 819035198 214082
743773646 1776878 817727770 278807
689497880 409698 819166836 2180416
358394647 1233522 818669542 126874
774890337 589677 818911515 214616
454399617 528498 818617973 76695
102989299 878603 818580118 222204
670540503 651667 817099682 1288811
426258712 418552 818505519 490539
131870776 44507 819126700 511780
398619723 208894 818517687 783731
85640708 63085 818474666 414759
383274760 692509 819028261 736595
774208782 90191 818895101 73495
763367776 886667 819018340 585446
663901692 498314 819142665 300977
622682166 1092825 818371859 195059
250088799 356787 818922992 497126
548940633 349956 818821616 2078596
650266101 708436 816556432 3172339
199321762 755052 818496619 455997
814002675 1643614 819166709 534770
249096066 319448 818266977 2095607
332965586 940682 817867928 360773
170676632 6333 817305871 794963
524984463 718495 818970503 770680
548826064 433498 817096286 299842
550879619 67556 818807647 813922
693221725 380517 818874500 130070
402588973 835053 819107163 366446
805517628 1069837 818748806 234210
388511536 345062 816595184 26582
222341496 871601 818343689 2905
639010953 3599719 819037667 687496
396286066 321936 818346611 43355
305848083 1561338 818239702 488886
705789676 412896 819111240 608880
609903908 595530 817896678 190081
381638840 530154 816260168 1217027
728780626 2126967 817242841 179987
463660594 393992 818136821 335818
91464422 1232051 818109940 2499753
288594678 138399 818686266 8022
472247460 219272 818794229 187872
506817229 154436 819169160 231232
334679848 1919035 818469902 2442994
692182703 227728 817886545 138250
729078548 286984 818512366 244559
481974905 3818661 818980035 255288
681241494 90662 819038056 444432
735640930 380965 817888070 263679
272911001 77217 818548163 885767
414376685 553481 818096852 955766
337289505 347827 819122551 1482291
7663930 926655 818948495 48981
677208105 1620320 819072309 1667491
64467977 572030 818626551 2292368
107089389 506102 818412486 399794
383250515 310262 818760715 462368
770505266 104305 816088717 186379
371352531 138907 818861930 37788
578934831 2788791 818223577 298992
555314499 351866 818482223 106760
222163766 1058342 819100484 1063074
219001203 1067066 819043675 781321
492196808 314033 818587868 633873
803891481 555233 818670531 1348802
807365586 1127913 818414696 1198482
687462514 115105 818423191 832174
810834834 155847 818318639 1396928
336439525 215370 815753590 665488
541587698 421541 818556321 331002
758571254 192742 819033668 1545382
473234790 563091 818550327 2093604
282369266 57514 819022071 2090005
339152534 16118 819060143 1599532
362486249 2441967 817940817 52935
208997136 11057 818301047 373206
700949106 2967597 817084373 433638
580278006 487744 818474581 393582
475260390 201038 815219785 928334
490068182 652359 818850033 206455
615099357 881537 818315428 30745
429893085 1042878 818011660 132482
471519370 1963801 818893117 556943
585172270 335394 818552475 89115
816205050 2333112 818920173 328908
684717542 62364 818148796 150825
254095502 212466 818518257 74906
653644600 151230 818928024 665161
817336503 302164 817850590 559155
335629515 953150 818803349 3019014
350726525 377982 818633547 287091
106952739 852462 818184372 311564
346421345 1200258 819161290 337771
70189765 678462 818954463 129368
64999077 43456 818740810 1039651
34044651 420194 817765839 1589408
675477477 213228 818430234 264949
263835087 3528 818563643 972257
428637492 176996 818839024 1241606
639982996 294894 819025543 949544
318040594 1852806 818301186 2431588
772263006 100733 815985764 650069
725956817 631397 818768315 723484
279749546 157693 818904275 948860
608311637 1004811 817585087 2250520
735042072 633224 819028166 1050957
646426314 126450 818649772 1090339
181554232 471641 818629064 646252
461276459 357535 818898373 906560
28609266 407506 819054252 992269
290606855 640857 818416638 246101
368670741 436128 812888753 49061
457092454 244500 818737730 1604634
413991372 38397 817961431 1073981
547401935 1181130 819047084 72559
114175050 1229505 817867622 740015
714030516 1189380 818845345 928516
485144035 1840676 816367641 480853
242471050 697429 818459947 1210506
506346446 1163602 818993223 742126
781256393 1970328 818744474 576620
98337766 1201776 818589676 293746
593322375 72909 817402797 1267137
645381107 197044 816663169 270661
556933052 308857 819009567 222683
586230589 3281494 818734050 1178339
126904772 276745 814168240 225170
699524955 922971 818824705 106704
319665872 204897 816482084 58252
496589808 259088 818411782 40805
183376432 140032 819145486 1587292
242873102 1350545 818818638 1306940
479527421 132381 818959376 129100
573303254 100126 819013935 722309
678702969 1224231 819090431 2079522
495447684 483922 818853292 555717
475227094 417750 818652255 1060220
188460353 2115296 817572739 2902356
130718223 233402 818706461 73788
41226709 752385 816661194 428079
513286782 559577 819014759 254669
608379599 889158 818198689 336434
398536390 307244 815926629 192283
664644789 327173 815489621 266724
9133029 822841 818686749 431745
622805490 292582 819077363 682909
