22 289944405
131277851 206351 289912833 133604
187728605 592109 289692613 332989
219750706 145861 289647177 245728
109563255 630021 289926597 137722
44070924 386800 289371282 84041
230250055 879160 289426415 249863
226568 246270 289290710 128770
146835087 718823 289872618 291987
215473601 155164 289652122 120060
161753707 92639 289900251 150448
169324781 159225 289676753 86712
57856096 124409 289263768 58463
89428903 273110 289820457 24639
157341044 235781 289372401 433778
8958228 389562 289934556 245482
71795707 128474 289733990 581791
283647923 472215 289782398 1212628
88119129 73177 289885915 26636
39664343 427949 289162389 775290
208534192 217569 289616033 365547
61367461 635347 289882070 423990
166303998 162997 289504371 157430
