9984
0
720
1248
240
288
216
0
72
2160
0
480
0
960
0
144
0
960
0
0
0
4896
0
3456
48
192
0
0
0
0
48
216
0
7680
2952
720
1512
2592
3840
288
512
96
0
0
0
2088
0
0
192
792
144
72
0
792
960
3456
2880
864
0
0
0
0
288
0
0
0
1728
0
2088
432
0
9984
0
20160
192
0
0
0
504
96
360
0
13200
0
0
0
0
0
2592
0
2880
2688
72
0
720
48
2160
0
3024
0
144
0
0
0
1728
0
240
17760
2952
216
2880
0
0
3888
0
3456
96
512
360
1512
0
144
240
0
48
7488
1296
216
0
0
2160
720
0
1296
1248
864
0
0
72
1248
0
0
0
0
0
0
0
2088
504
0
0
216
0
792
144
48
0
1248
0
792
16320
144
192
720
0
0
0
384
1152
0
72
0
0
46080
512
0
0
936
0
0
0
0
0
192
0
0
504
0
0
720
1152
3888
0
1536
0
0
0
0
1512
2112
96
1248
936
0
96
1152
1296
1080
240
0
240
0
3456
0
3888
288
144
0
288
0
144
0
672
2016
1512
0
2088
1728
192
720
0
0
512
2952
0
0
0
936
0
0
576
0
0
0
0
360
0
0
0
0
0
144
2088
0
4800
72
0
0
0
13248
5472
0
3888
5472
288
0
720
96
0
72
960
0
1584
0
144
72
0
0
72
144
0
48
192
480
0
2688
192
480
0
2448
2952
216
192
72
0
504
0
192
0
0
0
0
0
0
0
0
648
960
720
3024
0
48
0
0
0
192
864
0
4800
72
72
0
0
9984
0
0
2952
0
0
72
0
1248
0
96
20160
0
0
576
240
1296
864
3456
7296
0
0
72
0
0
72
0
720
7920
1728
0
96
192
0
4800
192
1536
0
1440
3840
96
512
0
576
96
432
0
3888
0
1536
3888
1512
1248
0
384
0
0
192
0
0
0
72
0
72
0
1728
72
0
0
0
0
384
144
0
2304
0
1536
0
360
672
3456
0
0
48
192
1728
2088
0
0
6528
7920
0
0
5184
432
0
960
864
1056
0
792
7296
0
0
0
864
792
0
0
48
96
0
0
0
1728
432
6480
48
6528
2592
0
0
1296
192
576
512
0
192
0
2088
0
480
0
0
0
0
96
576
0
216
0
576
0
1296
360
0
192
504
192
6768
0
48
144
0
0
144
0
0
192
512
672
0
0
0
0
1728
960
864
504
0
1512
0
192
0
192
96
0
288
192
0
0
0
72
10080
0
0
5760
