0
0
0
0
0
0
0
0
0
576
0
0
0
0
0
0
0
0
0
0
0
0
0
0
2880
0
0
0
0
0
0
0
0
864
0
0
0
144
0
0
0
0
0
0
0
0
0
0
0
0
1920
0
0
0
0
0
0
0
0
0
0
0
0
384
0
0
288
1056
0
0
0
0
0
0
0
0
0
0
0
0
0
0
0
0
0
72
0
0
0
0
0
0
0
0
0
0
0
0
0
0
0
0
0
0
0
0
0
0
0
0
0
0
216
0
0
0
0
1056
0
0
0
576
288
0
0
288
0
0
0
0
0
0
0
216
0
0
144
0
3360
0
0
0
0
0
144
0
0
0
0
0
192
0
0
0
0
0
0
0
0
0
0
0
0
0
0
0
0
0
0
0
0
0
0
0
0
0
144
0
288
0
0
192
0
0
0
288
144
0
0
0
0
0
0
0
0
0
0
0
0
0
0
0
0
0
0
0
0
0
0
0
0
0
0
0
0
0
288
72
0
0
0
0
288
0
0
0
288
0
0
0
0
0
72
0
0
1920
0
0
0
0
0
0
0
0
0
0
96
0
0
0
72
0
0
0
0
0
0
0
0
0
144
576
0
0
0
0
0
0
0
0
288
0
0
192
0
0
0
0
0
0
144
0
0
0
0
0
0
0
0
0
0
0
0
0
0
0
0
0
0
0
0
1056
0
0
0
720
0
0
0
0
0
144
0
0
0
0
0
0
0
72
0
0
0
0
0
288
72
216
0
0
0
0
0
1440
0
0
0
384
0
0
0
0
0
0
0
144
72
0
0
0
0
0
0
0
0
