144
6144
0
0
0
0
1872
0
864
1728
432
0
432
0
0
0
864
0
0
360
1056
1536
432
864
0
6624
1536
0
0
2808
0
1728
960
768
1056
0
2664
936
0
3888
2304
144
576
768
432
1920
2208
3528
1536
0
0
1536
384
0
936
1872
2016
3528
0
0
0
768
864
960
0
4896
384
0
432
432
0
432
0
720
0
0
0
0
864
0
1536
0
384
2592
936
0
0
768
3456
0
720
0
960
864
384
0
1536
0
1920
0
0
480
1728
2208
0
0
0
4032
0
1536
648
0
0
0
360
0
0
0
0
1344
768
1728
432
0
0
1872
384
0
288
1344
0
0
2808
0
1344
0
0
1344
384
3456
2400
576
1728
2160
360
360
864
576
0
0
3528
576
3456
0
768
1920
144
2496
0
0
0
0
0
4080
1920
0
1536
3456
0
7776
0
0
0
936
0
1536
12960
1920
0
768
0
0
1224
0
1728
720
1872
0
480
480
0
384
0
360
2160
0
0
2592
0
0
768
0
864
1872
3840
0
576
1296
672
0
360
1536
0
0
576
864
2880
4320
0
2160
960
480
0
1920
1872
0
576
576
4320
960
864
216
0
360
720
0
0
1536
0
360
0
0
0
0
1872
576
864
0
0
0
0
432
0
0
0
864
1872
0
0
1344
0
0
0
0
1728
3528
0
0
864
2592
0
1872
0
576
0
0
384
2736
336
0
576
0
6336
432
2160
648
768
720
1008
2952
0
0
0
144
0
672
1296
1536
0
4464
0
4320
0
0
216
1872
0
216
0
0
216
960
0
0
1920
624
0
384
3168
216
1344
0
672
2304
1200
0
2304
0
960
936
0
216
5760
864
0
936
0
1728
0
0
2304
0
768
4464
360
0
1536
0
0
0
864
360
0
0
0
1536
0
1920
0
0
0
360
0
6336
720
0
0
288
2952
0
0
1920
3168
288
480
960
768
4320
0
0
1728
0
0
432
624
1536
672
672
360
216
936
1872
624
1344
0
864
0
432
0
0
2208
0
3528
672
288
0
1056
0
0
0
1536
360
1728
0
2664
360
720
1872
1728
8064
0
2304
0
0
2160
4320
0
0
1200
0
8064
0
216
0
768
3456
0
864
768
6144
0
0
0
288
0
0
0
1872
0
1536
576
0
720
672
216
0
0
0
480
0
1920
432
0
0
0
864
0
1344
720
936
1920
216
0
432
1296
2016
0
3168
432
0
0
0
624
1344
864
768
960
0
288
1728
0
864
1728
4320
2160
1872
1344
0
0
1536
0
7776
0
0
864
0
4320
936
576
768
1296
1296
960
0
864
216
0
1536
0
0
2208
4464
2736
648
4320
1872
0
0
0
480
768
0
4464
0
0
1344
336
0
864
0
0
624
4320
1536
0
0
0
3456
768
0
0
2112
0
1872
0
0
0
3456
1344
0
216
0
1920
1296
1344
0
2112
1536
0
0
384
1344
864
1008
2664
1344
0
0
1728
1656
768
4896
1872
4320
576
1536
0
648
1872
0
432
1536
480
0
0
960
0
1056
1872
1344
360
672
0
768
0
0
2808
360
0
0
0
0
1728
768
2304
216
0
768
0
1536
624
936
0
1536
0
0
4320
360
0
480
0
0
1656
0
0
768
480
3840
0
480
384
1536
432
576
3456
360
0
0
1872
360
2160
0
0
1536
1872
1920
4320
1344
1056
1224
0
2400
384
0
360
0
384
384
1872
432
0
216
0
2112
0
0
1440
0
0
0
624
1344
480
720
936
3168
6336
864
1920
5472
2160
0
0
1728
0
0
0
0
1872
3456
0
0
768
768
0
768
2952
3168
0
2208
0
2664
768
2592
1536
1728
1920
672
2160
576
1296
0
864
864
864
0
0
0
2400
1872
12240
0
0
1872
0
0
1344
0
1200
0
0
1872
672
720
1344
3528
0
0
432
3456
0
864
384
0
1152
0
6912
768
1920
216
0
576
288
432
1536
3528
1656
0
144
2880
1296
720
0
4464
0
0
480
3528
0
0
864
0
0
720
768
0
0
432
2736
0
672
0
2592
360
288
0
0
0
0
672
1728
0
2400
960
432
0
1536
1872
432
288
480
1728
0
4320
4032
1224
1344
648
0
0
0
0
2160
0
240
432
480
2592
0
5472
1152
0
2952
0
0
1152
2160
0
1200
0
216
1056
768
1440
0
624
216
624
0
864
0
0
1152
0
1344
384
0
768
1536
1536
864
576
0
0
6336
0
1872
0
0
720
1344
1728
0
0
1344
768
720
1728
0
0
1872
0
0
1872
0
288
360
0
0
0
2208
0
936
2592
720
1296
0
0
3456
0
0
0
480
0
1056
360
144
864
720
720
0
0
1056
576
1728
0
864
1536
0
3528
384
0
2952
672
0
0
0
12960
1200
0
360
864
1224
336
3528
672
4896
0
6144
1872
960
1296
0
1872
8064
2448
1872
720
0
0
1728
0
2880
0
0
0
0
1440
768
0
216
768
0
4080
2592
0
0
768
2400
3168
6336
0
384
0
480
648
3888
0
0
1224
216
0
864
0
5040
0
720
1536
576
1728
1536
432
