600
2880
480
1440
1680
1440
2880
600
1440
1440
5040
240
360
1440
600
360
10080
2160
360
600
1440
1440
1080
360
2880
960
480
2880
360
4080
240
840
720
4320
1440
5040
720
720
120
1440
2160
1440
480
1440
600
2160
1440
1680
720
2160
5040
1440
1440
2160
10080
1440
720
720
2160
720
1440
2160
2880
5040
2880
240
360
720
1440
2040
2160
360
360
1440
240
4320
1560
4320
480
2880
5040
1080
240
600
2160
3600
720
480
240
360
1440
240
720
1440
120
480
2160
1440
2160
1440
2400
240
3600
1440
1200
4320
120
960
2880
720
1440
720
2880
2160
600
2160
720
720
240
720
4440
1440
600
720
240
720
960
1560
120
3600
2160
1440
5040
7200
2280
720
1440
720
1440
480
240
2160
240
5040
1440
1680
1440
1440
360
2160
7200
720
1920
1440
480
720
2160
240
720
240
480
2160
5040
720
480
720
360
5040
2160
1200
600
720
720
720
1440
240
480
360
720
4320
2160
480
2880
5040
4320
480
2160
480
2160
360
5040
120
480
2880
2880
960
4320
240
3600
5040
2880
720
5040
840
3600
1440
600
480
1440
1920
2280
2160
480
3600
7200
10080
720
720
2160
5040
360
10080
360
720
480
2160
5040
360
4320
10080
1440
240
5760
1920
1440
1200
720
2880
360
120
4320
480
1440
5040
2160
1320
2160
4320
1320
5040
1080
2160
4320
720
1440
1680
2160
2880
2160
960
600
5040
4320
1440
720
2160
1440
600
840
2160
1200
1440
1440
1440
2160
360
1440
1440
600
240
720
2160
480
5040
2160
600
2880
360
2160
120
360
1440
2160
10080
720
2160
2160
480
2160
240
720
1200
600
4320
600
2880
5040
720
840
1920
720
5040
960
5040
1440
720
5760
2160
360
600
5040
720
2160
1440
720
480
1440
480
1440
240
960
5040
3360
1440
480
480
720
2160
720
5040
1440
2160
2160
2160
240
720
2160
240
480
5040
1440
240
480
1680
720
4320
5040
5040
720
240
720
240
1440
1080
1440
2160
5760
240
1440
2160
1200
2160
120
10080
3600
720
1440
240
360
720
1320
7200
360
2160
7200
3840
720
1440
480
2160
360
1440
3600
2160
720
720
1440
1440
240
2880
2880
480
240
1560
10080
3600
2160
720
720
1680
720
1440
1440
2160
1440
2160
2880
960
480
2160
4080
2160
2160
1440
5040
240
720
2160
720
4320
480
720
1440
5040
480
5040
720
720
600
1680
5760
2160
480
2880
3600
1440
240
1440
960
5040
480
1440
2160
2040
2880
1440
1680
840
1440
2040
6720
240
2160
720
5040
4320
480
1440
1680
2160
2160
2160
1440
1560
4320
2160
1440
720
2160
1440
1440
5760
600
5040
840
240
1440
720
1440
360
2160
5040
3600
240
720
720
720
2160
5040
720
4320
240
720
480
2160
2400
2160
1440
5040
2880
2160
840
480
600
480
240
1920
360
720
1440
1440
720
1440
1440
4320
1440
960
1440
240
1440
720
5040
600
1440
960
2160
1440
2160
360
240
2880
5040
3600
600
480
2160
2160
8640
5040
1440
480
1440
2160
960
1440
960
5040
480
600
2160
240
720
2160
480
1440
5040
1440
5040
10080
1440
5040
2280
5040
5040
1200
3600
2880
240
5040
720
2160
1440
720
1440
2160
5040
960
2160
1440
240
1440
600
2160
2160
1440
720
2160
2160
240
1200
720
7200
120
5040
240
360
5040
1440
720
720
840
240
960
480
360
840
480
5040
1440
2880
720
5040
600
2880
720
1440
2640
2160
1440
3600
1440
2160
120
360
2640
4320
1440
1200
840
2160
480
2160
1440
720
720
240
3360
2160
720
240
600
5040
240
2880
2160
240
240
2880
1440
2880
10080
720
2160
720
10080
360
840
5040
3600
480
1200
2880
240
480
2160
360
240
1560
3600
720
2880
240
2160
2160
2160
720
5040
120
2160
5040
360
960
5040
1440
1680
720
720
360
2880
2160
840
1440
720
720
360
2160
2040
120
2160
600
5040
2880
5040
1200
2160
720
720
5040
2880
5760
240
2160
720
4320
1440
4320
720
5040
240
2160
1440
480
1440
240
2400
720
240
1440
720
2880
720
360
1440
720
4320
1440
960
5040
840
240
1440
5040
1440
2160
1200
240
1440
840
240
480
2160
960
1440
600
2880
720
5040
600
240
480
600
360
240
1440
720
360
360
3600
5040
8640
240
1680
5040
1440
360
5040
840
10080
480
360
1440
2160
2160
240
3600
5040
720
960
240
720
3600
2160
4320
4320
1920
1200
5040
1440
720
2160
1440
1440
3600
720
5040
360
1560
240
960
1680
360
1440
720
1440
10080
1440
1920
2880
720
1440
600
4320
960
720
3600
720
2160
240
720
1440
5040
1680
1440
2880
2400
2160
720
360
3600
1200
720
720
1440
1440
5040
2160
2160
5040
1440
1440
1320
360
240
360
1800
480
360
4440
720
480
360
240
2160
5040
480
5040
360
4320
1680
2880
2880
1440
1440
360
5760
1320
2160
720
2160
1440
600
5040
2880
240
720
2160
720
600
2160
5040
1200
2160
10080
600
1440
120
2160
960
4320
7200
2880
4320
720
1440
480
240
2520
1440
480
1440
1440
720
1440
360
4320
480
480
2160
480
1440
2160
480
480
5040
240
1440
2160
1440
720
2160
1680
1440
5040
720
240
480
2160
5040
4320
2160
600
3600
2880
2160
1680
2160
720
2160
720
10080
720
960
600
10080
1440
10080
360
720
720
720
1440
1440
1440
1440
1440
960
5040
1080
2880
720
480
5040
720
1440
1440
600
1440
5040
2880
2160
2880
2880
5040
5760
3600
720
2880
720
2160
1440
