38880
20160
63360
20160
56160
28800
106560
20160
56160
20160
40320
60480
36720
40320
20160
40320
20160
20160
40320
41280
40320
40320
64800
28800
20160
8640
75600
90720
12960
20160
60480
20160
25920
36720
40320
20160
8640
20160
110880
80640
40320
75600
28800
108000
20160
40320
40320
20160
110880
28800
41280
30720
21600
50400
17280
20160
60480
80640
106560
25920
64800
11520
28800
36720
28800
28800
63360
36720
8640
70560
40320
50400
20160
20160
28800
20160
20160
40320
89280
20160
8640
30720
66240
36720
40320
60480
17280
90720
118080
53280
40320
40320
36720
75600
20160
75600
8640
36720
90720
40320
40320
40320
110880
44640
60480
8640
63360
20160
28800
20160
20160
36720
53280
36720
8640
2880
17280
53280
40320
40320
66240
73440
106560
72480
8640
53280
20160
36720
20160
32640
106560
72480
41280
110880
20160
80640
90720
90720
50400
40320
20160
40320
56160
36720
8640
63360
63360
20160
20160
20160
53280
8640
40320
20160
75600
75600
40320
44640
60480
20160
151200
110880
40320
64800
60480
72480
11520
20160
11520
20160
73440
36720
118080
20160
80640
80640
40320
20160
12960
86400
86400
20160
90720
28800
53280
64800
40320
8640
44640
20160
89280
90720
40320
40320
89280
20160
75600
20160
40320
80640
90720
20160
25920
63360
63360
20160
28800
106560
28800
20160
72480
8640
2880
15120
20160
63360
17280
28800
8640
40320
63360
20160
90720
113040
28800
75600
40320
40320
25920
20160
89280
20160
20160
20160
30720
44640
106560
110880
20160
118080
40320
20160
63360
36720
25920
75600
20160
36720
20160
110880
75600
60480
44640
90720
20160
41280
8640
20160
155520
40320
90720
40320
28800
40320
40320
25920
20160
8640
20160
30720
30720
20160
106560
60480
155520
40320
60480
28800
20160
20160
40320
20160
40320
60480
80640
40320
64800
20160
40320
60480
20160
106560
40320
40320
25920
75600
25920
53280
8640
25920
60480
41280
36720
40320
64800
40320
20160
90720
53280
75600
44640
64800
151200
40320
8640
53280
36720
40320
40320
11520
8640
50400
60480
37440
118080
20160
11520
53280
20160
110880
75600
41280
40320
8640
40320
40320
28800
44640
36720
110880
2880
63360
90720
25920
110880
20160
20160
20160
8640
155520
8640
60480
36720
44640
89280
40320
151200
66240
8640
64800
36720
50400
40320
20160
75600
40320
75600
28800
80640
36720
50400
5760
20160
28800
89280
66240
60480
53280
40320
40320
20160
60480
28800
75600
36000
20160
28800
20160
20160
36720
21600
70560
73440
20160
63360
20160
36720
40320
20160
30240
11520
40320
60480
20160
60480
20160
40320
20160
20160
40320
105120
20160
28800
20160
8640
28800
28800
40320
28800
20160
20160
20160
20160
8640
75600
20160
40320
110880
15120
28800
110880
20160
25920
80640
20160
25920
36720
75600
41280
20160
20160
75600
40320
72000
17280
53280
20160
75600
36720
20160
40320
20160
53280
63360
60480
89280
60480
75600
60480
60480
20160
40320
8640
60480
20160
20160
64800
60480
151200
53280
106560
20160
70560
40320
106560
20160
20160
20160
70560
63360
60480
20160
66240
20160
106560
40320
44640
8640
40320
20160
63360
8640
20160
155520
20160
17280
12960
64800
40320
28800
8640
40320
20160
40320
20160
41280
44640
64800
18720
20160
40320
155520
20160
20160
20160
20160
73440
28800
20160
73440
63360
25920
15120
40320
64800
90720
50400
20160
64800
80640
40320
60480
40320
73440
90720
66240
40320
53280
53280
60480
20160
8640
155520
64800
41280
20160
36720
40320
53280
8640
40320
8640
63360
44640
8640
40320
40320
8640
60480
20160
110880
20160
44640
28800
28800
155520
53280
20160
40320
72480
110880
40320
64800
63360
63360
20160
20160
116640
8640
44640
106560
60480
110880
89280
89280
75600
40320
40320
106560
20160
20160
75600
75600
110880
11520
44640
17280
142560
40320
8640
40320
72480
53280
28800
64800
40320
25920
90720
60480
60480
20160
89280
60480
80640
40320
40320
60480
20160
73440
36720
53280
36720
75600
116640
28800
32640
17280
40320
60480
110880
64800
2880
28800
60480
75600
20160
28800
60480
17280
63360
28800
40320
53280
151200
44640
20160
90720
8640
151200
8640
28800
40320
20160
17280
60480
89280
63360
75600
28800
40320
28800
40320
17280
53280
60480
28800
28800
8640
155520
20160
80640
63360
40320
8640
50400
106560
40320
20160
66240
40320
40320
36720
20160
28800
20160
90720
8640
40320
28800
20160
90720
40320
40320
20160
50400
40320
20160
53280
28800
64800
60480
106560
40320
28800
40320
75600
40320
20160
73440
44640
72000
40320
20160
8640
40320
28800
60480
40320
118080
90720
40320
106560
40320
40320
8640
28800
28800
80640
44640
63360
36720
40320
50400
75600
40320
106560
44640
53280
36720
36720
53280
40320
60480
36720
60480
36720
53280
89280
89280
80640
36720
40320
25920
20160
40320
44640
20160
40320
28800
20160
21600
40320
40320
8640
90720
20160
20160
20160
8640
60480
53760
20160
40320
110880
106560
44640
8640
28800
41280
36720
20160
40320
11520
20160
75600
8640
28800
20160
28800
105120
110880
28800
20160
17280
20160
40320
86400
2880
106560
40320
20160
21600
20160
36720
18720
25920
20160
40320
80640
90720
40320
20160
8640
60480
40320
90720
28800
64800
44640
20160
75600
20160
28800
20160
75600
60480
20160
20160
155520
53280
8640
40320
20160
60480
20160
40320
20160
12960
151200
60480
36000
20160
20160
28800
40320
110880
80640
17280
60480
20160
40320
80640
20160
8640
8640
20160
40320
73440
8640
63360
40320
106560
40320
56160
40320
60480
40320
40320
20160
64800
40320
40320
50400
28800
28800
53280
40320
110880
8640
40320
73440
20160
40320
60480
40320
11520
28800
20160
8640
28800
20160
155520
53280
20160
15120
25920
20160
30720
40320
40320
40320
63360
44640
60480
40320
89280
64800
28800
20160
80640
8640
21600
155520
110880
106560
89280
20160
75600
40320
40320
75600
20160
40320
64800
60480
28800
28800
75600
28800
40320
28800
28800
90720
60480
25920
86400
25920
63360
40320
11520
40320
151200
151200
75600
36720
20160
53280
116640
80640
20160
40320
110880
20160
80640
20160
20160
40320
20160
40320
20160
40320
40320
53280
172800
20160
41280
2880
50400
8640
40320
40320
20160
40320
44640
8640
8640
28800
106560
60480
36720
151200
28800
106560
20160
116640
28800
40320
118080
63360
40320
8640
20160
28800
40320
106560
41280
8640
30720
36720
36720
