3120
3600
4320
4320
9000
40320
38880
3360
25200
34560
8640
10080
6960
1920
1440
15120
25200
7200
40320
15840
1680
5760
18720
2400
10080
11520
23040
15120
1440
5760
8640
15840
15840
8640
15120
11520
15120
5760
16560
30240
8640
5760
40320
13680
15120
15840
40320
15120
13680
6480
4320
40320
5040
7200
1440
4320
7200
4320
1440
15840
3600
15120
20160
4080
3600
5760
10080
27600
38880
4320
15120
15120
7200
5760
4800
30240
20160
40320
8640
30240
35280
1920
25200
8640
15840
33120
10080
4320
15840
23040
30240
20160
3600
2160
11520
35280
3600
1440
12960
2880
4320
7200
40320
18720
33120
10080
14400
15840
3240
15120
15120
15120
12240
24480
7920
7200
23040
45360
14400
12960
10800
40320
35280
30240
15840
10080
17280
8640
11520
30240
10080
7200
20160
8640
40320
3600
3600
2880
18720
9360
3600
10080
10080
2640
4320
12960
3600
4320
40320
10080
15120
10800
15120
11520
1440
10800
3600
2160
4320
720
9360
10800
1440
5520
8640
30240
7200
20160
25200
12240
17280
40320
10800
2160
9600
2880
25920
6960
8640
4320
10560
30240
11520
15840
3120
10080
20160
10080
5280
20160
10080
7200
3840
10800
10080
8640
10800
6480
12240
8640
3120
2880
35280
10800
2280
4320
7200
8640
3600
2400
9360
40320
25200
1920
15120
40320
20160
4800
10080
11520
40320
40320
18720
10080
3600
480
1920
13680
3600
2160
10080
4320
3600
10080
8640
15840
12960
30240
2400
35280
11520
13680
25200
10080
10800
15840
15120
20160
4320
20160
9360
10080
2880
40320
30240
7200
4920
24480
8640
4320
8640
1200
15120
4320
12240
6480
9360
3600
2880
15840
14400
35280
4320
4320
1680
4080
35280
1680
8640
35280
11520
13680
1440
30240
15120
2880
9360
3600
2880
5760
10080
5760
3600
14400
15120
7200
10800
10080
12960
25200
3600
10080
7200
8640
25920
8640
25920
24480
10080
4320
15840
45360
6480
1200
14400
6480
480
12960
25200
10080
4320
22320
1440
3120
4800
4320
10080
8160
17280
8640
7200
12960
480
15120
38880
3360
35280
5760
12960
8640
15120
6480
720
7200
720
40320
30240
5280
6480
3120
15120
8400
2400
23040
6240
1920
4320
23040
15120
15120
10800
6480
8640
8640
4320
8640
1920
35280
5760
3600
7200
15120
3360
8640
3120
5760
45360
35280
12960
8640
2640
6480
6000
15120
12240
2400
2880
1680
6720
40320
15120
33120
13680
40320
10080
2280
10080
30240
10080
11520
40320
5760
22320
4320
7320
6480
1680
5760
7200
12960
25200
3600
15120
7200
4320
6480
4320
15120
11520
20160
40320
7200
24480
15840
10080
50400
45360
2880
25200
33120
15120
18720
40320
15120
9360
18720
2880
4800
12240
13680
11520
30240
11280
5040
12960
6480
8640
40320
9120
4920
30240
14400
25200
4800
7200
10080
34560
6240
11040
1200
9360
28080
15120
9360
25200
10080
6480
15120
3840
10080
15120
2880
11520
3360
3600
10080
40320
15120
4920
4320
9360
5760
35280
3600
480
960
7200
5760
4320
15120
40320
30240
10800
10080
10080
15840
44640
18720
15840
2880
10080
10800
3120
8640
40320
8640
40320
12960
10080
15120
7200
7320
40320
20160
7200
8640
4320
5520
12240
4320
35280
15120
18720
3600
25200
5760
12960
1200
40320
15120
24480
10800
15120
4200
3600
10800
15840
35280
15120
40320
3120
35280
15840
8640
11520
33120
12960
2400
4320
15120
9360
15120
4320
7920
15840
40320
15120
15120
30240
2160
6720
14400
15120
10080
10080
3600
38880
1920
7200
4320
14400
7200
4320
7200
15120
7200
10080
5760
15120
6960
12960
4320
4320
4320
8640
10800
5760
20160
24480
11520
15120
18720
40320
12720
10320
4320
31200
2280
7320
5760
11040
12240
3600
12240
5760
10080
15120
3600
3600
13680
40320
40320
6720
40320
15120
9600
7920
1920
14400
3600
9600
4320
40320
3600
33120
15120
40320
15840
1440
12240
7200
3600
40320
960
38880
3600
20160
15840
15120
12960
6720
40320
30240
3120
23040
10800
4080
15120
10800
8640
13680
12240
2640
11520
3120
10080
25920
3840
3600
20160
15840
25200
9360
15120
2880
4320
3600
40320
15840
6960
12960
6480
9360
6000
10080
9000
38880
9360
30240
15840
40320
3600
2880
8640
7200
15840
2280
10080
15120
5760
7920
28800
3600
25920
12960
10080
40320
15840
1440
12960
6000
8640
1440
4320
12720
35280
3600
10800
20160
23040
2880
10800
10080
8640
15120
10080
15840
15120
5040
10800
40320
15840
8640
12240
4320
12240
40320
10080
15120
3600
5040
40320
25200
2400
10080
3600
35280
1680
12240
12960
12960
23040
15120
3600
15840
30240
3600
35280
40320
15840
10800
1680
5760
5760
12960
7200
3360
8640
25200
28800
30240
10080
1440
12240
1200
8640
40320
15120
11520
6720
11520
10080
5760
5880
25920
3600
3120
2880
960
12960
3120
5760
40320
2160
15120
2640
12960
40320
11520
4320
3600
3600
2160
15120
5760
5760
12720
4320
15840
15120
10080
3600
4800
3600
25200
11520
20160
960
12960
4320
40320
3600
3600
30240
4320
15120
18720
15120
14400
4320
15840
10800
3600
12960
10080
11520
5760
4320
20160
8640
3600
14400
11280
5760
5760
1680
2400
720
3600
14400
25920
14400
5760
6480
9360
1440
480
6000
6960
8640
8640
13680
3480
4320
5760
15120
2160
9120
1680
3600
10080
20160
10080
40320
4320
15120
25200
12240
960
3480
3840
4320
7320
10080
4320
40320
3600
7200
9360
10800
4080
15120
10080
13680
10080
1440
4320
15120
25920
4320
15120
10080
12240
8640
18720
10080
1440
5760
18720
11520
8640
3120
2400
15120
1200
8640
4320
9600
480
7200
7200
16560
4080
13680
480
10560
3840
15840
20160
20160
10080
20160
15840
6240
8400
4800
4320
20160
10080
30240
5280
6480
8640
10080
8640
34560
8640
4920
15120
25200
9360
7200
480
40320
40320
15120
6480
10080
10080
5760
30240
15120
15120
4800
15120
3360
10080
3120
12960
15120
4800
25920
1440
15120
35280
3600
1680
5760
40320
5760
1200
10080
3120
12960
12240
4080
5760
5760
3360
10080
8640
15120
10080
25200
5760
6480
1920
12960
18000
1440
15120
3360
6240
4800
40320
34560
3600
40320
40320
6480
