2880
5040
120
360
240
1440
2160
720
360
720
720
4320
5040
600
720
5040
2160
360
360
35280
1440
1440
360
1560
120
5040
3600
5040
3600
720
120
240
2880
120
960
720
720
1440
720
2160
30240
120
3600
5040
5040
120
3600
10080
2880
720
120
2160
720
1680
960
4320
240
1440
240
3600
720
240
15120
360
20160
720
4320
120
240
1440
480
1440
4320
720
1440
1440
240
720
50400
720
720
4320
720
4320
720
3600
5040
4320
3840
1440
20160
1440
2160
1440
7920
240
1440
720
720
4320
2880
7200
600
5040
5760
3840
6480
480
120
240
25200
720
600
1440
840
2880
1440
5040
15120
480
4320
360
10080
10080
5040
1440
15120
120
960
3600
3600
240
1440
360
480
5040
1200
1440
240
1440
2880
720
1440
2880
120
120
1080
1440
10080
1440
240
240
1440
4200
2160
120
4320
7200
5040
1440
2880
1440
4320
240
10080
4320
5040
2160
1440
2160
5040
240
5040
120
240
720
240
480
1440
1440
10080
720
720
5040
120
5040
1440
5040
120
720
720
240
720
480
5040
120
1440
720
720
120
720
5040
4320
1440
23040
2160
10080
2880
10080
720
2160
1440
1440
20160
5040
240
720
240
720
1440
480
720
2160
1200
1440
120
240
30240
15120
1440
5760
5040
720
8640
2880
10080
1440
480
720
2880
240
360
720
1440
8640
1440
5040
5040
240
720
4320
2880
5040
1200
960
240
2160
240
1440
480
2160
2880
2400
360
1080
10080
10080
2160
720
1440
5040
240
720
1440
720
1440
5040
1800
5040
720
720
8640
720
1440
1680
240
9360
120
3600
40320
15120
960
3600
240
15120
1440
720
3360
2880
3600
3600
600
7200
600
240
720
720
2160
720
1440
720
10080
5040
4320
2880
1440
360
1440
720
4320
720
1440
600
720
15120
720
1440
10080
1440
240
7200
2160
1440
240
13680
120
480
720
1440
120
2160
3600
720
600
2520
2880
720
720
240
480
480
1440
1440
1440
2880
720
720
600
1680
240
2880
720
720
720
720
720
1440
1440
720
240
600
720
240
5760
720
1440
9360
1440
1440
720
1440
5040
120
240
40320
2880
120
720
240
1440
720
4320
1440
720
720
120
2160
360
1440
360
3600
120
720
3600
1440
120
240
1440
720
120
1920
15120
5040
1440
720
720
8640
1440
5040
1440
10080
10080
720
3600
360
240
11520
720
2880
1440
2880
5760
7920
2160
2880
720
15120
40320
720
960
1440
4320
2160
120
720
10080
1440
1440
960
720
1440
1440
1440
720
240
960
720
720
3600
1440
1320
15120
120
3600
480
360
2880
240
1440
5760
5040
2160
4320
480
25200
720
480
720
240
2160
5040
10080
720
2880
480
480
960
240
720
720
1920
120
360
120
40320
120
5040
2880
1440
10080
3600
720
3600
720
720
120
2280
720
240
720
240
10080
720
120
5040
960
720
720
2160
720
720
1440
120
10080
1080
1440
5040
1200
2880
720
240
720
5040
240
720
720
2880
1440
240
5040
1320
720
720
5040
7200
1440
4320
1440
120
9360
720
120
25920
10080
15120
8640
240
9360
1440
720
1440
1680
1440
720
240
20160
1920
480
10080
1440
20160
720
10080
1440
5040
120
25200
15120
240
4320
840
4320
5040
720
5040
120
2160
720
8640
1200
10080
1440
5760
720
1440
240
5040
3600
1440
360
720
1440
720
1440
360
2880
1440
240
7200
720
5760
240
1440
360
720
1440
240
25200
1440
4320
5040
240
1440
1440
5040
5040
1920
5040
5040
120
120
480
15120
600
120
2160
480
5040
120
2880
720
7200
480
4320
720
1080
5040
40320
720
120
15120
40320
720
720
10080
10080
240
720
720
720
5040
840
360
5040
1080
480
240
960
120
1440
2160
240
480
30240
2160
4320
960
5040
1440
720
720
720
1440
720
1440
720
5040
3600
720
1440
1440
8640
120
720
10080
720
2880
1440
480
480
1440
2160
720
240
1440
1440
10080
5040
3840
8640
5760
5040
720
10080
960
15120
720
2160
10080
2880
5040
120
120
480
720
1440
5040
5040
4320
480
720
3600
720
720
2160
5040
5040
720
960
2880
5040
1440
1440
5760
720
3600
240
1440
720
2160
1440
720
2160
480
3600
15120
5040
120
2160
720
720
720
2160
240
960
720
2160
5040
20160
2880
720
240
720
480
5040
120
480
720
2880
1440
1440
720
3600
120
480
2880
1440
720
7920
5040
960
5760
4320
720
120
720
10080
10080
240
720
480
2880
120
720
120
1440
480
8640
240
2160
240
240
120
1440
5040
240
3600
1440
720
1440
3600
240
240
480
480
5040
1200
15120
120
1440
120
3600
120
720
10080
120
720
5040
120
15840
3600
10080
15120
10080
1440
840
720
7200
240
2160
1440
5040
1440
5040
3600
10080
120
1440
5040
720
720
240
120
1440
2880
2640
720
2880
2880
5040
35280
1440
720
1440
720
10080
360
2880
10080
240
40320
720
10080
1440
7200
240
5040
720
1440
1440
720
7920
1440
240
240
3600
720
30240
5040
2880
5040
15120
1200
1440
120
720
2880
720
1440
720
240
3600
720
20160
960
1440
1440
360
1200
1440
2160
720
240
5040
2880
120
720
480
10080
960
5040
480
40320
5040
10080
1440
720
1440
10080
1440
5040
120
240
1440
720
240
120
240
360
1440
720
50400
720
1440
480
600
240
720
3600
120
20160
720
720
1440
3600
480
10080
15120
480
720
720
360
720
2880
720
1440
960
1440
240
6480
10080
8640
120
1440
1080
360
1440
3600
480
120
1440
720
10080
15120
2160
240
4320
5040
720
240
