360
5040
720
2160
1680
2880
720
720
240
2880
2880
480
720
5040
2880
5040
5040
2880
2880
720
720
2880
1080
360
5040
1440
600
2880
720
2880
2880
1440
2160
720
120
5040
1440
2880
2880
720
120
2160
5040
720
360
2040
720
5040
600
720
5040
120
1440
2400
2880
240
240
5040
2880
1680
2160
480
600
1560
2880
1200
720
2880
1440
720
1200
480
2400
2160
720
1440
840
5040
5040
5040
2160
2160
2160
2880
960
720
2400
720
5040
1200
120
1800
2880
120
720
2880
1440
1200
2880
2880
240
120
720
5040
2880
720
720
5040
120
720
1800
5040
5040
240
2160
240
1200
840
720
360
2880
5040
720
720
720
720
840
120
4320
1440
1440
240
720
1440
2160
2880
5040
5040
720
720
720
2880
120
5040
1920
2880
1200
720
720
360
2880
5040
1440
2160
480
720
2880
2880
720
1320
2160
2880
2160
2160
720
5040
2400
2160
5040
5040
5040
720
720
2880
5040
5040
720
5040
2160
1680
5040
1200
240
1800
720
1440
2160
2880
2880
5040
120
2160
360
1440
2880
720
2880
1800
2880
2880
5040
2880
5040
120
2160
720
720
720
720
720
720
5040
720
5040
2160
2160
4320
5040
2880
2160
1680
720
2160
2400
720
5040
960
4320
240
720
2880
720
2160
1440
5040
1440
4320
2880
2880
720
1440
2880
720
2160
1440
240
2160
720
2880
1440
2880
2880
720
2880
600
600
720
2160
2160
2160
2880
120
360
2160
2880
2400
2880
5040
4320
1320
2880
360
5040
720
2880
480
720
5040
360
5040
240
720
240
2880
2880
720
360
5040
720
720
2880
1200
240
2160
5760
2160
1680
1560
120
5040
720
1680
2880
720
2880
5040
5040
2160
2880
720
720
2160
2880
480
360
720
720
4320
5040
2160
720
4320
5040
1440
720
2880
720
2160
1560
720
2880
360
720
2880
240
600
5040
1440
720
480
1200
1200
2880
840
5040
2880
2880
2160
480
2160
720
4320
2880
2880
5040
240
720
840
360
360
720
720
1440
360
2160
2880
840
2880
1320
720
1200
2160
2160
240
720
5040
2160
5040
2160
2400
1200
720
1080
120
2160
120
5040
240
1080
5040
2160
2880
1440
720
1440
480
720
2160
5040
360
2880
120
720
2880
1560
2880
1440
5040
4320
1080
5040
5760
2880
720
120
1200
1440
720
360
5040
720
240
480
1200
720
1440
1920
2400
720
4320
720
1320
5040
720
720
1080
4320
1560
600
1440
4320
720
5040
4320
480
5040
720
480
1440
360
960
720
720
2880
720
480
1440
720
360
720
240
5040
5040
5040
720
720
5040
1440
1440
4320
5040
360
2880
2880
1440
1440
720
2880
5040
2880
720
2880
720
2880
1440
5040
1440
1440
2160
5040
1440
4320
2160
120
120
2880
2040
360
720
480
720
720
360
2880
720
720
5040
1440
1440
2880
5040
240
720
2880
4320
960
2880
720
120
240
1440
5040
2880
600
2880
720
1440
720
1200
2880
240
720
360
360
2880
2880
2160
360
720
5040
5040
5040
1440
5040
2880
2880
5040
2880
1440
2160
360
2880
960
1440
4320
1200
1440
5040
4320
5040
720
480
2880
2880
2400
1440
2880
2160
4320
5040
5040
4320
2160
720
5040
720
720
1680
5040
360
720
720
720
720
1440
5040
2160
5040
5040
2880
720
960
1200
5040
480
2880
720
5040
2880
360
240
2880
5040
1920
720
120
5040
2880
2160
720
5040
5040
1440
1200
5040
5040
720
4320
720
4320
720
600
2880
2880
600
2160
360
1440
1920
5040
840
2880
720
480
600
960
2880
2880
4320
2880
2160
2400
2880
1440
1920
2880
4320
1560
720
960
5040
480
1200
5040
5040
2880
5040
240
2160
480
1440
240
2880
4320
4320
2160
5040
2160
2880
1680
240
1200
720
720
1440
1800
5040
5040
720
5040
3120
240
2160
5760
5040
720
5040
1680
2880
720
840
720
5040
720
2880
240
720
720
2880
4320
1680
720
5040
240
4320
720
5760
2880
720
2880
480
480
2880
720
240
1080
5040
720
5040
2880
240
720
2160
2880
2880
120
5040
4320
2160
3120
2280
360
360
2160
4320
2880
1920
2880
1440
1440
2880
1560
2160
2880
720
2880
2880
1920
2880
2160
720
720
2160
2160
1440
2880
5040
5040
5040
1440
2880
240
5040
5040
2160
720
240
5040
2880
720
1440
720
2160
720
240
240
360
1440
2880
1200
5040
2880
5040
240
240
1200
5040
360
4320
1320
5040
720
2880
240
2160
1440
720
1440
2880
2880
1440
2880
4320
1920
2400
2880
2880
720
720
1440
720
480
240
360
5040
960
5040
5040
480
2880
720
5040
5040
4320
4320
1440
720
2880
2880
1320
4320
2160
1440
2880
120
720
5040
2160
720
720
1440
2880
2160
5040
1440
360
720
720
2880
1920
360
120
5040
2880
2160
2880
720
1440
2880
2160
480
2880
240
5040
720
2880
5040
240
1080
720
720
5040
5040
5040
120
240
720
2880
5040
720
2880
1440
1440
5760
5040
2880
840
1440
2880
5040
2880
5040
2880
720
720
360
2880
2160
2160
1080
240
1080
5040
2160
2160
480
1680
1680
720
480
240
480
480
4320
1440
1200
5040
5040
480
5040
5040
720
720
1680
5040
720
5040
5040
720
1440
1200
2880
4320
1680
720
5040
4320
5040
2880
2880
2160
4320
2880
5040
2880
5040
5040
2880
5040
120
5040
720
4320
1560
5040
1440
1440
2160
360
360
600
2880
2880
5040
2160
2160
840
360
600
1440
720
1680
120
240
480
240
720
2160
1080
720
720
1440
2880
480
480
1200
1440
5040
5040
2160
1560
2160
120
2880
2160
5040
1200
360
5040
2880
