24480
35280
156240
55440
82560
24480
19200
30240
50400
69120
17280
120960
48960
64080
192960
126000
60480
120960
23040
5040
413280
604800
7200
161280
48240
47760
127440
51840
285120
21600
19680
11520
191520
9120
112320
21600
161280
207360
483840
443520
181440
443520
172800
14400
72000
191520
23280
126720
60000
55440
126000
21120
60480
115200
21600
14400
151200
55440
50400
23040
55440
54720
35280
21600
23040
443520
83520
227520
18240
151200
120960
79200
483840
156240
55440
116400
21600
56160
23280
7200
14400
55440
36000
55440
141120
110880
24480
92160
25920
120960
19680
30240
35280
372960
55440
161280
60480
159840
14400
282240
55440
108000
73440
24480
79200
146160
15120
322560
211680
15840
43200
50400
26880
126720
171360
120960
6480
23040
156240
17280
156240
22080
51840
55440
30240
127440
372960
83520
69360
60480
55440
35280
133200
116400
60480
55440
362880
17280
105120
60480
120960
19800
35280
45360
60480
196560
15840
67680
21840
118080
57600
36960
156240
16680
524160
241920
120960
48960
25920
6600
483840
24480
7200
55440
15120
108000
126000
100800
211680
55440
69120
30240
19800
9120
45360
66240
66240
2160
15120
141120
276480
5520
66120
55440
120960
126000
60480
95040
120960
55440
73440
70560
28800
60480
960
55440
55440
25920
403200
50160
181440
11520
83520
162720
14400
115200
362880
120960
14400
49680
83520
25920
181440
191520
14400
7200
131040
312480
55440
35280
69120
30240
60480
56160
72000
35280
56520
169920
191520
38160
70560
6600
241920
24480
25920
108480
69120
126720
55440
120960
72000
56520
241920
161280
312480
48960
92160
30240
120960
161280
45360
66240
45360
50400
24480
60480
30480
50400
241920
141120
15840
443520
55440
55440
69120
156240
56160
15120
17280
126720
322560
126000
362880
276480
161280
38400
14400
69840
120960
69120
362880
7200
55440
206640
50400
141120
29880
50400
14400
40320
55440
15360
5520
285120
120960
73440
171360
120960
388800
120960
483840
50400
302400
21600
45360
55440
161280
6600
312480
191520
181440
35280
21600
120960
120960
54720
192960
69120
120960
21600
21600
55440
23520
196560
57600
524160
162720
83520
35280
25440
141120
25200
69120
16800
24480
30240
7200
148320
56160
161280
14400
55440
15120
55440
23040
126720
126720
146160
50400
156240
110880
120960
70560
5760
159840
159840
191520
50400
40320
60480
129600
54720
206640
141120
35280
35280
14400
156240
38160
8880
14400
129600
14400
241920
138240
69840
194400
24480
14400
12480
3120
6600
60480
161280
252000
66120
483840
55440
564480
25920
50400
3120
9120
5760
70560
20640
72000
206640
120960
141120
162720
142560
24480
483840
21600
23040
67680
60480
252000
106560
15120
151200
146160
55440
443520
21600
95040
171360
156240
38160
35280
501120
38160
161280
106560
83520
115200
7200
8640
196560
38880
159840
60480
100800
191520
120960
22800
70560
72000
388800
207360
23040
35280
44400
7200
15120
83520
55440
266400
5280
55440
126720
8880
5280
15120
69840
33120
56160
21600
7200
21600
161280
463680
7200
285120
120960
159840
132480
15840
372960
14400
161280
35280
36000
120960
15840
70560
241920
24480
53520
56160
64080
25920
362880
25920
3120
15840
17280
60480
127440
14400
3120
73440
156240
50400
55440
443520
60480
20640
89280
51840
127440
211680
6600
72000
110880
45360
105120
69840
252000
282240
120960
207360
56160
33120
48240
23040
35280
47760
27480
51840
60480
362880
61200
92160
106560
285120
38880
55440
9120
116640
17280
168480
60480
720
252000
57600
159840
16680
105120
60480
211680
21600
14400
524160
55440
285120
15840
54720
60480
40800
72000
21600
19920
120960
72720
15120
55440
50400
103680
30240
2880
24480
78240
77760
105120
206640
73440
14400
372960
156240
21600
25920
21600
38160
50400
156240
196560
47760
156240
14400
443520
23040
6600
7200
55440
15120
126000
322560
49680
17280
126000
54720
403200
83520
77760
59040
29520
106560
362880
126000
4320
285120
17280
55440
50400
24480
108480
70560
21600
72000
66240
89280
23040
7200
141120
7200
69840
120960
83520
126000
56400
21600
14400
36240
78240
14400
259200
16680
84000
196560
19680
36000
23040
282240
161280
156240
38400
16680
69120
6000
56160
196560
21600
156240
252000
21600
60480
17760
2880
54720
151200
11520
127440
37440
49680
146160
55440
110880
14400
4320
23040
55440
168480
27120
55440
463680
86400
7920
60480
120960
56160
7200
15120
60480
6600
97920
126000
50160
21600
564480
61200
70560
161280
36000
72000
35280
102240
241920
69120
22080
171360
372960
156240
89280
960
45360
55440
72000
120960
72000
171360
35280
161280
413280
282240
211680
50400
159840
56160
70560
30720
83520
53520
72000
25920
17280
312480
35280
7200
15120
55920
156240
156240
120960
60480
161280
17280
70560
86400
8640
21600
151200
161280
5760
60480
100800
14400
17280
132480
55440
116400
55440
57600
61200
156240
8160
21600
159840
129600
151200
127440
19800
57600
372960
30240
55440
206640
146160
161280
15840
7200
3120
463680
161280
2880
21600
372960
25920
127440
28320
191520
443520
403200
77760
15120
77760
33120
15360
60480
413280
161280
70560
25920
362880
60480
7200
38160
35280
206640
60480
70560
15840
214560
313920
77760
171360
436320
141120
282240
56160
35280
55440
55440
14400
3120
62400
55440
32160
161280
3360
56160
11520
45120
72000
196560
14400
72000
38160
413280
70560
24480
362880
224640
120960
79200
161280
181440
17280
55440
83520
196560
72000
206640
56400
11520
35280
4320
181440
55440
501120
56160
29880
141120
17280
161280
362880
70560
25200
5280
55440
206640
30240
60480
463680
14400
43200
21960
14400
156240
18240
14400
35280
7200
60480
9120
28680
72000
105120
11520
142560
77760
56160
24480
36240
14400
131040
21600
70560
50400
282240
106560
97920
156240
103680
24480
241920
11520
3120
161280
118080
15840
211680
181440
126000
181440
55440
483840
72000
14400
115200
60480
181440
127440
172800
156240
39600
56520
70560
148320
126720
6600
161280
60480
720
282240
7200
55440
126000
126000
161280
156240
40320
11520
372960
436320
120960
635040
120960
61200
30240
60480
126720
322560
69840
69120
126000
362880
35280
74880
17280
141120
79200
38160
14400
61200
132480
7200
156240
172800
35280
196560
35280
168480
21600
120960
127440
70560
118080
69840
322560
21600
45360
483840
83520
79200
126000
7920
161280
70560
120960
25920
60480
23040
126000
19800
61200
60480
15120
161280
5760
23040
161280
55440
8160
17280
50400
141120
15840
120960
156240
56160
120960
60480
120960
132480
141120
70560
14400
35280
