1440
720
1440
10080
1200
5040
2160
4320
20160
1440
1440
120
720
720
8640
1440
10080
15120
720
8640
5040
1440
720
360
10080
2400
3600
3600
1440
480
2880
1920
10080
10080
10080
720
120
10080
5040
1440
5760
10080
360
15120
5040
720
720
4320
2880
1200
960
3600
1440
480
720
7200
1440
1440
1440
720
20160
20160
240
1440
240
3600
360
1920
3600
3600
1440
480
2160
960
2160
2160
15120
4320
2880
4320
5760
10080
1440
2160
360
360
10080
480
10080
40320
360
720
240
120
2760
2160
4320
10080
960
480
10080
120
1440
120
5760
3600
1200
2160
1440
720
2880
1440
3600
720
720
7200
5040
1440
4320
3600
1440
1440
960
1440
720
10080
10080
1440
1200
1440
10080
4320
1440
240
720
12960
3600
2760
25200
4320
2160
1440
2160
2160
240
720
10080
4320
11520
5040
240
360
240
720
30240
600
240
5760
240
1440
1440
600
5040
2160
5760
720
720
2880
120
2160
360
600
2880
1440
20160
4320
1440
5760
5040
10080
5040
25200
600
2160
2880
120
3600
35280
3600
480
480
2160
20160
4320
10080
240
8640
5760
2880
720
240
2880
2160
10080
120
10080
2160
40320
2880
15120
1440
1440
5760
480
2880
1440
10080
1440
10080
10080
2160
240
20160
120
2160
1440
4320
720
720
5040
1440
240
10080
5040
480
5760
720
360
600
720
720
10080
7200
1440
4320
2160
5040
1440
2880
10080
25200
1440
2160
10080
20160
2160
720
5040
5040
1440
2880
10080
40320
5040
960
10080
720
1440
2160
1440
720
5040
10080
5040
2880
1440
720
1440
1440
10080
5040
15120
1440
1440
720
1440
720
15120
1440
5040
2160
5040
240
2160
12960
600
40320
960
240
1440
1440
240
1320
360
240
1440
15120
120
4320
360
2160
30240
2160
10080
1440
5040
5040
10080
4320
1440
5040
10080
1440
4320
5040
1440
3600
2160
5040
10080
3600
1440
7200
2160
840
5040
2160
480
120
720
1440
2880
720
120
1440
480
240
720
1440
720
720
240
1440
1440
240
8640
480
10080
5040
720
5760
5040
5040
120
1440
720
5760
10080
20160
480
2880
240
2160
5040
2160
2880
7200
720
120
1440
480
720
1440
10080
2640
1440
1440
120
10080
720
30240
10080
240
720
240
35280
2880
1800
720
5040
5040
3600
4320
720
15120
3600
2160
2160
15120
4320
4320
3600
2880
240
7200
5760
2160
1440
10080
10080
120
1440
15120
1440
40320
5760
720
240
480
2160
720
2880
40320
360
720
3600
960
840
240
4320
6480
5760
480
2160
35280
5760
7200
360
7920
5040
4320
840
720
10080
720
240
720
20160
5040
120
5040
720
720
5040
1440
240
2880
120
5760
720
40320
1440
720
4320
720
5760
480
2160
240
40320
5040
1440
120
960
5760
5040
360
1440
1440
5760
1200
10080
1440
240
1440
40320
240
1440
720
2880
2160
1440
4320
240
7200
120
480
7200
1440
20160
1680
2160
2160
1440
1440
10080
5760
5040
1440
21600
1800
2040
10080
4320
4320
1440
2160
5040
1440
40320
240
10080
1440
10080
1440
3600
2160
120
480
4320
10080
2880
240
3600
30240
5040
1440
1440
360
360
2160
2160
240
480
1440
120
2880
5040
4320
720
2880
15120
20160
2880
20160
720
1440
720
240
2880
240
1200
480
10080
3600
240
240
480
3600
30240
1440
10080
1440
120
120
2880
10080
720
240
10080
720
10080
1440
5040
5760
40320
4320
4320
5040
3600
15120
7200
960
3600
720
1440
5040
5040
10080
7200
1440
2160
2880
1440
2880
720
1440
480
5040
2160
10080
10080
1440
1440
5040
15120
480
120
720
720
1440
1440
15120
5040
2880
1200
720
20160
10080
4320
10080
960
10080
240
240
1440
240
240
120
1320
2880
1440
10080
4320
10080
10080
2880
1440
10080
720
5040
10080
20160
11520
1440
1440
1440
1440
1440
1200
15120
2880
2880
720
1440
1440
5040
480
40320
1440
40320
40320
10080
480
240
2160
10080
720
40320
1440
2880
2160
2880
1440
10080
10080
480
10080
1440
10080
720
720
5760
240
1440
1440
1440
240
2880
2880
960
2160
360
10080
1440
10080
2880
720
840
2880
8640
11520
5040
1440
5040
840
2160
4320
10080
5040
240
600
1440
10080
720
1440
10080
1440
7200
1440
2160
3600
1200
1440
10080
10080
10080
5760
15120
720
2880
2880
720
240
2880
1200
2880
1440
120
2880
720
2160
1440
5040
720
25200
720
360
2160
120
240
5040
720
2160
5040
960
10080
1440
10080
480
720
5760
10080
10080
4320
120
2880
2880
4320
600
720
1920
2880
1440
720
35280
2160
5760
2880
11520
1200
240
480
480
20160
30240
10080
720
10080
720
4320
40320
2160
2160
1440
480
15120
240
1200
20160
720
240
2160
1440
240
960
20160
1440
2160
25200
1440
1440
360
30240
10080
960
2880
1440
2160
10080
2880
3600
11520
1440
40320
15120
10080
5760
720
720
1680
2880
10080
1440
20160
1440
2160
2160
720
5040
240
720
1440
1440
5760
2160
120
720
10080
5040
5760
7200
240
15120
5040
2160
2880
3600
1800
25200
10080
720
600
3600
360
2160
2880
1440
3600
5040
2160
10080
10080
240
1440
720
1440
1440
360
1440
5040
2160
7200
3600
2160
12240
14400
1440
720
480
600
360
3600
10080
1920
1440
5760
2160
720
10080
10080
20160
4320
360
5040
2160
720
1440
18720
40320
10080
5040
40320
600
1440
240
5040
720
10080
1440
720
120
25200
2880
1200
2160
2160
4320
5040
35280
1440
5040
1440
360
15120
10080
480
5040
1440
1440
5040
2880
2880
240
360
1440
2880
1440
120
2160
1440
1440
1440
10080
960
2160
360
240
1440
5040
5040
5040
2160
10080
5760
5040
720
720
15120
8640
960
5040
2160
7200
1440
2880
720
120
20160
720
