11520
70560
11520
2880
17280
43200
90720
9360
17280
10800
55440
17280
7920
2280
75600
34560
18720
35280
25200
8640
30240
15840
70560
5760
60480
75600
40320
5880
17280
8160
2280
8640
40320
4320
4320
20160
12960
15840
40320
12960
5760
60480
17280
70560
4320
120960
12960
60480
21600
960
21600
10080
10080
9120
23040
24480
35280
120960
80640
25920
50400
25200
12960
17280
5760
2760
8640
70560
12960
40320
43200
65520
40320
8640
35280
12960
25200
14400
40320
34560
120960
50400
85680
80640
55440
120960
120960
25200
14400
19440
3600
11520
9600
21600
1200
55440
25200
18000
16560
161280
7920
14400
10080
21600
2880
22320
16560
480
25920
55440
10080
14400
7080
17280
28080
30240
7920
7200
45360
27360
12240
20880
10800
15840
55440
4320
85680
18720
12960
50400
21600
2160
12960
23040
50400
10920
14400
7440
11520
10080
85680
55440
8640
90720
25920
4800
161280
5760
55440
3120
70560
7200
50400
35280
17280
12480
16800
15840
11520
28800
20160
80640
14400
7200
5880
40320
35280
14400
8640
17280
85680
12960
20160
45360
15840
70560
24480
80640
43200
7680
31680
40320
18720
43200
3120
25200
5040
60480
55440
5400
25200
4800
7200
55440
95760
4560
11520
12960
9240
55440
23760
12960
28800
25200
12960
3120
23040
28080
50400
24480
35280
30240
40320
10080
7200
8640
12960
2880
6480
11520
21600
4920
55440
12960
80640
10800
14400
8160
25200
55440
6600
4920
10080
11520
35280
60480
3120
40320
201600
161280
35280
7200
80640
21600
17280
12960
50400
20160
28800
1680
25200
17280
25200
20160
25200
55440
6000
8640
18720
20160
45360
17280
5760
11520
12960
5880
40320
60480
40320
12960
14400
25200
28800
24480
2400
15120
22320
38880
25920
65520
11520
11520
30240
20160
23760
7320
6840
55440
120960
960
15840
10800
29520
1440
6480
14400
8040
20160
28800
10080
45360
4200
5520
60480
27360
10080
34560
21600
8160
201600
161280
161280
29520
33840
17280
34560
37440
13680
6480
55440
25200
25920
18720
16800
70560
60480
21600
55440
60480
14400
65520
21600
1440
6480
30240
35280
5040
4440
30240
23760
9600
4320
25200
23040
15840
8640
18720
65520
25200
24480
15840
14400
55440
8640
80640
23760
120960
7920
1680
8880
50400
161280
40320
2640
120960
2760
15840
1920
24480
20160
161280
10560
9600
40320
23040
70560
14400
12960
25200
11520
14400
3600
8640
15840
25200
14400
7680
85680
25920
2760
75600
11520
24480
15120
21600
6480
17280
11520
11520
8640
9840
8640
55440
720
21600
10440
15840
8640
11520
18720
50400
7680
14400
5760
38880
21600
55440
55440
15840
7440
40320
5760
25920
10080
161280
17280
10800
15840
25920
40320
13680
11520
30240
5760
161280
70560
70560
55440
4320
40320
12960
21600
21600
7200
4800
10080
4800
12960
8640
120960
28800
7920
3600
12960
15840
55440
35280
30240
40320
45360
12960
90720
120960
12240
161280
10080
70560
5400
30240
23040
17280
30240
7200
50400
2160
7200
15840
11520
7200
21600
10080
161280
40320
40320
25200
12960
11520
30960
70560
4800
161280
19440
10080
10080
12960
35280
11520
11760
2400
8640
8640
25200
14400
6120
1200
30240
60480
25200
30240
30240
14400
21600
18720
161280
23760
21600
20160
15840
8640
8640
80640
3120
12840
3600
11520
12960
30240
30240
30240
161280
161280
3360
21600
9360
55440
161280
20160
75600
10080
8640
18720
21600
8640
7920
11520
18720
20160
110880
28080
6720
17280
10800
55440
45360
16560
70560
17280
55440
8760
14400
5760
5760
3600
21600
55440
6120
55440
55440
85680
26640
10080
7200
20160
55440
30240
28800
960
40320
10080
23040
85680
29520
8160
7200
17280
17280
25200
5760
14400
7080
17280
60480
60480
14400
55440
17280
9120
95760
25920
40320
21600
120960
8640
70560
10800
3840
6720
5880
40320
720
21600
35280
25200
21600
17280
5760
1200
120960
55440
7200
2880
17280
20160
6720
14280
12960
6480
43200
6480
24480
3120
12960
18000
80640
8640
11520
12960
7800
55440
17280
3840
110880
15840
15840
19440
10800
18720
14400
70560
2880
10080
21600
5760
60480
14400
12960
55440
4440
50400
21600
20160
8640
28080
35280
21600
34560
14400
201600
9360
161280
4320
18720
4320
17280
6480
20160
17280
18720
8160
8640
6840
6600
5760
27360
161280
21600
55440
10800
60480
2880
20160
6240
85680
40320
25200
10800
12960
19440
12960
23040
23760
10800
2160
55440
30240
65520
55440
33120
25920
201600
6960
5760
11520
12960
33120
20880
7200
22320
95760
19440
7920
6720
33120
25200
6240
28080
12240
25200
55440
10800
5760
35280
18720
40320
75600
6720
12960
10800
30240
3840
14400
3120
55440
7920
20160
21600
7200
161280
7920
80640
17280
21600
8640
18720
70560
30960
17280
14400
4080
7560
21600
120960
50400
20880
2760
55440
23760
13680
120960
40320
32400
70560
5760
30240
15840
5760
3240
21600
12960
30240
12960
10080
4320
9360
27360
13680
50400
6840
30240
21600
12960
34560
55440
55440
24480
28800
10080
2880
7200
6240
14400
30240
35280
4320
33120
7440
25200
1440
35280
21600
20160
25920
8640
30240
12960
15840
13680
3120
23040
70560
2160
20880
17280
21600
25200
80640
23040
45360
30240
3840
17280
10080
30240
23040
21600
6480
17280
17280
18000
18720
22320
45360
30240
45360
7200
85680
65520
3840
55440
25200
11520
21600
25920
13920
23040
10800
4320
11520
3840
30240
2880
4320
80640
23040
24480
15840
20160
1200
55440
35280
50400
4080
6240
12960
25920
2880
30240
12960
4800
60480
9840
6240
34560
161280
4320
50400
7200
10800
21600
161280
55440
1200
2880
14400
6720
55440
25920
10320
36000
5280
20160
9600
4320
8640
75600
3600
7920
15840
55440
21600
2640
21600
30240
1200
11520
38880
43200
25920
18720
70560
7200
110880
21600
11520
8640
30240
55440
35280
40320
21600
9720
4320
17280
2160
10800
21600
7200
11520
15840
20160
7200
30240
15840
1440
40320
2400
8640
25200
29520
2640
18720
12960
2760
17280
20880
80640
5760
45360
12960
7920
31680
2880
14400
7920
7200
21600
8520
6840
85680
2880
30240
6720
22320
6960
10080
17280
33120
90720
55440
40320
35280
161280
25920
55440
14400
2640
14400
70560
3840
21600
24480
60480
50400
6240
10080
4560
8040
17280
51840
3120
