3120
7200
1200
10080
5040
1440
1200
4320
720
4320
720
600
10080
2160
5040
5040
7200
10080
720
5760
5040
960
1440
480
5760
1440
2160
1440
240
5040
240
10080
8640
720
4320
5040
240
2880
3600
240
720
2880
720
3600
2880
2040
3600
5760
720
10080
2880
240
1440
10080
480
240
480
5040
5760
1440
10080
10080
2880
1440
1440
1440
720
960
1200
720
10080
5760
720
5040
10080
240
5760
1440
1440
4320
240
10080
7200
3600
4320
3600
720
5040
1440
720
2880
8640
1440
10080
8640
5760
480
1440
3600
5040
10080
3120
3600
10080
3600
8640
7200
7200
1440
960
1440
1440
4320
3600
3600
5040
1440
2040
10080
5040
3600
1440
1440
1440
5040
10080
2880
10080
1440
720
2040
11520
5040
240
7200
5760
1440
720
10080
3600
10080
1440
4320
5760
5040
2880
1440
7200
720
4320
1440
10080
5040
10080
5760
720
4320
7200
720
960
7200
1440
5760
480
10080
5040
3600
1440
3600
1440
720
10080
1440
480
2880
240
960
4320
5760
960
10080
5760
10080
2040
1440
10080
10080
2400
480
7200
5040
5040
11520
5760
5040
1440
1440
11520
10080
10080
1440
720
2400
5040
5040
5040
10080
720
480
600
1440
1440
10080
7200
2880
10080
10080
720
10080
720
7200
3600
2880
1440
480
2400
2040
10080
8640
2880
5040
720
720
1440
5760
1440
720
3600
5040
960
10080
5760
10080
960
720
240
5040
1440
600
1440
720
10080
10080
5040
720
5760
7200
8640
5760
3600
11520
1440
7200
10080
3600
960
720
2160
3600
1200
5760
1440
3600
720
720
2040
10080
10080
10080
720
5040
1200
720
720
2880
960
720
8640
5760
480
5040
8640
10080
5760
600
1440
1440
1440
10080
1200
720
5760
7200
10080
720
720
960
4320
10080
2400
5760
5760
7200
10080
7200
10080
7200
2880
480
5760
10080
720
1200
720
2880
8640
2400
10080
10080
5760
720
4800
4080
1440
1440
960
960
5760
10080
10080
720
5040
4320
3600
720
4080
5040
960
960
10080
1920
7200
5760
720
11520
600
10080
7200
2880
2040
7200
1200
8640
3600
10080
1440
1440
720
720
240
5040
10080
10080
5040
10080
3600
5760
8640
10080
5040
720
720
5760
1440
1440
10080
8640
7200
10080
11520
1440
10080
1440
3600
1920
1920
2400
720
1200
3600
8640
7200
1440
5760
600
1440
240
5760
5760
5760
3600
240
10080
2880
10080
10080
5040
4320
10080
1440
10080
2880
3600
1440
5760
4320
10080
2160
6480
5760
1440
1440
1440
1440
4320
7200
5040
5040
5760
5040
5040
5040
1440
11520
720
1440
1440
1440
10080
5760
720
720
960
5040
3600
5040
10080
8640
1440
7200
720
720
10080
960
10080
10080
4320
720
1440
1440
5040
5040
10080
1440
4320
720
720
720
7200
720
10080
5760
10080
720
5040
10080
7200
960
5760
5040
7200
10080
960
3600
7200
10080
10080
10080
7200
10080
5760
5040
720
7200
1440
7200
1440
1440
720
2880
720
1440
8640
10080
1440
5760
1920
10080
720
720
1440
2880
5040
1440
10080
5040
5040
5040
1440
4320
960
2880
720
10080
5760
5760
11520
2880
3600
720
8640
2880
720
4320
5040
5760
720
5040
10080
10080
7200
10080
4080
600
7200
5760
2880
10080
960
1440
1440
10080
1440
3600
10080
1440
960
8640
5040
10080
5040
5040
5040
1440
7200
10080
7200
8640
1440
10080
5040
5040
2880
10080
720
4320
1440
1440
7200
4320
5040
10080
7200
11520
4320
600
4320
1440
10080
2880
1440
7200
5040
7200
5040
5760
1200
5760
5760
480
5760
5760
5040
960
1440
1920
5040
2880
10080
5040
5760
720
10080
720
8640
10080
2880
960
10080
240
720
720
5760
600
10080
10080
1440
7200
2880
7200
720
5760
5040
480
720
1440
1200
5040
720
10080
1440
3600
5760
4320
1440
1440
10080
1440
5040
240
5040
3600
7200
1440
10080
5040
720
5040
960
960
1440
5040
1440
1440
720
1920
960
720
7200
1440
10080
960
1440
3600
1440
5760
1440
5040
5760
960
1440
4320
1440
4800
6480
720
5040
1440
3600
5040
1440
4320
10080
1440
8640
720
1200
1440
1440
720
720
4320
2880
3600
5040
10080
5040
5040
4800
5040
1440
1440
5760
480
3600
5760
2880
5040
10080
10080
2880
4320
720
3600
720
720
3600
7200
7200
960
3120
11520
1200
5760
10080
2880
10080
480
1440
1440
1920
5760
720
4080
6720
5760
10080
720
1440
1920
5760
1440
960
720
720
5760
10080
5760
1440
240
7200
7200
7200
1440
4320
720
480
10080
720
10080
5040
3600
720
960
7200
8640
1440
7200
720
10080
10080
480
1440
2880
5040
1440
1440
1200
10080
10080
720
10080
1200
10080
960
720
1440
8640
1440
5040
2880
720
10080
7200
7200
720
3600
1440
2880
10080
1440
480
1440
2880
10080
2880
720
2040
10080
1920
10080
5760
720
480
8640
1440
5040
10080
10080
1440
8640
10080
240
10080
4320
2040
720
5040
600
10080
10080
3600
8640
5040
1440
720
10080
5040
3600
1440
2880
2880
5760
4320
2880
720
720
720
10080
5040
4320
1440
1440
1440
1440
5760
1440
10080
1440
5040
10080
10080
3600
2880
10080
5040
1200
8640
720
5040
720
5040
1440
4800
960
960
10080
240
3600
7200
960
5040
1440
10080
3600
1440
5040
5040
720
5040
2160
5040
720
5040
10080
720
5760
5760
10080
10080
10080
7200
240
3600
1200
600
5040
5040
5040
10080
5040
1440
5760
5040
10080
10080
5040
960
480
5760
10080
3600
10080
960
1440
7200
10080
5760
240
960
5760
1440
4320
720
10080
1200
4320
2400
720
10080
3600
720
4320
3120
4320
4320
2040
4320
5040
3600
4320
5040
1440
960
2880
10080
4080
1200
600
2880
10080
1920
720
10080
720
5040
2040
240
2880
3600
10080
6480
10080
5040
8640
5040
960
4800
3600
7200
