2160
1440
4320
600
480
5040
720
3360
2160
5040
4320
1920
720
2160
5040
5760
7200
6240
1440
720
960
1920
240
1800
720
2160
720
4320
240
1200
720
1560
10080
6480
840
2160
2160
1440
4320
240
720
4320
720
1440
3600
2400
1680
720
600
4320
2160
4560
2400
1440
4320
720
720
4320
600
2160
720
5040
5760
2160
5040
1200
3120
2160
3600
2160
5040
1920
1440
2880
240
960
2160
2160
1440
240
2160
840
1440
8640
2880
2160
1440
2160
1440
2160
960
3840
2400
1920
1440
2160
10080
2160
2880
1440
1440
3600
5040
1440
2160
2160
960
2160
4320
1560
960
1440
2160
5040
2160
5040
2160
5880
2160
720
1440
840
720
240
960
1920
3600
1440
5040
5040
480
5040
2160
2160
4320
1560
5040
4560
1920
2400
5040
1800
2160
720
5040
4320
8640
240
1440
1440
720
1560
5040
10080
2160
2160
5760
720
2160
480
5760
4320
2160
3600
2640
840
480
5040
5040
240
720
2160
2160
5040
600
240
960
1440
1560
2640
2160
1800
840
840
5040
840
840
3600
240
5040
600
240
10080
5040
5040
480
3600
4320
1440
1200
1440
1080
5760
960
720
720
720
5040
1440
5040
4080
1560
2160
1440
720
720
2160
5040
4320
720
480
720
5760
5760
1680
240
960
240
2160
720
4320
5040
2640
1440
4320
720
1680
1200
2160
720
2160
5040
840
720
4320
600
3120
480
2160
8640
2280
7200
5040
2160
720
5040
720
1200
240
1680
240
5040
5040
240
960
1440
1440
720
1440
720
2160
5040
5040
720
720
2160
960
1440
5040
1440
240
2400
4320
1200
3600
4320
2160
600
480
840
1440
840
5040
480
480
7200
600
3600
840
2160
1440
1560
240
2160
12960
1440
600
720
240
2520
2160
5760
240
1440
3600
3600
720
2160
5040
5040
5040
5040
5040
720
480
2640
2160
240
840
1680
840
4320
12960
1560
1200
960
720
720
2160
480
720
960
720
720
3600
1560
2160
240
5040
2160
1440
240
240
2400
720
2160
1200
4320
1440
5040
840
3600
4320
840
11520
240
720
5040
3360
4320
2160
10080
7200
2760
240
600
2160
2160
1560
3120
600
2760
3600
2160
3600
960
5040
720
2160
1560
1440
720
7200
1560
5760
240
1440
4320
1440
720
1920
2160
2160
2640
5040
1920
3600
720
1440
240
720
7200
2160
240
5040
1440
2160
2640
5040
5040
5040
11520
240
4320
2160
2160
2160
720
1440
2880
2160
960
600
5040
1920
1440
2160
720
2160
1440
4320
1920
720
4800
1440
5040
720
4320
2400
840
5040
600
5040
2160
1080
1440
2160
5040
600
2160
2160
2160
5040
2160
5040
600
2160
4320
1440
3360
3600
2160
2160
1920
5040
240
7200
5040
2160
5040
1200
1440
2160
3600
600
4320
2160
720
720
2160
1920
1440
720
5040
240
1920
3600
960
600
1440
2160
1440
720
2640
5760
2160
720
2880
2160
720
2160
4320
6480
10080
14400
2160
480
720
3600
960
5040
2160
840
3600
240
2760
14400
2160
1440
720
720
2160
2160
4320
840
720
5040
2160
1920
7200
2160
2160
4320
1440
2160
2160
2160
5040
1680
600
2880
2160
5040
2160
1440
4320
1440
240
2160
720
5040
4320
2160
4320
3600
2880
720
2160
1680
4800
480
2160
1440
1440
2880
1200
3120
7200
2640
2160
720
2880
960
7200
720
720
2160
2160
480
1440
5040
5040
5040
2160
2160
4320
2160
1440
3120
3600
4320
1440
720
4320
720
600
1440
2160
1440
2880
840
1440
4320
2160
720
1440
2160
240
3600
1440
7200
1440
720
600
10080
5760
600
7200
2160
2160
2160
1440
240
720
2880
5040
5040
1440
720
1440
1920
3840
2280
2160
720
2880
5040
5040
1920
1440
1920
2160
1440
2160
1440
6480
5040
720
2880
4320
2160
3600
2160
5040
2160
720
240
7680
720
2160
2160
1560
720
10080
240
2160
2160
3600
6480
5040
5040
2640
5040
1560
1920
720
840
2160
3600
7200
2160
8640
1560
1440
3600
1440
5760
4320
6480
840
2160
5040
4320
2160
1920
2160
480
5040
720
5040
960
1200
1560
5040
2280
5040
3600
720
240
2400
240
4320
4320
10080
5040
5040
2160
5040
1560
3600
5040
5760
4320
240
960
1440
840
1440
600
720
5040
240
10080
6480
720
7440
720
1440
4320
2160
600
2520
2160
5040
1560
5040
1920
840
12960
600
6480
7200
2160
1920
600
4320
2160
600
2400
720
2160
5040
600
840
5040
5040
2160
1440
5040
1800
1800
240
2160
4320
5760
5760
1920
3600
5760
1200
840
4320
240
4320
240
5760
720
1440
720
840
1440
10080
5760
4320
2160
1440
1440
5040
6480
1200
720
960
720
240
720
840
1440
1440
5040
1440
3600
720
1440
3600
1440
1800
2160
960
10080
5040
480
5040
2520
240
840
5040
960
2160
5040
2160
5040
10080
6240
1440
720
5040
5040
1440
1440
5040
2160
12960
1440
3600
4320
2160
2160
2160
2160
2160
5040
10080
5040
7200
2160
2160
2160
2640
720
720
720
2160
5760
5040
5040
2160
720
2160
720
7200
3600
3600
10080
2160
6480
10080
5040
1440
600
1920
240
5040
3600
5040
2160
1920
4320
2760
6480
600
3120
5040
5040
5040
2160
240
2400
2160
1440
240
720
2520
4320
1440
240
6480
2160
960
1560
5760
720
2880
5760
720
840
5040
5040
1920
600
5760
1440
2160
1440
2160
5040
2160
5040
2160
2160
2880
1440
5040
720
1440
1440
3600
240
2160
240
720
720
4320
720
2160
840
10080
1440
5760
960
4320
5040
10080
1440
5760
4320
8160
3600
5760
240
1440
6480
7200
840
240
600
2160
7200
7200
720
240
5040
240
5760
720
2640
2160
2160
1440
5040
2160
240
2880
4320
8640
2760
5760
2880
1440
5040
720
