8640
5760
5040
2880
4320
10080
20160
10080
5760
10080
20160
6480
7200
5760
10080
2880
20160
1440
720
2880
480
240
20160
2400
3120
840
840
2160
5040
2160
25200
10080
4320
360
2880
4320
2160
5040
2880
3600
2880
5040
2880
1440
5040
3600
2160
720
10080
840
1440
2160
5040
2880
600
5040
10080
20160
20160
1200
1440
1440
10080
12240
5040
3600
2880
960
10800
1200
7200
20160
1680
4320
20160
5040
2160
20160
5040
8640
720
1440
10080
960
2760
1440
5760
2880
4320
4080
5040
20160
12960
4320
10080
5040
5040
15120
40320
10080
40320
720
960
1440
8640
2160
25200
10080
10080
20160
720
10080
1440
720
720
9360
2880
2880
4320
7200
20160
10080
4320
2160
5040
40320
4800
240
40320
840
10080
10080
720
3720
2880
2880
25200
10080
10080
8640
2400
4320
3600
2880
20160
10080
3600
20160
720
10080
720
20160
10080
360
2400
5040
8640
1920
20160
2880
15120
5040
1440
5760
5040
3600
1440
1440
20160
5040
240
1560
840
10080
20160
480
2880
8640
1440
5040
15120
5040
40320
7200
11520
1440
10080
20160
2160
360
1200
1200
20160
3600
2880
9360
1440
2880
30240
20160
10080
8640
5040
4200
2880
12240
20160
4320
4320
1440
10080
4320
12240
4320
3600
960
20160
2880
12240
2880
2160
25200
20160
2880
7200
40320
2160
4320
2880
960
2880
5040
2880
2880
5040
10080
2880
720
3360
1680
3600
4320
6480
1440
4320
15120
1200
1440
4440
7200
2880
1440
40320
30240
1440
11520
720
10080
720
4320
25200
20160
40320
1080
20160
30240
7200
1440
4320
17280
5040
10080
5040
2160
10080
5760
960
2400
25200
4320
20160
1440
4320
720
9360
480
2880
40320
840
10080
5040
480
1440
2160
2880
2880
5040
10800
5520
4320
2880
15120
6240
5040
12960
3600
720
2160
9360
10080
10080
20160
25200
20160
7920
2160
10080
20160
10080
15120
1440
9360
3120
2160
10080
6480
1440
7200
6240
1440
840
30240
1200
7200
1440
5040
4320
10080
2880
120
10080
5760
1080
1200
3600
1560
20160
2160
20160
960
10080
720
30240
4320
1680
12240
2400
1440
2880
7200
5040
6480
10080
1440
1440
40320
240
240
1080
40320
8640
20160
20160
5040
720
12960
5040
10080
840
10080
25200
10080
15120
5040
20160
5040
8640
2880
10080
10080
3600
10080
20160
7200
20160
5040
2880
6480
2880
120
1440
4320
5040
6480
2640
3000
600
8640
2160
15120
4320
12960
2160
3120
600
2880
1800
1440
1440
20160
5760
4320
7200
20160
20160
20160
2160
3600
1920
8640
3840
40320
5040
3600
15120
1800
5760
2880
40320
1440
1680
40320
1440
1440
2880
9360
2880
20160
2160
2160
720
2160
5040
15120
720
720
8640
4320
20160
1440
2880
1440
20160
2880
5040
2160
12960
10080
2880
1440
10080
2880
10080
2160
720
840
720
3600
4320
20160
7200
2880
20160
14400
2160
40320
5040
8640
240
5040
360
5040
2160
720
1440
2160
720
2880
1440
20160
3600
20160
2160
720
5040
5040
5040
8640
840
20160
8640
5040
2160
840
12240
240
2880
5040
4320
1320
15120
1440
15120
1440
960
2880
9360
1440
360
2400
1440
40320
5040
9360
12240
9360
4080
4320
2400
40320
1680
7200
480
1080
10080
1440
1440
7200
5760
10080
2160
8640
1680
9360
6480
5040
40320
5040
1440
7200
5040
20160
1320
30240
3600
7200
6720
360
25200
3360
10080
40320
240
600
1440
1440
5040
5040
7920
240
2160
40320
7920
1800
1440
1440
14400
1440
10080
4320
2880
3600
20160
4320
10080
480
1680
20160
2880
2880
11520
2880
10080
5040
1440
10080
10080
20160
10080
20160
5040
5040
2160
20160
20160
4320
15120
2880
5040
5040
3600
4320
5040
2160
840
7200
2880
10080
7200
40320
4320
7200
7200
20160
10080
10080
15120
1440
5040
7200
1440
4320
20160
8640
25200
2880
720
7200
9360
10080
2880
15120
14400
20160
360
1440
1440
1440
7200
10080
20160
3600
15120
7200
5040
2880
10080
1440
240
20160
40320
960
2880
9360
2880
360
10080
11520
3600
1440
4320
20160
4320
20160
20160
2880
960
10080
3600
4320
4320
1440
4320
5040
1440
15120
1440
1440
10080
2160
5040
1440
6480
6480
14400
2880
720
20160
600
10080
8640
15120
720
40320
4320
10080
1440
1920
10080
1200
10080
1440
10080
2160
40320
1440
720
4320
8160
2160
12960
5760
10080
1440
2880
4320
7200
1440
8640
10080
12960
7200
40320
2880
4320
9360
5040
40320
1440
5040
240
120
1200
720
1440
40320
5040
720
6480
4320
2880
5040
3600
600
20160
2160
40320
40320
2880
2880
4320
3600
5040
960
8640
9360
20160
2880
10080
720
40320
7200
5040
1200
5040
5040
20160
2160
1440
3840
1200
10080
10080
2880
7200
10080
20160
1440
480
25200
20160
10080
8640
10080
10080
1440
2880
15120
12240
5040
10080
2160
5760
15120
720
1440
5040
960
2880
2880
2760
5040
5040
11520
2880
40320
20160
2880
5040
8640
3600
360
4320
15120
2160
5040
1440
8640
20160
40320
5760
40320
480
2160
1440
20160
20160
10080
10080
2160
2880
2160
25200
4080
4320
1440
20160
2160
5040
1440
720
1440
2880
720
20160
1440
2880
2160
5040
3600
2160
2880
40320
2880
10080
20160
20160
7200
5040
1920
25200
2880
1560
1440
2880
10800
2160
20160
2880
40320
10080
1440
2880
1440
1440
6480
10080
6480
2400
10080
20160
840
7920
1080
2880
240
240
10080
15120
20160
1440
5040
10080
20160
5040
10080
10080
720
1440
1440
20160
600
5040
2160
2880
2160
10080
1200
8640
20160
2880
6480
2880
4320
4320
20160
240
4320
1440
1440
8640
10080
2160
15120
12960
5040
15120
15120
12240
9360
960
4320
5040
2880
10080
4320
1440
360
2160
40320
5040
6480
5040
1080
2880
10080
20160
40320
10080
40320
1440
20160
8640
5040
2880
5040
5040
40320
20160
5040
7200
7920
3240
20160
2160
20160
8640
5040
40320
40320
960
5040
5040
5040
10080
3360
2880
8640
5040
1440
