2160
4320
1440
5040
10080
960
4320
8640
4320
5040
5760
240
5760
4320
1440
1440
2160
4320
5760
5040
3600
4320
10080
5040
10080
5040
4320
3600
2160
3600
7200
10080
3600
4320
2880
5040
2160
4320
4320
10080
5760
720
5040
5040
2880
10080
3600
720
4320
5040
2160
1680
1440
5040
1440
3600
5760
3600
5040
1440
2160
2160
5040
5760
4320
4320
720
5040
240
4320
1680
8640
480
5040
2160
2160
2880
2160
2160
480
5040
720
2160
2160
1440
10080
2880
5040
5040
5040
2880
120
2160
2880
10080
5040
5040
5040
8640
5040
4320
1440
480
4320
2160
2160
5760
4320
480
5040
3600
1440
5040
8640
7200
4320
480
720
5040
5040
240
10080
4320
5760
3600
2880
5040
4320
5040
720
720
5040
2160
5760
4320
5040
10080
2160
720
1680
3360
1440
5040
2880
2160
960
2880
10080
5040
10080
1440
10080
4320
5040
10080
240
2160
4320
5040
2880
720
2880
1440
1440
5040
1440
1200
720
5040
1440
5040
4320
7200
720
5040
5040
5040
1440
720
10080
5760
720
4320
4320
10080
8640
240
720
2880
3600
4320
1440
480
10080
5040
720
1440
5040
720
5040
5040
2160
2160
4320
10080
960
10080
1440
5040
2880
2160
480
5760
4320
5040
4320
2880
2160
1440
5040
7200
2160
8640
1200
2160
5760
5040
1440
5040
10080
3120
720
960
2160
480
1440
2880
4320
2160
5040
3600
4320
2160
10080
5760
2160
1680
600
11520
720
5040
4320
960
2160
5040
10080
5040
1440
5040
3600
8640
720
720
5040
960
3600
4320
3840
4320
720
2880
600
5040
5040
10080
4320
4320
2160
2160
5760
2880
2160
5040
10080
2880
2880
3600
4320
2880
3600
10080
5040
4320
5040
720
4320
1440
480
240
4320
5040
3600
2880
1440
5040
2880
2160
480
4320
480
4320
2160
5040
10080
8640
8640
11520
3600
720
1440
5040
5040
960
4320
1680
2160
720
5040
5040
3120
5040
2400
480
1440
3600
2160
4320
2160
10080
3600
1440
2160
4320
960
10080
5040
1440
720
240
10080
720
720
5760
480
720
5040
4320
720
5040
3600
5040
2160
5040
240
1440
2880
5040
4320
2880
2160
5040
8640
240
4320
3600
480
5040
5040
5040
720
3840
5760
3120
4320
5040
1440
2160
240
240
2880
2160
4320
240
2160
2160
5040
1440
2160
2160
2160
720
1440
720
720
240
4320
2880
2160
240
3840
480
720
960
4320
5760
5040
8640
960
5040
960
720
5760
5760
3360
5040
480
2880
5760
5040
4320
2880
480
10080
720
2880
1440
720
4320
1440
2160
5040
4320
10080
5040
4320
2160
240
720
5040
5040
1440
2160
5040
10080
2160
720
10080
5040
4320
2160
5040
4320
5760
5760
1920
720
240
10080
2160
240
1440
600
1680
2160
5760
2160
720
2160
240
2880
8640
4320
2160
5040
5760
600
10080
4320
1440
5040
10080
480
10080
4320
3600
480
1680
1920
1440
720
360
2160
480
5040
10080
3600
480
2400
3600
1440
2160
5760
5040
5040
240
720
4320
4320
2880
5040
1440
5040
2160
5040
1680
720
2160
2160
5040
1440
1440
2160
8640
2160
5760
720
2880
5760
1440
5040
5040
2160
2160
2160
720
2880
2160
1200
5760
2160
720
4320
4320
1440
1680
2160
1920
2880
5040
3600
240
2880
10080
1440
2160
2160
2880
240
5040
960
720
10080
720
5760
1440
4320
480
1440
240
480
7200
1440
5040
720
480
4320
720
720
3600
720
2160
2880
720
4320
2160
2160
960
720
4320
1440
5040
120
5040
2880
10080
4320
1440
2160
1920
1440
4320
720
2880
1440
2160
2160
5040
10080
10080
720
2880
5040
2880
1440
2160
4320
1920
4320
1440
720
5040
1440
1440
3600
1440
4320
2880
240
2160
1440
1440
4320
2880
480
480
4320
1440
2160
720
5040
1440
5040
4320
10080
1440
2400
5760
360
4320
4320
2160
960
360
1440
4320
2160
720
10080
10080
720
3600
720
1440
7200
360
4320
960
2160
720
2160
720
4320
5760
4320
720
2160
1440
2160
5040
1440
720
2160
480
720
1440
2880
5040
8640
2880
10080
2160
1440
5040
1440
2160
5040
1440
5040
2160
7200
5040
1440
720
10080
1440
4320
5040
2880
8640
5040
2160
240
4320
480
5040
720
5040
3600
2160
2880
480
10080
5040
4320
4320
4320
1920
4320
5040
1440
1440
2160
5040
4320
720
3600
2880
2880
5040
1440
2160
720
480
5040
10080
5040
1440
2160
10080
2880
5040
5760
1440
480
10080
4320
4320
10080
10080
5040
10080
2880
1200
5040
1440
2880
5760
5040
4320
5040
720
2880
2880
720
4320
5040
2160
4320
5040
960
720
3360
2400
5760
4320
2160
2160
5040
4320
5040
4320
5040
5760
5040
480
4320
3600
5040
960
5040
5040
5760
1680
720
720
2160
720
4320
720
4320
720
3360
2160
240
720
4320
2160
1440
2880
1440
3840
480
4320
2160
240
4320
2880
10080
480
2160
3600
10080
7200
720
10080
720
2160
960
3600
1200
3600
10080
720
2160
720
5040
5040
3600
10080
5040
1440
120
2160
5040
960
720
5760
5040
5760
2160
1440
4320
360
720
4320
720
2640
120
5040
120
2880
720
3600
1440
2160
720
2880
480
5040
4320
720
720
5760
720
5040
10080
240
960
4320
720
5040
5040
2880
5040
360
1440
5040
1440
2160
960
3600
240
2160
10080
2160
4320
480
5040
1440
5040
2160
8640
10080
5040
2880
5040
5040
10080
240
720
3600
10080
1440
720
5040
4320
10080
1680
3600
4320
2160
240
10080
2160
720
1920
720
5040
720
720
1440
2880
480
4320
240
480
5040
3600
5040
2160
720
2160
10080
5040
2160
2160
5040
1440
2160
5760
1680
240
1440
2160
720
4320
2880
480
1440
1680
1200
2160
720
480
1440
2160
5040
2400
2880
5040
4320
2880
5040
3600
2880
5040
3600
2160
5040
2880
