8640
8640
2160
17280
1440
110880
120960
483840
403200
8640
25920
403200
14400
28800
5040
21600
15840
1920
20160
70560
5040
403200
25920
8640
80640
282240
322560
70560
120960
110880
21600
70560
20160
17280
30240
403200
70560
322560
20160
322560
110880
70560
2160
4320
100800
8640
50400
1088640
322560
1451520
110880
483840
25920
4320
403200
70560
30240
403200
70560
70560
50400
110880
20160
120960
17280
70560
21600
4800
4800
50400
70560
5040
21600
8640
80640
1088640
403200
85680
100800
70560
403200
15840
322560
50400
17280
110880
120960
110880
241920
1440
3840
322560
17280
4320
28800
28800
1088640
85680
2160
28800
241920
403200
50400
5040
17280
110880
1088640
3840
1088640
25920
21600
110880
7680
17280
30240
322560
403200
30240
110880
5040
15840
120960
1088640
110880
5760
100800
17280
28800
120960
403200
100800
15840
4800
15840
100800
100800
80640
15840
5760
21600
85680
120960
70560
403200
2880
15840
1920
28800
403200
2160
120960
100800
120960
100800
21600
2160
21600
25920
1088640
28800
15840
8640
70560
17280
85680
322560
120960
282240
25920
241920
241920
483840
20160
403200
322560
25920
1440
403200
8640
15840
30240
70560
18720
30240
15840
70560
21600
483840
20160
85680
70560
1451520
322560
17280
21600
483840
1088640
120960
322560
80640
1088640
14400
110880
120960
483840
80640
80640
50400
120960
21600
80640
85680
80640
30240
241920
100800
110880
483840
25920
120960
1088640
1451520
25920
120960
21600
18720
50400
322560
8640
1920
241920
241920
8640
241920
282240
21600
85680
282240
28800
28800
70560
8640
4800
20160
8640
120960
282240
70560
80640
30240
241920
120960
3360
28800
50400
2880
28800
3360
17280
1088640
4320
70560
50400
120960
403200
21600
85680
241920
403200
14400
50400
80640
282240
30240
483840
70560
8640
21600
85680
403200
1088640
120960
14400
17280
25920
17280
8640
80640
50400
322560
70560
322560
28800
110880
322560
21600
282240
282240
120960
4320
28800
28800
403200
8640
85680
483840
20160
18720
15840
70560
20160
70560
70560
18720
25920
5040
1451520
4800
21600
85680
70560
70560
403200
241920
1088640
50400
403200
70560
100800
4800
241920
50400
322560
2160
80640
21600
80640
2160
70560
322560
2160
110880
403200
110880
30240
80640
21600
5760
120960
85680
5760
483840
100800
8640
241920
110880
15840
25920
1440
17280
15840
5760
30240
70560
110880
30240
8640
8640
70560
120960
1088640
241920
1088640
17280
322560
241920
50400
5760
30240
17280
120960
15840
120960
100800
25920
4800
18720
110880
110880
1088640
21600
14400
85680
322560
5760
322560
7680
70560
17280
70560
28800
322560
3840
8640
50400
3840
100800
85680
70560
120960
17280
120960
8640
241920
28800
50400
110880
322560
14400
80640
120960
17280
14400
120960
21600
50400
403200
80640
80640
20160
483840
120960
403200
120960
5040
403200
8640
8640
403200
110880
28800
18720
241920
21600
8640
2160
80640
25920
100800
30240
5040
3840
4320
85680
403200
110880
14400
20160
80640
120960
25920
21600
20160
120960
120960
70560
1440
2880
30240
20160
4800
8640
80640
241920
1451520
25920
120960
241920
403200
85680
120960
70560
28800
20160
1088640
30240
5040
80640
14400
120960
85680
28800
25920
21600
7680
70560
17280
5760
85680
25920
80640
322560
1088640
70560
21600
80640
25920
110880
110880
17280
70560
50400
322560
120960
1451520
50400
241920
20160
70560
120960
100800
282240
1920
15840
3840
21600
30240
110880
403200
110880
21600
100800
50400
110880
80640
21600
85680
21600
110880
120960
30240
1088640
70560
28800
70560
15840
100800
28800
322560
21600
15840
50400
110880
70560
50400
120960
483840
241920
120960
30240
85680
120960
403200
100800
50400
403200
80640
30240
322560
85680
15840
1088640
5760
5040
120960
70560
80640
1440
70560
21600
403200
241920
70560
322560
322560
50400
120960
20160
8640
100800
241920
21600
110880
5040
241920
30240
8640
241920
110880
4800
403200
403200
70560
8640
21600
110880
120960
403200
50400
30240
70560
241920
322560
483840
3628800
120960
5760
4320
85680
28800
21600
3360
1451520
30240
282240
110880
21600
20160
70560
21600
1440
120960
80640
110880
14400
20160
15840
1920
100800
110880
5760
1088640
110880
85680
5760
85680
110880
15840
241920
85680
17280
110880
85680
70560
70560
8640
2160
17280
5760
30240
403200
80640
120960
120960
14400
70560
1088640
120960
21600
120960
8640
4320
50400
1440
20160
70560
8640
17280
20160
1920
403200
403200
100800
110880
322560
28800
4800
20160
50400
403200
322560
85680
80640
85680
85680
4800
70560
1088640
120960
4800
110880
17280
30240
483840
3360
70560
5760
2880
85680
100800
28800
1088640
18720
70560
3840
120960
5760
4320
85680
403200
120960
21600
28800
50400
80640
120960
241920
241920
120960
70560
120960
17280
120960
241920
28800
1088640
1440
282240
322560
70560
403200
8640
110880
5760
4320
85680
50400
110880
85680
17280
28800
322560
21600
70560
1088640
25920
70560
110880
100800
28800
30240
120960
120960
50400
30240
1920
8640
1440
80640
21600
5040
403200
1088640
7680
241920
4800
21600
1451520
4320
21600
18720
28800
4800
21600
403200
483840
1440
403200
15840
100800
100800
20160
17280
1920
7680
100800
21600
70560
120960
70560
110880
7680
21600
403200
241920
8640
120960
8640
8640
20160
120960
85680
85680
322560
21600
20160
25920
322560
25920
110880
322560
25920
120960
70560
110880
3840
70560
8640
100800
241920
70560
241920
80640
21600
1088640
100800
4320
30240
120960
15840
110880
110880
15840
5040
28800
30240
85680
483840
403200
15840
4320
30240
21600
85680
70560
28800
1451520
403200
80640
85680
4320
70560
21600
110880
28800
50400
80640
322560
70560
30240
14400
3360
403200
110880
110880
30240
30240
1440
21600
322560
120960
70560
403200
4800
5040
15840
17280
110880
100800
5760
30240
241920
8640
483840
100800
403200
110880
8640
4800
100800
70560
8640
80640
403200
70560
241920
50400
120960
3360
85680
110880
70560
483840
21600
21600
70560
1088640
70560
20160
30240
4320
4320
17280
1088640
70560
403200
30240
120960
110880
110880
403200
282240
241920
50400
4800
21600
403200
80640
110880
120960
120960
28800
85680
110880
17280
120960
17280
5040
403200
85680
15840
70560
322560
80640
5760
403200
30240
2160
80640
8640
17280
322560
4320
322560
322560
1088640
70560
80640
70560
403200
110880
282240
21600
28800
120960
8640
21600
50400
21600
21600
70560
322560
25920
120960
15840
120960
110880
110880
241920
241920
403200
1440
110880
70560
7680
483840
241920
28800
80640
8640
