1065888
946080
293356
456924
394000
616382
1463640
547902
566694
882648
446886
869472
326052
663600
750240
944490
589800
570102
818946
620844
515622
629736
915468
917424
527856
998040
417332
618432
893304
674280
1205208
649032
741720
920040
579792
522864
867800
334512
739434
740112
926898
1184904
501114
586476
762216
841344
437920
456726
475674
936144
776400
892320
447078
1342920
426742
1272840
1017144
765120
505512
462324
609098
551892
1630800
489936
1179072
283198
558480
698400
289842
1174440
604248
620844
734550
1047600
675504
792402
479196
1022064
555096
661200
477594
1716240
572160
1062672
693090
400084
439140
443770
1292160
386472
458948
663720
320320
630360
948930
414450
493944
940344
447360
580314
741858
479472
1078560
494688
1175856
661200
914304
714672
1887120
523416
805500
931392
442968
1353672
1064106
770472
741876
612048
978162
730794
939240
1541040
832626
844812
723156
918840
910314
1712520
798138
388878
773784
796896
738568
1463640
484626
1377696
884064
1047792
1028496
347496
700104
1739760
934008
1666080
550608
516672
638688
688344
741024
1094640
713010
968862
1028496
1050816
1147800
825396
992520
1060464
1537920
409616
998040
455640
1241418
1179072
388878
861840
635520
1272960
349580
749494
301046
529008
664656
527208
599940
320008
1179072
689664
902874
419256
770472
905160
659070
1128000
558324
739874
1514400
767640
1332864
1308840
1320000
351188
438336
682032
576576
1350456
636480
1081194
435336
779520
458808
455640
516864
1689000
1184400
1017144
730794
1380912
715080
827018
827586
659808
600096
1045584
283944
1518120
838746
422912
769890
688344
1918080
444064
1004760
751872
973320
351450
459044
986184
1887120
447724
616538
648492
868272
460422
1028496
1541040
1315680
731064
1514400
648208
1073328
427342
610376
1045080
1336584
1109400
758162
1490880
844812
844674
960144
1463640
1490880
520446
946776
385474
512232
1030608
986880
750360
438360
1059960
357052
285548
682320
867264
330840
1319400
1017144
1068504
1147800
523416
1217898
1332864
740570
825080
287372
545808
725232
391114
816156
467842
764040
939240
640080
762624
604968
1319400
931392
312486
494700
916320
584478
614400
902874
463222
931200
393478
624312
619140
816582
802440
470406
777096
1094640
534768
385474
547554
1045584
568920
439368
1099212
666576
705876
771892
1336584
426324
724632
587864
732072
557154
1383528
955146
689640
1060464
497760
588354
631368
1292160
1016544
606768
913530
566832
1097352
763806
1164600
768960
1332864
568440
519040
1199880
360594
430938
1342920
832080
355522
343898
678082
360438
1119942
1071720
647352
300618
1289040
574488
1165704
653916
1221114
619140
448758
914304
1199880
914304
710004
807240
480516
412668
775314
1716240
935520
818094
863906
998040
565416
784440
553170
650352
422628
670692
944490
587424
563400
219730
467382
442632
939240
798720
1472280
664656
533796
388438
903984
1463640
1316280
551892
960144
474276
1187520
725232
957936
368496
1336584
357144
485652
736992
296452
662460
637488
1205712
467490
378364
690960
478776
1090920
528360
986784
516360
558480
773500
1211040
1028496
484314
763320
511770
927480
1353672
873096
442968
500862
483714
1178568
745362
582252
1047792
1362720
1289040
815730
916920
704256
434814
818946
325968
1021560
1119942
328857
527856
598860
755808
829794
217973
615792
1259088
621228
854148
382290
1161480
678870
1167720
419256
1712520
739920
660426
1022064
877920
526878
900666
786570
780972
273954
460020
1887120
902874
796896
592830
817008
1016544
489288
1038744
372138
360850
412704
1363224
648048
636480
354482
750288
351450
338778
435336
1507464
715140
1034328
903378
915468
392358
741858
828012
638106
460020
570102
1096500
609950
434370
1165704
914304
1060386
644772
583896
694584
472206
1033650
506676
651204
1047696
1891440
292062
857544
613056
577800
1047792
1144800
515802
559644
932730
479196
247921
399868
370442
1635120
460020
614064
563784
1517520
1308840
451842
1289040
755244
1345440
1175856
1323000
489000
1109400
664842
702720
736488
661200
1860480
730464
870384
1045080
601218
866064
904368
863906
1225608
421208
627322
595368
1739760
998040
601037
543348
1414080
834000
644772
749494
1080768
730560
932730
1666080
438012
511632
1060464
1272840
582252
440646
355522
786792
1199376
1712520
1689000
605126
499386
568440
714480
646320
456864
723156
1033224
753732
1090920
407006
534768
1316280
1336584
492918
408408
1380912
1295280
881064
1161984
608736
310076
410346
576600
1013424
809256
301180
1380912
676800
844248
468312
718356
480516
1316280
354844
825396
561426
536302
1033728
771576
580056
1272960
425340
561888
793914
649032
1483440
511632
1065888
1045080
526704
845856
382290
1670400
653184
998040
696000
725232
693672
1028496
460020
443088
1205712
1692720
649032
959040
487224
1073328
832080
1083906
1197360
350016
360438
484584
731852
580320
581670
838824
590640
823440
1518120
878928
857544
455640
1161384
850680
430938
1045584
426742
642288
683442
817200
944490
457688
638688
315024
496704
1117656
360850
395452
357972
881064
725760
898920
1045584
529008
947880
915468
1062672
818364
263994
468624
1273560
845856
516552
1716240
916440
1033650
1045080
273954
613362
634556
629736
682704
368376
771892
460422
663592
380430
506676
384952
596898
1377696
1517520
380952
865844
1332864
595212
549912
626754
1105200
379908
505314
738568
419274
866064
757392
806970
390646
476682
484392
783336
574488
769890
438360
624642
370442
917424
929610
417332
453048
371766
905160
1537920
551892
944064
742082
798138
1032720
1323000
1033224
1891440
757392
930114
1016544
599826
528088
1161480
417148
967002
673584
1518120
660426
575400
807240
1537920
376674
752688
442632
442396
702240
742082
1107000
1289040
1021560
324338
440646
648048
1339200
270142
1083906
1514400
1076040
661728
759816
1289040
1081194
368496
466484
731852
516250
1241418
663138
541232
553752
403680
870384
1418400
1199880
337564
534768
1205208
586764
1282200
384678
998760
1315680
756384
1689000
534726
514500
732072
1161480
1340304
376674
384036
1132320
515068
376674
705684
479196
461312
1020240
217346
614568
805500
797400
553752
1012416
355248
494088
638688
878928
748152
1259436
392358
554100
680556
587268
468312
403012
635394
1170240
832026
723024
343996
480516
999360
595968
936144
456690
1181280
838824
612414
1090920
384618
1383120
522948
1362720
868272
461092
770472
558324
418560
823440
688092
541740
584478
893304
713994
205944
701040
461028
528360
314496
712776
714672
505314
845064
350450
870384
597984
212702
365888
1398504
712776
1860480
927480
583956
959388
769890
783840
1319400
815730
570102
261986
998040
704328
702720
1030608
1033224
474048
946080
403104
323656
946698
1217472
827682
524712
442968
447142
383310
521358
986784
458948
712620
471486
1050816
596916
574362
1181688
736488
467490
1098960
724632
796512
1308840
327774
816582
571224
1363224
1217472
750672
451842
508632
816582
646848
444064
582252
946776
378975
447600
1033650
927402
469182
1025280
733080
1045080
742082
516360
707640
732750
850800
1230336
580218
927480
732750
682668
677400
1128000
476228
511298
602574
588290
948930
1062672
1132320
551232
646554
663960
841344
517560
561426
878928
613056
1047288
349200
760604
841458
693672
807282
1165704
545730
326262
927402
654672
718356
620844
1272960
959388
273954
1147320
827508
714672
1053528
695358
515352
939840
1047288
