1498320
1887120
2298240
1363320
1498320
1692720
2656080
2081520
1887120
1692720
2081520
2081520
1814400
1692720
2656080
1363320
2081520
2298240
2399760
2081520
1887120
1363320
1228320
1887120
2368800
1498320
1864800
2056320
2081520
2943360
1887120
1887120
1498320
1712520
1348560
2081520
1498320
1348560
1887120
2620800
1498320
2081520
1887120
2943360
2399760
2943360
1648080
2081520
1648080
2943360
1348560
1887120
2399760
2081520
2656080
2656080
1363320
1864800
2368800
1648080
1498320
2656080
2081520
1887120
1887120
1887120
2656080
2081520
1481760
2298240
1887120
2298240
1537920
2943360
2540160
2081520
1887120
2081520
2656080
1887120
1814400
3265920
1887120
1648080
1498320
2081520
2656080
1363320
3265920
2943360
1498320
1648080
2298240
2943360
2081520
2081520
1864800
1498320
1648080
1498320
1498320
2081520
1648080
1498320
2399760
2656080
2081520
1692720
1864800
1648080
1887120
2081520
2368800
1363320
2298240
2081520
1887120
2943360
1648080
2656080
1648080
1814400
1887120
1498320
2081520
1887120
1648080
2656080
2656080
1363320
2656080
1864800
1648080
1887120
2081520
1887120
1887120
2081520
2298240
2081520
2081520
1692720
2081520
2943360
1712520
2298240
1712520
1537920
1887120
1887120
1887120
2656080
2298240
1692720
1648080
2056320
2081520
2298240
2368800
1887120
2943360
2399760
2081520
1363320
2656080
1887120
2081520
2081520
1887120
2298240
1363320
1648080
2298240
1648080
2298240
1864800
1864800
1228320
2298240
1712520
2298240
1648080
1363320
1498320
1887120
1498320
1887120
2081520
1864800
1498320
1692720
1498320
2056320
1887120
1864800
2081520
2943360
2081520
1887120
1498320
2656080
1864800
2081520
1692720
1363320
2943360
2056320
2943360
1692720
2081520
2298240
2081520
1887120
2903040
1887120
2056320
1692720
2081520
1887120
1887120
1498320
2081520
2056320
1887120
2943360
2081520
1648080
2943360
2656080
2298240
2298240
1692720
2081520
1887120
1481760
2298240
2081520
2656080
1887120
3265920
1498320
1498320
2298240
1887120
1481760
1363320
1692720
2081520
1348560
2656080
1648080
1887120
1498320
2298240
1481760
1498320
2056320
2081520
2368800
1537920
2298240
2081520
1348560
3265920
2081520
2081520
1887120
1498320
2656080
2081520
1498320
1498320
1712520
2399760
2656080
1648080
2368800
3265920
2298240
1537920
2298240
1498320
2399760
2056320
2943360
2903040
2056320
2903040
2081520
1498320
2081520
2903040
1712520
1887120
2056320
2081520
1498320
2656080
2620800
1887120
1864800
1887120
2943360
1363320
2298240
1648080
1648080
2943360
1887120
2081520
1887120
1712520
1864800
2081520
2081520
2081520
2399760
2081520
1887120
1692720
2081520
1481760
1887120
2943360
2081520
1887120
2081520
1241496
1498320
2081520
2656080
1228320
1498320
1363320
1887120
1228320
1864800
2081520
1498320
2056320
1887120
2943360
1228320
2943360
1481760
2081520
1363320
2081520
1348560
1864800
2081520
2298240
1864800
2943360
2081520
2298240
1887120
1241496
1648080
1712520
1228320
1712520
1498320
1241496
1887120
2081520
2943360
1887120
1498320
2943360
2081520
1498320
2081520
2081520
1887120
2943360
2298240
1887120
2081520
1648080
2081520
2620800
1712520
2298240
1887120
1864800
2081520
1887120
2368800
1887120
2399760
2943360
1481760
2943360
2943360
1887120
1648080
2903040
1712520
2081520
1363320
1712520
2298240
3265920
2298240
1363320
1887120
1498320
1864800
1119672
2081520
2656080
3265920
2081520
1648080
1228320
2298240
1119672
1712520
1887120
2298240
2298240
3265920
2298240
1498320
1887120
1498320
2656080
2656080
2081520
1887120
2081520
2298240
1864800
1228320
1887120
2620800
2081520
2943360
2081520
2620800
1692720
2056320
1864800
1363320
1692720
1498320
1887120
1887120
2943360
2399760
1887120
1498320
1887120
2943360
2081520
1498320
1498320
1648080
1498320
1648080
1348560
2081520
2143440
1864800
1228320
1498320
2399760
1712520
1481760
2081520
1712520
2656080
2298240
1864800
1498320
1498320
1648080
1348560
2081520
1498320
2656080
1887120
2081520
2620800
1498320
1864800
2620800
2081520
1363320
2368800
2656080
1481760
1648080
1712520
1864800
1887120
1498320
2656080
1498320
2081520
2368800
2656080
1119672
1692720
1712520
2368800
2903040
2620800
1887120
1887120
2620800
2081520
1712520
1498320
1692720
1648080
1864800
3265920
2656080
1498320
2081520
2081520
1887120
2081520
2656080
2081520
1498320
2656080
2656080
1864800
1648080
2656080
1363320
2081520
2081520
1864800
2081520
1648080
1228320
2298240
2081520
2656080
2656080
1498320
1887120
1864800
2081520
2081520
2081520
2656080
1887120
2943360
2081520
1712520
2081520
1228320
2298240
2081520
2656080
2298240
2368800
1887120
1498320
2081520
2656080
2081520
2081520
1864800
1887120
1498320
2656080
1692720
1648080
2081520
1887120
1887120
2081520
2081520
2298240
1498320
2656080
1887120
1864800
2298240
2298240
2143440
1498320
2298240
1498320
1537920
1498320
2081520
1363320
2656080
2081520
1692720
1692720
1712520
1498320
2056320
1648080
2081520
1648080
1887120
2368800
2081520
1228320
1348560
2368800
1348560
1887120
3265920
2399760
1864800
2943360
1864800
2081520
2081520
2656080
1864800
2298240
1887120
1498320
1692720
1887120
2540160
1648080
2081520
2656080
2298240
2056320
1481760
2081520
2656080
2540160
2081520
1887120
2056320
2368800
2056320
1712520
2656080
1363320
1887120
2620800
1887120
1481760
1498320
1692720
1498320
2081520
2656080
2081520
2368800
1887120
2081520
2399760
1864800
1712520
2943360
2903040
2368800
2368800
1864800
1363320
1712520
1864800
2656080
1363320
2081520
1887120
1692720
2399760
2656080
1692720
2081520
2081520
1498320
2620800
2656080
2056320
1692720
1498320
1887120
2943360
1498320
1887120
1348560
2656080
2298240
2656080
1712520
2620800
1887120
2081520
2943360
2656080
1363320
2943360
1712520
2656080
2656080
1692720
2656080
1692720
1712520
2298240
1712520
1887120
2620800
2656080
2399760
1712520
1712520
2656080
2368800
2368800
2081520
1498320
2656080
2943360
2298240
1498320
2081520
1887120
3265920
1887120
1648080
1648080
1887120
2298240
2368800
2943360
2081520
1814400
2656080
3265920
2081520
2656080
2081520
2081520
1648080
1887120
2399760
2399760
2081520
2081520
2943360
2368800
2903040
1864800
2081520
2903040
1692720
1498320
1864800
1887120
1692720
1864800
2656080
1864800
2298240
1348560
1363320
1241496
2056320
1887120
1887120
2656080
1692720
2620800
2943360
2081520
1363320
1228320
1712520
1648080
1692720
1348560
1537920
1241496
1692720
1498320
1498320
1864800
2943360
2081520
2656080
2298240
1692720
2943360
1241496
2081520
1498320
2056320
1498320
3265920
1348560
2081520
2298240
1498320
2656080
2081520
2298240
1712520
2656080
1498320
2081520
2943360
1348560
1887120
1692720
2656080
1648080
1864800
1814400
3628800
2656080
1864800
2656080
2081520
2903040
1363320
1648080
2081520
2081520
1648080
1887120
1887120
1887120
2081520
1887120
2081520
1887120
1481760
1348560
1498320
2903040
1498320
2298240
2081520
2081520
2540160
1348560
2081520
1887120
2081520
2081520
2056320
2943360
1363320
2143440
1712520
1887120
1498320
1363320
2620800
1887120
2298240
2081520
1712520
1498320
2943360
1498320
1887120
2081520
1648080
1363320
1712520
2943360
2081520
2540160
1648080
2056320
1887120
1228320
2368800
1887120
2081520
2081520
1498320
2081520
2298240
1498320
1692720
1498320
2368800
2298240
1864800
1498320
2298240
1887120
1241496
2620800
1537920
2298240
2081520
1864800
1648080
1363320
2081520
2656080
2081520
1648080
1498320
1363320
1498320
2943360
1498320
1648080
1864800
1498320
1887120
2081520
1864800
2656080
2056320
1712520
1887120
2081520
1498320
2081520
2656080
1363320
1864800
1692720
1887120
1348560
2943360
2620800
1864800
1887120
2656080
2081520
1498320
2081520
1498320
1498320
1537920
2943360
1887120
2081520
1712520
1498320
2081520
2081520
1648080
2943360
1887120
1887120
2081520
2656080
1692720
1363320
2656080
2081520
1498320
2656080
2368800
1712520
1887120
2399760
2620800
1887120
2298240
1864800
1363320
1348560
2081520
2620800
1648080
1712520
1864800
2298240
1887120
1363320
1363320
1712520
1648080
2081520
1864800
2081520
2081520
2081520
2540160
1648080
1363320
1498320
1887120
1363320
2081520
1887120
2620800
1887120
1498320
2081520
2620800
2656080
2081520
