1147402
824838
1520640
1228320
1558728
1133040
986208
1241496
1259088
1398504
1419312
1398930
1398504
1345920
1117734
1736544
1716240
1514400
1383528
1401216
1259088
1119672
1558728
1398930
1147104
1119672
1161416
1225200
1380912
1275168
995640
1398930
1579536
1380408
1104288
1147402
1228632
1377696
1259088
1435392
1383528
1398504
1383120
1401216
1435392
1009356
1716240
1145038
1119672
1398504
1291248
1537920
1272804
1023072
1135056
1760568
1147104
1033352
1692720
1256724
1579536
1401216
1520640
1558728
1009296
1398504
1009356
1147104
1739760
1383120
1368000
1395714
1380408
1115796
1289182
1277184
1558728
1149120
1270376
1275168
1243296
1576746
1398504
1009296
1398504
1380912
1398930
1241418
1739760
1416948
1119672
1022784
1401216
1119264
1561440
1520640
823408
1121844
1716240
1135344
1712520
1241418
1135056
1106496
1579536
1104540
1133388
1103880
1716240
1537920
1116960
1259436
1119264
1256724
1121568
1275168
1145038
1383120
1558728
1009356
1537920
1119942
1555512
1023072
1289182
1275168
1228248
1240992
1380408
1273166
1243296
1558728
1289182
1031893
1243296
1119612
1517520
1275168
1689000
1133040
1121568
1119672
1145400
1383120
1541040
1213200
1009296
999432
1398504
1275168
1275168
1243704
1021354
1275168
1918080
1401216
1119672
1597980
1135344
1416948
1131386
1534704
1117656
1558728
1010976
1401216
1419312
1401216
1395714
1558728
1419312
933912
921900
1021404
1419312
1419312
1033650
1403520
1021638
1022784
1033650
1228248
1277184
1401216
1033352
1520640
1133040
1240992
1243704
1346040
1401216
1022784
1518120
804340
1241496
1558728
1133388
1579536
1133040
1363224
1401216
1009580
1226112
1383120
1227840
1011024
1245600
1119612
1009296
1401216
1011252
1380912
1558728
1005750
1119612
1257150
1380408
1365840
1245936
1121568
1365840
1380408
1377696
1230480
1009580
1760568
1716240
1398504
1383120
899100
1243296
1558728
824838
1131386
932645
1149120
1579536
1245600
1133388
1272804
1116960
1021404
1149120
1555512
1135056
1227840
1739760
1211040
1011252
1537920
1541040
1561440
1119612
1380408
912480
1398930
1239132
1579536
1383120
994320
1135344
1380912
1383120
1021354
1241418
1226112
1272804
1401216
1145400
1579536
1145038
1243704
1021354
911322
1021354
1517520
911322
1719360
1537920
1403520
1133388
1693320
1133388
1243704
1240992
1103880
1115796
1254360
1035368
1021354
1117656
1009356
1147104
1398504
1380912
1416948
834174
1419312
1149120
1133040
1225200
1159659
1383120
1119672
1518120
1147104
1561440
1576746
1275168
1362720
1173918
1009356
1226016
1243704
1145038
1380408
1131386
1021354
1261392
1360608
1256724
1009356
1131024
1716240
1380408
1380912
1541040
1147402
1009356
1395714
1272804
1380408
1398504
1359600
933664
1135056
1228320
1147104
1275168
1435392
1692720
1398504
1275168
1256724
1360608
1380408
1918080
996180
1272804
1256724
1009296
1398504
1435392
1259088
1238280
1380912
1161416
1254360
923136
1145038
1716240
1531488
1133388
1021354
1021404
1240992
933912
1380408
1576746
1541040
1537920
1226112
921666
1009626
1739760
1597980
1760568
1116960
1380408
1033650
1398504
1259088
1106442
1383528
1537920
1106442
1149120
1256724
1561440
1108080
997536
1117656
1918080
1360608
1561440
1261392
1149120
1228320
1579536
1275168
1033650
1416948
1133388
1115370
1149120
1576746
1257150
1401216
1149120
1145400
1383120
1275168
1497600
1133040
1380408
1383120
911088
1133388
1401216
1106112
1010976
1149120
1403520
912718
1133388
909668
1119942
1257150
1023072
1228632
1259088
1226112
1538424
1009626
1243704
1133388
1261392
1380408
1106112
1416948
1398930
1537920
1147104
1259436
1119942
1243704
1561440
923096
1133388
1103880
1259088
1259436
1416948
1243704
1398504
1011024
1121844
1147104
1343520
1380408
1395714
1259088
1514400
1383120
1089000
1414158
1259088
1377696
1254360
1131386
1419312
1021354
1398504
1739760
1918080
1419312
1149120
1007340
1416948
1579536
1243296
823632
1365840
1135056
1380912
1537920
1021354
1021404
1045896
912528
1401216
1716240
1009356
932400
1009296
1133388
1380408
1514400
1009356
1380912
1011024
1133388
997752
1133388
1106184
1401216
1419312
1259088
1119612
1009356
1558728
1119264
1009296
1133388
1414158
1106184
1359600
911322
921666
1119612
1256724
1145038
1102428
1576746
1719360
1401216
1537920
1010976
1398930
1416948
1272804
1225200
1377696
1419312
1414158
1275168
1228320
1380912
1161416
1541040
1119672
1259088
1419312
911098
1133388
1226112
1736544
1537920
1240992
1538424
1380912
1161416
1555512
1365840
1395714
1541040
1579536
814460
1289182
912528
1259088
1277184
1272804
1131024
1561440
997806
1670400
1537920
1131024
1257150
1272804
1395714
1033650
1089312
1223400
912480
1119612
1760568
1023072
1558728
1035120
1558728
1033650
1558728
1435392
1243704
1147104
1401216
1419312
909668
1365840
1226112
1712520
1597980
1561440
1145038
1537920
1558728
1147104
1558728
1131386
1719360
1243704
1416948
1238280
933664
1365360
1022784
1395714
1541040
1226112
1398930
1395714
1009356
1579536
1007340
1383528
1398504
1009626
1135056
984384
1416948
815886
1401216
1275168
1228632
834142
1416948
1259088
1108080
1579536
1104288
1576746
1035120
1243704
1240992
1256724
1736544
1240992
1023072
1739760
1419312
1558728
1133388
1579536
1275168
1365840
1115370
1257150
999432
1401216
1259088
1241496
1259088
1270376
1256724
1211040
1211040
1435392
1275168
1243704
1119612
1561440
1116960
1261392
824838
1558728
1243704
1228320
995640
1579536
823408
909420
1161416
1259436
1147104
1541040
1760568
1241418
1401216
1739760
997806
1243296
1275168
1558728
1023072
1259088
1010976
1007908
1009580
1119942
1739760
1135344
1147402
1555512
1007702
1033352
911322
1243704
1256724
1256724
1383120
1117656
1135056
1104306
1131386
1011024
1401216
1135056
1291248
1035120
1383120
1289182
1558728
1416948
1106112
912756
921861
911322
1259436
1395714
1416948
1692720
1419312
1398930
923136
1380912
1435392
1133388
1228320
1135344
1273166
1558728
1401216
1579536
1256724
1106112
1259436
1243704
1451770
1289182
1133040
1226016
1739760
1240992
1498320
1147402
1021638
1739760
1561440
843446
932400
1259088
1243704
1021354
1558728
1343520
1383120
1021404
1243704
911276
1131450
1579536
1257150
1009580
1363224
1149120
1383120
1241418
1227840
921666
1537920
1023072
984120
1736544
1259436
1270376
1241496
1259088
1275168
1131386
1275168
1009356
1245600
1398504
911322
1380408
1383528
1133388
1240992
1385760
912756
1941600
1719360
1275168
1272804
1537920
1046152
1240992
1254360
1046152
1106442
1401216
1031893
1259088
1374480
1716240
1147104
1257150
1243704
1259436
1383528
1383120
1023072
921666
1261392
1133388
1106184
1226112
1558728
1558728
1131024
1243704
1147104
1760568
997806
1117656
1712520
1383120
1021354
1007688
1383528
1119264
1380408
813288
1128660
1119672
1398504
1537920
1383120
1147104
1401216
1145038
1383528
1161416
1416948
1238280
1380912
1739760
1117734
833976
1555512
1021354
1093272
921861
1383120
1383528
1147104
1243296
1007702
1240992
1398504
1416948
1010976
1243704
1121844
1270376
1023072
1243296
1362720
902340
1007340
1401216
1383120
1007688
1401216
804336
1131386
997806
1116960
1692720
1579536
753392
1760568
1579536
1716240
1398504
1401216
1380408
1021638
1133388
1416948
1403520
1259436
1106496
909668
934118
1383528
1121568
1007702
1398930
1117734
1541040
1243704
1021638
1380408
1362720
1736544
1383120
1416948
1275168
1119942
1243704
933664
1035120
1147402
1121568
1007702
1133040
1119612
1716240
1289182
930941
1579536
1009356
1133388
1019636
1576746
1133040
1360608
1377696
1021354
997848
1133388
1010976
1035120
1579536
1021354
1245600
1023072
1383528
1257150
1716240
1401216
1494000
1021354
1211040
1541040
1135344
1383528
1145400
1716240
1383120
1416948
1163184
1555512
1579536
1243296
1275168
1739760
1383528
1398504
1245600
1419312
1383528
1558728
1401216
911322
1147402
920207
1149120
1243296
1121568
1692720
1133388
922848
1228320
1736544
1259088
1133388
1365840
1419312
1259436
1116960
1275168
1135056
1435392
1133388
1259088
1106184
1133040
1245936
1007340
1401216
1514400
1432964
1009356
1739760
1121232
1228320
