1131450
1416948
1558728
880284
914712
1377696
1166634
1222896
1119612
1205208
1059960
1226112
987242
1102428
1115796
1534704
754094
785984
991608
1168320
1104306
1065320
1110578
1182792
1269840
907602
1285320
966150
977594
875880
1033650
1760568
1000894
1027392
1017272
1225200
802032
1239132
1099638
1182792
724852
706614
1017996
1182288
1059960
837312
1158768
928332
992396
837312
1087122
1217472
1131450
1243704
722062
1046088
925542
1073328
1323720
1297080
1221114
684450
880284
1214682
1175856
934764
836240
1356888
809788
1416948
1059960
1083480
993564
1066392
855046
1360104
1061316
979092
1221114
1302408
1131450
1112580
1371690
1205208
1362720
1514400
858120
1318800
855046
1030008
1113368
1256724
1716240
1537920
1203096
1230336
853740
1064106
837816
1416948
1538424
837312
1392924
1217898
1401216
1377696
1537920
1487160
1249142
1059960
1041864
1416948
808212
1094562
1094136
749334
1166634
1100142
877856
993564
940344
1278384
1168320
1398504
1223904
1110578
910314
1712520
777756
1040082
1487160
949584
1401216
1494000
1558728
866334
1371690
951384
1166634
1004046
1094562
1040082
1401216
1220184
1187868
1380408
1217472
1091136
869880
1003620
1537920
1428960
1401216
941700
888473
951000
1353672
1187520
647200
1096500
958788
1172640
1126200
1145038
1265520
1374480
1017240
1371690
1716240
1041864
1507464
1538424
1138464
1558728
1101168
1113368
1079334
1113368
1054884
1316280
1235916
1094562
1398504
931800
1235916
1015877
1365840
1011912
1319400
1065320
1070538
819255
1052094
949992
1115370
939414
1096500
953208
1558728
1086696
777756
1377696
977484
1015128
1261800
1395714
1113368
1360608
828264
1051512
827160
1073328
1520640
1205712
1221114
1041864
1066392
914712
1083072
1336584
1145038
1243704
1079334
1062672
1558728
1243704
1172640
1241496
1353672
754946
1222896
770781
1096926
1517520
942126
860264
1101168
1558728
1558728
974016
1040082
1362720
1398930
1040082
1261800
1222896
1487160
1107788
894000
1223904
1131386
1193880
1175856
1736544
1538424
1061316
960726
1051416
962664
1113368
1487160
977594
1100142
1162488
1182792
1226016
1151832
1531488
989670
958788
1398930
1243704
1222896
1661760
1395714
1068504
1221114
1256724
1138464
711722
1518120
844248
1165704
1558728
1107000
817796
1383528
1356888
1398504
859476
929184
990096
1202592
1538424
869667
1739760
1113368
1353672
883074
1161416
1495200
1343520
1235916
1380912
1099638
1117734
1220184
1371690
1199376
880284
1507464
712776
1217898
762528
964464
939414
1220184
960726
1371690
925542
878282
975876
1576746
1235916
861478
1160880
1112580
1398930
1165704
1182792
1151832
1203096
686956
1401216
1079334
1087122
1273166
1133388
980622
1029000
1238706
1392924
1558728
1241418
845462
858120
1081194
1175856
970800
949992
1365840
1510680
1241418
1487160
1199880
1470960
1214682
1222896
1005622
1102080
809788
1182792
1398930
1101924
1416948
1157760
1072320
1112580
950780
1070538
1110578
1172640
1214682
1172640
939414
1233126
1356888
1184904
1101924
1015206
1380912
1011912
1158768
1053528
1220184
1104288
1272804
873852
1073328
1199880
1383528
1066392
1278384
1070328
726918
992396
1101168
1353672
1100142
1558728
1380912
1030512
1110578
949992
1380912
847038
1336584
1137360
1356888
790982
1168320
1272804
962508
1257150
1214682
1685280
1065320
1119672
964006
1257150
1223904
1162488
1099638
1377696
1131386
1208928
1339200
1514400
881498
1094136
1061316
975954
1221114
871062
1558728
1371690
1377696
1099638
960648
1289182
1377696
1009356
1126200
1145400
1003258
1015877
1124166
1353672
732498
1353672
1155048
1302408
1323000
979092
972014
757736
1249142
925542
1395714
852618
1151832
1151520
1507464
894660
784330
852192
960648
1058100
728068
1064106
1221114
1102080
1243296
1114944
1666080
837312
1520640
852192
1207440
1086696
1099638
1712520
1383528
1131450
1362720
966150
1531488
1054884
1070538
1416948
1395714
1039080
1096926
1079334
1145400
1658040
1202088
1383528
949488
1507464
1066392
1027392
1045080
1383528
1273166
982812
958788
1558728
1205712
953130
1716240
1918080
1322400
1398930
1538424
1054884
706614
1187868
1131450
1101924
1350456
1285320
1107000
1057752
1398504
1172640
1124280
1221114
1487160
1081272
1487160
1040082
925542
1965624
1568880
1233126
1760568
1039152
1380408
1692720
1005622
1380912
1339200
1353672
1113368
1228248
1004976
1371690
1233126
1165704
1126200
1371690
1003258
979092
1220184
913530
1302408
1175856
1380912
1363320
1028496
1380912
1558728
718910
1064106
1398504
1257150
1259436
1395714
1343520
1145038
878282
1353672
1353672
1254360
1029000
1151832
1009704
1558728
949080
1235916
1380912
1028496
859476
952356
1712520
1021056
970800
1716240
1365840
1257150
1380912
1416948
1235916
1356888
1518120
1113368
1353672
1261800
1302408
836240
1736544
1168320
1221114
1241496
1398930
1693320
1353672
1052094
1166634
877856
1353672
1221114
1339200
1356888
1380912
1147402
1518120
1221114
1377696
1221114
1086696
1419312
944412
1058100
1086696
1131386
1235916
1736544
1073040
1233126
1189728
826734
858120
1040082
1119672
712776
861606
952356
960648
1099212
1182792
953570
1272804
836240
1052094
980622
811002
1383528
1235916
1131386
977484
972014
1222896
972014
827160
1380408
1428960
873852
923682
1302408
1254360
1199880
1712520
1736544
925542
897670
1518120
1155048
1175856
1339200
1203096
1046088
1414158
1233126
1712520
1256724
961578
1106184
1113368
1398930
1004046
1085340
1558728
1558728
774114
974016
953570
1470960
1353672
1151832
914712
1377696
1145400
708474
1073328
1206312
992034
1380912
1256724
994824
1040082
1428960
1187868
1114944
1064106
1066392
1000560
1233126
883074
992034
871062
1322400
881498
1158768
1066392
862266
1356888
1017240
913530
1203096
1104288
1518120
1712520
1206312
1716240
845604
1374480
1241418
1110578
1257150
1531488
1356888
917928
1151832
786978
1398504
1398504
1257150
1217898
1202088
1259436
1087122
1137360
960726
1719360
717696
949992
724632
1398930
1507464
992396
1166634
1332864
1065320
1259436
1151832
1182792
1383120
767320
1239132
1011912
779538
1191744
1371690
1241418
1206312
1081698
1345920
1126200
879922
1760568
950780
879922
1362720
724632
1238706
1360608
1353672
992396
1353672
1052094
1211040
1558728
1058100
1199376
1416948
1043298
1514400
1409760
1039152
1221114
1221114
1094562
1239132
1377696
1416948
1083480
1395714
907950
1371690
1235916
1009356
1066392
1538424
1380912
1099638
1241418
1597980
1079334
1114944
950780
1268640
1259088
1221114
808212
889506
1101924
1079334
1558728
1214682
583498
1363224
836240
1398504
858120
875492
1398930
949488
947706
820458
1350456
1371690
1205208
1009356
1041864
972014
974016
1041864
1217898
1319400
1182792
1914360
1185504
921666
1270376
1101924
1568880
1097352
967080
1259436
736644
1576746
1100142
1112580
1319400
1112580
958788
1064106
1011912
1172640
1241496
982812
1199880
866696
1079334
1043298
970800
1243704
858120
1221114
1336080
1158768
960648
1065320
1131450
936120
1004046
914712
1257150
925542
972014
915312
1576746
1275168
1103880
1534704
1259436
1243704
1356888
1096926
903456
1184904
1514400
1305120
1061316
1217898
1188120
960648
915312
1047696
1145400
1736544
786978
1380408
1217472
1241418
1353672
1233126
1203096
774114
1339200
960144
1040082
1011912
1914360
1131024
1081194
1555512
1395714
1050816
1918080
906555
1374480
1101168
1487160
1088904
1339200
1047696
845604
1558728
1558728
1887120
847038
1243296
1113368
1140480
1487160
955998
1220184
1221114
1558728
1166634
1119612
1339200
1261800
1041864
1147104
771750
1172640
1182792
1254360
1058100
1534704
1094136
781217
1051416
1398930
1100142
1558728
1041864
1576746
987668
766894
977594
1172640
1151832
1203096
1126594
940344
1222896
1316280
1257150
1401216
1086696
1157760
1078908
950780
1010904
1356888
1398504
757736
1175040
1326240
1356888
773752
993564
1555512
1371690
1131024
1273166
694524
1360104
1220184
1363320
902952
1736544
1104306
977594
1184904
