1000
2 307 756
2 244 787
2 566 728
2 498 666
2 320 653
2 441 481
2 546 643
2 79 265
2 263 369
2 274 444
2 818 978
2 187 853
2 534 763
2 315 358
2 517 704
2 276 536
2 47 554
2 177 462
2 318 737
2 745 752
2 85 440
2 130 589
2 656 900
2 755 800
2 284 817
2 234 926
2 350 616
2 154 344
2 419 805
2 65 952
2 734 996
2 241 297
2 69 731
2 34 456
1 629
2 332 899
2 128 849
2 918 938
2 475 478
2 494 508
2 721 968
2 111 856
2 186 622
2 830 995
2 576 786
2 784 809
2 526 696
1 912
2 439 753
2 276 323
2 281 909
2 571 976
2 115 400
2 738 867
2 331 739
2 465 520
2 339 357
2 456 974
2 81 414
2 310 893
2 672 698
2 150 455
2 338 428
2 125 202
2 224 498
1 312
2 609 744
2 492 946
2 396 503
1 227
2 148 771
2 277 740
2 113 185
2 155 726
2 542 900
2 876 888
2 503 547
2 249 548
2 79 144
0
2 364 596
1 521
2 399 847
2 293 401
2 537 923
1 914
2 183 436
2 163 612
2 766 954
2 567 588
2 102 516
2 212 587
2 536 750
2 272 673
2 229 674
2 710 933
2 341 359
2 715 799
2 135 292
2 100 989
1 883
2 196 788
1 888
2 532 631
2 398 610
2 663 785
2 145 921
2 329 875
2 779 978
2 599 857
2 386 475
1 327
2 408 982
1 704
2 232 501
1 614
2 282 762
2 393 688
2 337 971
2 190 940
2 264 870
2 895 917
2 206 605
2 714 761
2 484 995
1 584
2 144 652
2 635 965
1 173
2 322 395
1 346
2 596 690
2 394 762
2 212 523
2 545 625
1 483
2 302 771
2 473 527
2 223 848
2 643 934
2 670 894
2 552 891
2 182 371
2 777 831
0
1 388
2 204 840
2 594 985
1 835
2 610 997
1 864
2 298 945
2 193 255
2 532 723
1 181
1 291
2 542 581
2 232 425
2 326 638
2 765 842
2 344 718
2 257 712
2 500 544
1 220
2 392 844
2 695 838
2 517 793
2 287 357
2 785 868
2 492 557
2 735 772
2 379 765
2 813 815
1 185
2 451 667
2 519 991
2 611 702
1 994
2 240 955
2 486 650
2 942 944
1 564
1 966
1 890
2 243 944
0
1 672
1 409
2 884 938
2 600 714
1 472
2 240 577
2 618 721
1 754
2 252 460
2 236 671
1 254
2 242 747
2 575 972
2 409 990
2 620 949
2 628 753
1 980
2 260 931
1 582
2 300 425
1 586
2 489 955
2 654 737
2 658 870
2 267 335
2 664 875
0
2 781 836
2 290 972
2 502 780
2 482 928
2 499 887
2 504 539
2 839 990
1 316
2 332 573
2 347 390
1 832
1 801
2 702 809
2 680 797
1 841
2 416 798
1 373
2 370 485
2 353 738
0
2 382 810
1 661
2 583 717
1 931
2 404 454
2 272 961
2 304 373
0
1 401
1 877
1 903
1 561
2 431 879
2 595 803
2 573 865
2 258 510
1 692
2 457 468
2 361 764
1 602
2 408 579
1 289
1 889
2 348 854
1 303
1 296
2 608 910
1 578
2 479 664
2 700 744
1 791
1 289
1 387
2 466 863
1 894
2 286 465
2 834 887
2 739 925
2 394 776
0
2 694 815
1 449
2 801 855
0
1 308
2 333 668
2 512 892
2 924 941
1 673
1 812
2 303 649
1 649
2 615 641
1 691
1 682
2 388 748
0
1 606
1 930
1 631
1 559
2 443 724
2 723 837
1 886
1 974
1 352
2 794 836
1 301
1 457
1 977
0
1 509
2 633 706
2 386 588
1 342
1 323
2 430 689
1 510
2 432 758
1 434
2 349 902
2 459 741
1 563
1 969
2 458 885
1 519
2 450 745
1 429
2 371 821
1 967
0
2 486 511
2 336 859
1 930
1 490
2 638 842
1 601
2 835 939
1 501
0
1 568
2 385 719
1 589
1 479
1 859
1 423
1 716
2 822 871
1 907
1 452
2 601 786
0
2 382 778
1 375
1 777
1 698
1 669
1 878
2 730 890
1 543
1 860
2 434 804
2 651 959
2 618 710
0
1 587
1 729
2 384 864
1 823
2 915 968
2 742 942
1 533
2 662 979
2 727 837
2 662 705
2 621 783
1 750
1 920
0
2 817 874
0
2 546 598
1 880
2 611 665
2 480 709
2 757 897
1 725
2 514 534
2 391 593
0
2 453 464
1 608
1 627
0
1 429
0
2 418 420
1 507
1 505
1 686
1 619
0
1 764
1 747
2 767 933
1 625
1 802
1 407
0
2 494 530
2 447 607
1 851
2 660 729
2 552 592
1 621
0
0
2 565 792
2 684 776
2 509 970
2 417 988
1 692
2 500 751
1 450
1 529
1 960
1 847
1 808
2 650 997
2 637 848
1 943
2 528 722
0
2 789 895
2 464 908
1 755
0
1 985
1 922
1 866
2 443 998
0
2 572 591
1 615
2 700 719
2 553 761
1 987
1 820
1 811
2 559 782
0
1 927
2 640 657
2 518 796
1 515
2 595 924
1 553
0
1 488
1 712
1 921
1 665
1 820
0
0
1 491
1 562
1 901
2 541 946
1 743
2 634 856
0
0
1 825
2 647 872
1 476
2 825 844
2 881 910
2 830 956
1 983
1 605
2 604 834
0
1 487
2 577 756
1 891
0
1 957
1 832
1 967
1 824
1 882
1 963
0
1 873
1 829
1 586
1 668
1 743
0
2 724 899
0
2 523 717
2 780 790
2 562 964
0
1 763
0
0
1 883
0
1 766
1 752
2 522 527
1 525
1 992
0
0
1 656
1 971
2 688 948
1 613
1 868
1 882
0
1 892
0
1 949
1 629
1 623
0
2 846 911
1 906
1 843
0
1 555
1 991
1 661
2 769 818
0
1 722
0
2 560 787
0
1 623
2 541 778
1 576
2 570 597
0
0
1 748
1 976
1 796
0
1 889
1 901
2 581 999
2 804 907
2 632 939
0
0
1 950
1 937
2 779 814
1 915
2 824 898
0
1 839
1 808
0
1 936
1 626
1 934
1 642
1 853
1 574
2 697 970
1 657
1 639
1 861
0
1 806
1 845
0
0
1 742
1 926
2 805 819
0
1 760
1 713
1 782
2 681 948
0
0
0
0
2 634 793
1 812
1 715
1 953
1 703
0
0
1 703
1 685
1 619
1 677
0
1 998
2 770 941
1 772
0
1 681
1 980
0
1 865
0
0
1 807
1 645
1 760
0
1 697
2 636 826
0
0
1 699
0
1 816
0
2 655 862
0
1 860
1 876
1 802
0
2 736 810
0
1 701
1 937
0
1 878
1 707
1 690
0
1 840
1 960
1 654
1 759
0
2 951 959
1 927
2 701 720
1 992
2 788 950
0
0
1 943
1 658
1 845
0
1 828
0
0
0
2 897 912
1 679
0
0
1 666
0
0
0
1 769
0
1 696
1 981
1 789
0
0
1 775
2 708 746
2 751 794
1 932
2 797 906
1 857
1 773
0
1 940
2 795 905
1 843
1 881
1 781
2 799 962
0
1 917
0
1 947
0
2 705 813
1 984
1 731
0
0
0
1 711
0
0
0
0
0
0
1 759
1 854
1 913
1 798
0
1 994
0
1 734
0
0
1 993
0
1 749
0
1 733
0
0
0
0
1 871
1 999
1 896
1 861
0
1 898
0
2 828 958
1 984
0
1 909
1 869
0
0
0
1 858
1 929
0
0
0
0
1 935
0
0
1 852
0
0
0
0
1 790
0
0
1 977
1 795
0
0
0
0
0
0
0
0
1 792
2 866 884
0
1 833
0
0
1 936
2 873 932
1 918
0
0
0
0
0
0
0
1 838
1 986
0
0
0
0
0
0
1 806
0
0
0
0
0
0
0
0
1 916
0
0
1 869
0
0
0
1 911
0
0
0
1 903
0
0
1 867
0
1 964
0
0
1 863
0
1 973
1 849
0
0
0
0
2 880 957
0
1 986
0
1 952
0
1 885
0
0
0
0
0
0
0
1 951
0
0
0
0
1 913
0
0
0
2 928 963
1 896
1 989
0
0
1 945
0
0
1 947
0
0
0
1 908
0
0
0
0
0
0
0
0
0
1 975
0
1 956
0
0
1 919
0
1 893
0
0
0
0
0
0
1 965
0
0
0
0
0
0
0
0
0
0
0
0
0
0
0
1 923
0
2 961 973
1 953
0
0
0
0
0
0
0
0
1 962
0
1 935
0
0
1 958
1 983
0
1 987
0
0
1 975
0
0
0
1 988
0
0
0
0
0
0
0
0
0
0
0
0
0
0
0
0
0
0
0
0
0
0
0
0
1 982
0
0
0
0
0
0
0
0
0
0
0
1 979
0
0
1 993
0
0
0
0
0
0
0
0
0
0
0
1 996
0
0
0
0
0
0
0
0
0
0
0
0
0
0
0
0
0
0
