1000
2 584 927
2 310 438
2 634 821
2 205 945
2 239 766
2 377 704
2 226 475
2 782 905
2 462 764
2 444 974
2 266 734
2 101 921
2 171 998
2 559 856
2 69 571
2 237 645
2 123 932
2 127 271
2 696 800
2 431 587
2 164 207
2 214 897
2 134 601
2 448 862
2 140 390
2 224 643
2 106 461
2 169 707
2 580 898
2 52 634
2 855 934
2 126 359
2 621 669
2 197 518
2 446 994
2 211 608
2 459 820
2 51 726
2 528 731
2 120 154
2 440 749
2 514 851
2 215 612
2 404 498
2 294 922
2 557 787
2 98 910
2 307 874
2 631 960
2 66 555
2 382 679
1 630
1 920
2 309 859
2 355 778
2 554 849
2 911 991
2 90 612
2 574 718
2 145 363
2 224 710
2 347 664
2 140 833
2 302 794
2 177 485
2 264 563
1 632
2 231 537
2 486 835
1 380
2 599 711
2 277 722
2 466 637
2 394 938
2 103 738
2 410 629
2 783 882
2 229 451
2 439 533
2 472 673
2 322 961
2 556 799
2 598 843
2 678 685
2 225 582
2 156 818
2 152 292
2 389 914
2 137 794
2 403 831
1 866
2 218 818
2 169 323
2 617 779
2 714 903
2 204 343
2 201 371
2 455 525
1 857
2 335 474
2 162 823
1 303
2 251 865
1 802
2 657 970
2 659 987
1 489
2 188 387
2 451 836
2 842 885
2 119 183
2 597 840
2 852 890
2 213 860
2 502 538
2 521 723
2 366 744
2 396 416
2 252 345
1 273
1 593
2 610 754
2 530 532
1 638
2 605 792
2 357 515
1 285
1 496
2 326 344
2 136 325
2 681 926
2 320 721
2 209 389
2 412 650
1 990
2 628 681
1 943
1 682
2 279 970
2 551 915
0
2 474 775
2 478 913
2 592 664
2 147 225
1 318
2 406 542
1 966
2 410 683
2 673 955
2 392 918
2 567 861
1 589
2 905 908
1 796
2 707 976
1 457
2 709 825
2 751 957
2 227 293
2 319 658
2 443 780
1 895
2 661 684
1 391
2 291 297
2 607 901
2 419 653
2 614 695
0
2 373 829
1 822
2 185 685
2 223 340
2 234 253
2 200 547
2 288 876
1 584
2 282 575
2 494 688
2 712 830
2 313 899
2 346 519
1 339
2 525 650
1 765
2 805 936
2 374 693
1 962
2 218 411
2 576 720
2 426 947
2 360 434
2 242 729
2 407 724
2 447 827
2 631 772
1 454
2 439 839
2 521 553
1 279
1 353
2 705 937
2 453 769
1 306
1 975
2 482 483
1 840
2 354 519
1 595
2 255 977
1 929
2 373 787
1 826
1 906
1 880
2 386 545
2 713 956
0
2 619 943
2 331 801
2 759 846
2 523 654
1 624
0
0
1 718
1 788
2 456 515
1 950
2 353 878
1 629
2 585 949
2 893 936
1 675
2 244 269
2 262 336
1 552
2 467 797
1 248
2 598 610
2 589 796
1 335
2 305 662
1 464
2 868 902
2 604 834
2 616 997
1 416
2 286 767
2 308 907
1 750
1 481
1 342
2 368 470
1 998
2 408 969
2 397 739
2 742 925
2 495 562
2 553 632
2 815 870
1 733
2 883 973
1 407
2 424 617
1 892
2 703 845
2 536 897
1 618
2 719 988
1 823
2 581 700
1 869
2 424 816
2 494 699
2 277 356
0
2 649 965
0
2 948 989
2 873 891
1 719
2 284 289
1 420
1 745
1 618
2 549 644
1 488
1 928
2 322 793
1 828
1 886
1 986
1 670
2 713 809
2 316 762
1 338
2 332 609
2 648 924
2 350 883
2 811 971
1 559
1 381
2 566 729
1 385
1 851
1 652
1 731
1 511
1 608
2 406 449
2 501 933
1 817
2 341 654
2 513 603
1 720
2 473 668
1 324
1 907
1 449
2 624 750
0
1 479
1 550
1 827
1 575
2 348 503
2 379 996
2 810 930
2 597 788
1 868
1 705
2 558 570
2 640 819
0
1 457
2 529 813
1 803
1 738
1 452
1 524
1 687
1 753
1 622
1 758
1 611
1 821
1 867
2 700 888
1 506
2 544 849
2 755 975
0
1 958
1 425
1 739
1 440
2 566 596
1 543
1 699
2 491 879
2 815 871
1 547
2 483 721
2 526 847
1 808
2 708 947
1 372
2 951 969
2 485 620
1 651
1 930
0
1 898
2 376 859
1 837
1 711
2 455 678
1 689
1 414
1 924
1 950
2 516 728
2 746 925
1 569
1 415
1 730
2 426 735
0
1 917
1 545
1 567
2 605 656
1 912
2 461 981
1 417
1 479
2 408 894
2 706 817
2 774 795
2 680 761
2 804 862
1 549
1 887
2 409 744
0
0
0
1 535
0
1 506
1 565
2 613 615
1 534
1 623
0
1 510
2 607 989
1 463
1 653
2 577 986
2 450 980
2 555 621
0
1 766
0
2 641 956
2 603 760
2 520 550
2 487 503
1 568
2 433 609
1 886
1 542
2 543 662
2 509 565
2 792 942
1 602
0
0
2 635 935
2 578 922
1 906
1 666
2 581 966
1 964
1 666
1 459
0
1 490
0
1 574
1 484
1 919
0
1 546
0
2 884 959
0
2 768 949
0
1 946
1 867
1 864
2 763 979
1 853
1 732
2 689 798
2 546 640
1 967
2 866 979
1 560
1 690
0
1 781
2 636 812
2 771 912
1 590
0
2 834 952
1 579
1 952
0
1 606
0
1 733
1 524
1 706
1 903
1 993
1 850
2 916 983
2 690 914
0
1 786
1 749
2 600 814
1 879
2 630 976
2 900 992
1 885
1 985
0
2 667 915
2 737 785
0
2 776 831
2 695 987
1 532
1 730
1 626
2 580 948
1 762
1 977
0
1 865
2 676 702
1 625
0
1 620
0
2 773 784
1 743
0
0
1 854
2 714 813
1 838
1 938
1 962
2 717 861
0
1 747
1 860
1 588
1 934
1 852
1 993
2 781 980
2 863 904
2 657 963
0
0
1 740
0
0
0
2 894 957
0
0
1 725
1 953
0
1 743
0
1 842
1 937
1 968
0
1 968
2 819 981
1 661
1 881
2 647 672
0
0
0
1 808
1 820
1 735
1 758
2 665 833
2 710 790
0
0
1 606
1 841
1 697
1 715
0
0
1 901
2 741 911
0
1 702
2 642 651
1 996
1 999
0
1 672
2 725 932
1 864
1 807
2 757 902
1 701
1 732
0
0
1 625
1 742
1 874
1 768
0
1 928
0
0
0
0
0
0
1 872
0
1 982
1 627
1 876
1 660
0
0
1 751
0
0
1 626
1 798
0
0
0
1 931
1 850
0
0
0
0
2 723 923
0
1 636
0
1 709
1 942
2 844 951
0
1 870
1 946
1 776
1 659
1 802
2 941 973
1 830
1 939
1 687
0
0
1 848
0
0
2 757 795
1 954
0
1 944
0
1 663
0
0
1 926
0
1 854
0
1 964
1 688
1 832
1 746
2 884 899
0
0
2 740 958
1 972
1 712
2 777 841
0
1 786
1 954
0
1 846
1 785
1 896
0
2 783 995
0
0
0
0
2 797 829
2 790 984
1 960
2 769 811
0
1 745
1 747
2 760 825
0
0
1 836
0
1 974
1 965
0
0
0
1 923
0
0
0
0
0
0
1 972
2 824 873
1 892
0
0
0
0
1 857
0
1 869
0
1 782
2 728 890
0
0
0
0
0
0
1 913
0
2 940 945
1 771
0
0
0
1 918
0
0
0
0
0
0
2 775 800
0
0
0
2 801 933
1 838
1 778
1 920
2 810 858
0
0
1 985
0
1 888
0
1 955
1 889
1 887
0
1 988
0
0
2 804 881
0
1 835
1 822
1 855
0
0
1 812
0
1 878
1 845
0
0
0
1 789
0
0
0
0
1 931
0
2 853 982
0
1 992
0
0
0
0
0
1 848
0
0
0
1 910
0
1 984
2 909 967
1 858
0
1 895
0
0
0
0
1 940
0
1 978
0
0
0
0
0
0
0
1 997
0
1 939
0
1 872
0
0
0
1 856
0
0
0
0
1 953
0
1 983
0
0
0
1 889
1 893
0
0
1 900
0
0
0
0
0
0
0
0
0
0
0
0
0
0
0
1 995
0
0
0
0
0
0
0
1 935
0
0
0
2 877 944
0
1 963
0
0
1 917
0
1 961
0
0
0
0
0
0
0
0
1 990
0
0
0
0
1 904
0
0
0
0
0
0
0
0
0
0
0
1 919
1 959
0
0
0
0
0
0
1 929
0
0
0
0
1 994
0
0
0
0
0
1 999
0
0
0
0
0
0
0
0
0
0
0
0
0
1 991
0
0
0
0
0
0
0
0
0
0
0
0
0
0
0
0
0
0
0
0
0
0
0
0
0
0
0
0
0
1 978
0
0
0
0
0
0
0
0
0
0
0
0
0
0
0
0
0
0
0
0
0
0
0
0
0
0
0
0
