1000
14 14 17 185 460 507 513 522 627 731 752 798 867 933 991
12 207 218 220 293 431 478 534 580 612 634 881 939
11 164 231 244 292 402 631 649 693 712 726 838
7 67 356 398 436 476 667 965
5 267 377 774 834 980
11 11 57 133 142 145 261 429 786 903 918 958
5 56 417 662 760 787
9 286 320 377 384 449 456 791 933 997
7 65 216 512 526 566 574 640
10 114 221 306 403 483 492 630 713 850 905
10 170 189 314 398 541 580 590 793 910 944
8 24 68 480 662 768 955 989 990
5 54 399 402 750 995
13 33 68 175 177 366 483 528 659 694 753 764 872 962
11 157 182 200 273 521 591 609 750 815 875 895
6 118 133 221 498 588 899
11 78 335 389 425 512 569 728 776 917 949 953
12 28 86 144 290 292 318 361 383 677 867 883 904
6 32 89 239 496 835 936
5 348 364 533 720 940
4 185 668 687 791
8 54 144 224 602 663 708 886 962
7 333 471 500 556 654 655 875
8 68 138 344 436 554 676 729 926
5 28 190 488 491 885
5 289 397 813 889 912
6 115 221 309 643 752 826
5 300 349 426 786 972
10 32 244 334 447 509 596 640 706 750 986
10 105 418 446 541 566 704 708 815 932 951
7 129 345 387 471 888 953 980
11 311 357 372 397 408 417 668 794 888 923 943
11 123 132 146 300 381 421 442 774 785 905 951
4 50 366 677 948
5 196 314 696 737 902
8 104 268 596 626 796 799 850 934
7 92 196 238 579 722 883 906
9 70 173 216 251 343 484 538 866 916
7 263 314 436 438 509 512 926
7 68 83 361 465 498 970 997
4 176 401 515 907
10 64 164 216 352 393 434 562 636 669 690
4 107 560 588 954
1 668
14 87 172 253 318 330 406 413 466 643 652 663 716 789 880
9 147 252 384 449 612 680 739 828 904
14 79 105 174 258 364 664 707 720 830 882 892 931 932 982
7 133 196 251 584 640 662 800
6 83 136 290 639 647 977
7 142 191 204 205 460 685 709
10 79 150 167 360 664 764 862 926 948 961
5 111 487 661 841 942
11 186 257 353 391 454 549 576 608 696 771 844
5 110 139 204 325 618
14 59 116 144 200 272 286 347 567 653 661 796 799 937 938
4 141 235 684 849
11 111 172 180 305 487 529 565 615 765 799 833
9 169 245 249 305 450 523 580 666 789
10 89 178 379 391 425 435 664 750 903 990
12 137 151 200 235 319 626 636 668 683 893 948 961
10 269 295 432 457 484 556 646 709 734 808
8 88 169 326 378 483 535 636 676
8 139 184 230 286 452 473 496 788
8 177 196 287 309 399 493 501 778
8 129 400 432 457 488 617 921 933
15 179 227 283 313 342 360 361 426 466 505 583 646 686 824 842
9 184 459 470 614 621 675 710 839 954
6 249 381 532 553 948 959
4 169 612 678 784
2 312 960
12 102 111 292 345 439 464 630 664 720 797 934 987
1 533
9 92 151 228 289 407 596 699 757 875
5 258 294 397 549 666
10 115 171 181 277 448 649 750 770 820 866
9 143 180 192 224 290 670 704 846 970
5 468 552 662 673 793
10 93 109 231 248 262 280 314 421 698 754
6 135 179 604 720 876 994
4 264 626 762 775
6 91 169 294 513 674 853
9 177 281 282 478 601 706 721 873 892
12 132 377 441 481 532 565 675 683 764 782 940 981
4 227 489 906 946
5 87 251 651 886 937
7 441 531 535 578 768 772 992
8 101 146 147 527 629 723 938 954
4 134 614 933 984
10 218 227 232 327 377 540 796 822 857 984
13 219 232 283 310 346 416 495 516 601 603 610 765 926
7 102 213 409 624 690 866 963
4 162 264 471 993
9 144 160 345 381 439 550 581 591 908
8 147 417 447 549 562 599 708 885
3 694 809 895
9 116 118 291 320 503 523 722 953 988
6 155 492 510 552 639 860
9 157 164 222 229 241 567 638 920 991
7 174 216 350 400 472 513 902
8 280 289 292 315 370 453 806 898
9 142 195 219 285 339 539 720 840 875
4 162 350 614 814
11 131 144 160 254 332 475 488 568 628 904 990
8 248 282 599 662 922 926 933 960
7 155 305 486 707 768 863 996
6 220 397 434 536 539 594
5 630 665 704 916 958
10 262 363 496 701 745 789 798 873 891 928
8 194 221 508 560 734 871 994 996
8 164 170 317 387 569 577 580 871
11 120 170 218 268 339 508 611 679 700 744 852
8 162 360 461 475 694 772 786 790
9 115 191 466 476 491 522 648 805 903
12 178 332 357 381 473 581 638 688 725 829 871 893
8 299 400 521 568 704 820 862 909
9 213 378 392 463 672 675 676 914 928
3 234 678 875
9 119 263 335 382 386 709 737 784 839
8 201 289 308 351 463 715 909 936
8 168 253 489 532 588 850 889 980
6 210 218 385 863 948 952
6 138 184 210 362 842 953
5 237 608 725 853 953
12 330 337 338 353 416 570 630 712 806 855 895 936
11 151 186 354 419 490 572 637 701 719 759 920
7 307 479 670 707 851 934 957
8 178 224 320 371 624 812 904 942
2 561 989
7 171 248 393 428 647 773 785
7 248 506 513 610 636 760 806
9 178 179 269 639 735 778 903 983 993
5 140 196 390 828 849
4 172 313 329 742
10 134 163 221 260 277 546 586 603 659 690
8 266 280 320 353 388 409 436 873
8 159 168 273 307 380 523 548 646
9 233 237 281 306 381 416 518 838 957
6 256 488 618 765 796 840
5 316 417 468 693 972
8 197 263 440 455 462 740 870 920
6 188 234 270 625 722 797
5 402 488 554 929 987
7 179 293 300 437 490 578 823
4 173 279 303 438
10 160 217 262 312 446 481 620 676 771 986
8 186 264 414 558 700 781 829 925
6 225 228 622 629 891 996
8 378 408 437 530 581 756 775 862
5 323 408 428 435 840
7 232 444 539 603 617 656 999
10 416 443 542 550 561 587 742 780 854 999
6 171 206 447 670 787 884
3 274 307 522
12 196 201 354 403 409 572 668 677 773 852 917 982
6 333 502 530 564 743 761
13 377 379 399 418 420 425 516 638 651 848 900 961 976
9 259 300 454 472 480 606 711 903 953
9 390 433 443 592 610 849 863 880 974
2 459 742
8 278 420 595 831 896 940 946 985
6 209 315 445 758 876 889
4 199 246 564 913
7 504 524 636 688 753 755 834
8 216 237 340 376 423 499 639 903
7 266 286 355 364 689 814 957
4 207 262 479 564
6 206 473 502 880 950 971
10 175 188 203 229 280 382 566 582 697 840
5 199 396 462 782 876
8 302 344 396 445 570 577 834 985
8 275 281 446 449 610 732 853 963
6 428 607 674 709 715 997
7 406 516 625 684 791 873 914
4 183 405 557 689
8 233 291 396 579 815 852 915 930
5 201 488 492 548 675
10 198 321 392 409 530 665 671 685 815 929
5 191 266 492 925 987
7 232 356 452 542 865 886 897
5 345 434 483 503 872
8 191 352 358 510 725 758 767 926
8 222 229 323 380 440 482 702 985
11 397 400 536 593 613 648 764 826 863 879 937
5 467 487 502 503 887
11 232 238 401 475 518 590 735 794 878 898 937
5 248 328 427 488 793
5 392 436 782 907 918
7 319 389 598 613 618 845 905
11 292 343 433 438 491 596 604 657 686 809 847
4 420 590 605 748
7 248 419 476 843 902 909 976
9 333 441 583 590 606 699 783 810 839
2 372 493
10 199 404 530 564 594 611 679 824 869 901
6 204 242 362 748 763 872
7 518 748 773 786 811 861 972
8 298 304 491 713 752 770 909 922
4 360 735 740 766
10 211 240 450 499 564 662 863 888 914 998
5 305 555 692 974 988
11 208 254 263 502 623 649 751 853 888 893 944
8 202 210 497 537 700 859 920 922
9 273 315 411 412 515 668 762 802 925
7 210 319 322 329 540 548 923
5 206 275 290 445 600
8 214 404 414 447 573 879 884 935
4 252 629 636 874
4 324 440 689 749
9 304 336 357 532 548 580 712 823 938
3 235 336 607
8 256 364 371 429 439 466 768 872
4 444 470 679 952
7 352 450 467 641 705 815 865
4 540 660 828 971
6 255 381 571 660 780 973
9 290 470 479 698 713 801 817 838 890
6 415 510 595 698 791 984
6 225 620 733 784 792 823
7 347 514 709 764 772 803 971
10 305 437 583 741 752 792 797 836 888 988
9 224 331 431 456 488 533 622 817 947
10 242 321 329 424 480 632 671 701 893 937
8 310 440 469 579 733 802 896 979
5 612 615 624 709 960
5 239 337 651 787 964
4 406 421 466 686
5 326 556 601 740 789
9 298 303 322 482 491 620 767 856 868
9 242 315 403 437 513 626 630 720 752
9 241 281 408 416 433 472 594 779 809
5 279 349 606 763 799
8 236 477 561 686 691 712 857 883
9 293 309 376 441 551 776 823 847 894
9 367 395 425 488 617 690 774 828 962
7 514 648 731 789 823 907 995
7 272 377 676 694 925 977 981
4 317 323 804 955
13 270 440 481 523 563 658 677 761 792 816 975 984 997
5 304 429 634 641 926
6 351 394 396 399 409 775
5 440 496 718 887 923
11 279 286 326 372 383 470 509 592 688 726 947
6 363 377 616 634 785 849
9 382 506 509 512 561 594 674 716 727
2 300 663
5 373 429 813 964 996
10 251 263 320 457 537 646 708 843 957 972
7 299 351 394 667 781 928 981
11 338 380 506 520 522 571 594 684 685 902 969
3 307 571 711
6 295 319 336 492 559 884
6 253 271 442 514 800 864
4 459 495 514 954
10 315 400 490 500 626 673 697 717 918 966
3 613 678 993
4 351 438 613 740
5 262 342 414 502 529
3 326 679 805
7 345 439 719 761 778 812 911
4 489 541 568 739
8 344 374 375 443 722 743 909 990
4 433 445 761 841
8 447 481 570 616 680 775 835 937
6 352 453 476 590 907 971
9 281 377 463 515 541 559 560 780 839
2 375 908
7 329 366 368 484 764 823 948
6 425 509 640 825 849 993
3 323 423 692
4 510 794 932 968
9 304 428 527 551 702 791 870 938 942
9 272 304 390 496 567 581 629 702 757
6 278 340 470 573 804 958
5 504 564 697 706 988
5 489 628 763 875 887
5 326 787 853 901 933
6 335 472 491 493 808 942
5 324 537 706 842 878
6 351 476 544 722 936 981
5 494 552 609 966 975
6 346 616 627 673 711 961
6 297 331 352 660 675 761
8 353 363 390 494 566 607 633 687
4 325 716 807 898
5 590 619 649 734 875
10 349 387 426 606 627 780 790 797 882 941
4 357 512 685 886
6 457 502 574 811 844 879
6 413 502 647 712 735 800
12 343 381 565 641 664 678 758 769 814 820 827 933
6 356 412 450 865 904 942
10 308 374 642 678 718 735 752 867 883 917
10 319 440 449 563 605 638 786 968 976 984
8 335 636 677 737 823 857 887 930
7 314 425 582 750 758 921 991
5 388 732 832 881 925
7 386 393 530 614 663 893 970
7 357 383 534 721 816 937 971
11 426 488 533 610 766 779 827 864 903 923 928
7 313 384 436 498 539 548 951
7 417 534 556 606 690 708 776
7 306 417 481 667 769 844 915
5 441 686 738 950 956
6 409 425 494 503 678 885
7 322 354 370 556 646 920 978
4 470 676 734 924
6 445 453 495 709 767 834
2 321 867
4 364 438 715 981
10 332 351 395 424 631 688 766 848 851 978
2 443 523
9 342 358 418 443 449 616 773 840 919
7 430 487 578 604 649 686 805
7 328 488 629 715 842 863 926
3 556 569 634
6 316 530 594 727 928 965
7 398 404 515 533 641 725 775
7 322 475 506 510 519 592 937
2 430 956
5 564 626 656 703 823
8 345 422 489 611 764 768 922 940
6 556 596 760 859 913 991
8 381 470 480 755 879 883 908 918
8 456 560 618 623 811 826 845 853
4 537 729 967 980
6 366 373 599 612 840 924
9 422 572 575 607 610 758 883 974 978
3 544 721 724
5 471 530 613 817 954
4 448 566 782 917
5 690 705 890 947 990
3 576 592 609
9 337 409 467 511 546 570 920 936 985
7 478 613 618 644 663 807 856
2 785 821
6 371 379 484 618 889 894
5 616 805 893 914 959
7 394 402 611 666 675 926 937
4 486 548 644 905
8 340 362 607 641 687 901 911 997
8 357 655 656 713 785 803 815 846
4 409 659 802 926
1 417
6 555 701 712 941 944 984
9 379 582 594 635 657 679 737 739 891
5 472 701 822 830 910
1 958
3 424 718 910
7 370 529 573 598 703 816 926
8 486 558 580 615 710 770 791 867
6 444 726 735 818 837 839
3 419 769 841
12 381 400 494 505 519 624 639 663 707 816 830 991
10 453 459 557 634 714 785 797 858 865 891
4 356 817 836 858
3 397 448 646
1 796
7 358 416 776 886 939 946 992
7 375 400 505 546 728 783 976
4 631 648 687 989
4 546 640 771 964
7 438 514 556 742 754 818 995
1 450
5 487 500 510 652 978
5 661 672 690 780 999
5 385 515 617 706 879
5 391 474 593 871 913
6 390 439 568 597 705 921
6 389 621 627 678 751 781
6 636 648 685 783 798 843
10 385 391 438 439 608 680 701 732 811 996
7 383 604 672 675 682 689 768
5 406 448 717 761 785
3 709 762 990
7 445 452 595 764 779 840 972
4 378 452 534 780
6 413 641 664 669 917 987
1 665
7 529 573 651 809 874 897 922
2 772 827
5 447 638 643 749 819
8 606 630 752 815 852 917 933 981
4 611 632 909 962
10 443 461 476 508 592 609 638 723 988 989
3 609 755 802
6 395 449 532 554 620 714
5 429 466 529 722 857
9 434 463 533 562 785 829 949 957 962
10 394 413 500 639 647 828 891 923 927 987
2 463 624
3 431 580 773
5 408 557 625 676 709
6 535 538 567 769 949 983
3 649 941 969
3 598 601 942
5 581 742 874 897 911
2 870 888
10 404 472 524 549 665 699 790 860 869 924
5 407 549 592 685 752
4 467 550 600 798
5 468 503 826 846 908
7 471 539 612 674 753 907 916
7 453 576 630 661 680 874 892
4 441 523 643 956
3 494 922 926
3 720 778 933
3 742 761 943
6 419 468 690 823 899 947
2 541 941
5 484 610 631 700 932
2 524 565
2 424 467
1 761
5 454 529 605 670 676
3 423 581 911
5 467 747 772 791 968
5 532 739 749 814 966
8 468 613 637 646 722 756 763 853
6 604 715 828 830 865 892
4 438 541 603 740
6 436 475 643 800 880 913
3 816 848 901
5 425 504 575 610 797
6 594 618 708 903 919 921
6 503 530 669 736 815 958
7 463 487 674 778 901 923 931
6 444 585 600 730 757 918
2 484 578
3 536 548 781
4 768 819 837 840
4 605 652 896 968
4 452 688 770 890
5 494 506 583 841 919
4 486 487 671 786
0
2 695 956
8 515 568 683 804 861 938 977 993
3 583 610 696
3 526 664 815
6 473 694 708 719 910 950
4 542 647 720 982
3 608 701 768
5 449 489 653 967 998
7 444 496 550 819 824 851 946
4 446 483 564 711
3 675 690 842
5 633 665 766 832 999
4 542 704 787 792
1 497
2 703 737
2 575 733
6 453 487 508 614 788 796
6 537 583 585 765 939 967
6 517 610 758 879 895 974
5 497 596 644 837 853
0
2 507 769
3 681 824 921
4 655 695 707 711
5 653 855 943 972 993
4 542 585 586 607
6 598 704 771 829 872 924
3 492 565 692
3 546 759 955
7 485 572 594 677 793 829 966
3 800 826 850
6 481 488 528 540 694 873
6 643 769 870 956 957 971
6 716 723 748 821 891 938
4 510 585 629 786
5 534 595 599 807 833
5 509 518 652 853 953
2 796 850
3 637 906 948
3 560 658 869
6 591 803 846 848 873 960
2 542 564
3 680 720 941
4 536 558 797 842
9 489 490 580 618 739 746 762 842 965
2 679 708
4 524 680 760 962
3 686 710 744
2 702 833
4 510 565 630 926
3 495 598 743
4 570 595 631 943
4 606 666 848 905
5 506 525 758 770 921
4 687 824 867 986
8 512 571 619 862 898 971 986 987
0
5 520 568 593 622 713
5 578 585 636 639 820
4 701 805 857 926
2 528 969
6 505 531 544 593 829 865
8 524 567 630 676 686 691 890 920
4 592 855 895 910
7 620 716 775 806 879 904 935
6 510 589 756 804 885 935
2 878 942
5 510 582 674 964 968
6 604 628 847 882 885 927
6 653 816 870 988 994 995
5 530 636 745 850 904
2 548 838
4 600 831 897 966
1 910
7 598 640 756 791 876 920 964
2 884 999
2 863 895
7 727 741 858 896 938 970 987
3 705 753 765
4 583 644 843 904
2 523 951
6 589 592 600 699 733 956
2 772 875
2 640 773
3 649 774 923
5 563 673 758 840 843
3 527 914 921
3 613 720 857
5 534 583 895 913 967
5 552 596 698 841 923
3 759 809 967
1 745
5 682 762 785 843 919
4 592 689 762 880
2 881 938
2 939 994
5 588 592 775 801 900
1 773
7 565 697 731 773 863 880 944
2 797 828
4 889 897 923 987
5 760 829 848 849 900
7 555 653 762 785 793 801 854
5 588 630 690 852 997
8 580 596 646 827 833 839 933 971
3 548 738 951
4 732 809 981 992
4 608 658 724 920
5 569 617 706 750 753
1 713
6 691 754 800 922 928 977
7 691 735 825 860 919 952 959
3 677 827 998
6 641 749 852 928 969 985
2 869 943
2 576 727
6 627 732 749 759 937 975
3 562 684 744
3 683 762 962
1 591
8 563 660 707 715 716 790 869 915
7 571 834 862 875 882 967 991
2 904 974
3 762 887 966
1 844
6 629 659 679 704 765 946
9 577 620 637 706 714 722 723 891 919
4 575 613 753 858
4 663 857 897 920
3 589 687 757
3 609 753 930
6 596 711 728 754 831 917
1 933
5 627 965 967 968 969
0
6 696 701 723 766 768 925
3 715 801 832
1 958
4 640 677 750 769
4 597 605 613 842
4 636 662 940 949
6 675 694 743 880 949 953
4 609 641 699 766
3 750 770 803
2 605 943
4 611 824 881 897
7 587 630 670 760 768 851 910
2 782 789
3 758 875 997
8 639 714 756 779 797 800 851 984
2 888 992
3 636 699 745
1 785
6 651 678 741 759 786 867
3 632 808 810
5 619 698 815 842 991
2 612 918
8 625 641 700 749 807 905 910 958
4 637 703 747 927
1 918
7 745 763 812 827 878 898 933
4 612 640 657 816
5 681 687 783 801 984
4 679 792 794 859
3 644 789 797
3 610 631 698
1 926
2 735 917
5 607 647 667 726 825
4 738 765 957 968
2 718 964
7 636 769 786 877 910 931 996
4 700 785 840 841
3 634 721 932
2 721 843
1 696
4 785 923 924 991
3 702 791 963
2 754 929
4 769 805 854 903
4 635 788 869 944
1 708
5 696 701 898 902 931
1 706
5 625 644 682 744 986
6 636 674 812 908 917 931
1 683
1 891
1 994
4 632 742 905 986
4 730 736 767 867
1 808
4 745 774 871 874
3 681 854 875
0
3 649 711 828
5 772 838 853 858 992
1 887
4 778 782 804 965
1 777
4 650 699 719 988
6 673 724 792 802 849 924
8 665 736 768 819 834 835 915 962
4 660 792 872 950
1 694
2 770 910
2 654 727
0
1 742
4 699 723 907 922
3 781 830 837
6 706 717 739 793 903 930
1 934
1 699
6 656 697 754 926 928 964
6 653 663 700 847 868 927
3 737 774 905
3 737 822 851
4 817 840 843 885
2 727 852
0
1 965
3 824 885 962
3 679 759 861
1 772
3 905 927 984
3 690 750 868
6 704 751 857 923 935 977
2 843 965
4 834 857 903 992
0
2 862 984
1 973
1 723
4 727 881 955 997
2 687 958
4 709 807 814 858
3 760 893 957
2 738 955
3 760 833 964
2 715 951
2 702 826
1 680
7 689 710 830 839 867 910 980
2 801 898
3 752 753 992
1 819
3 791 925 942
4 692 739 909 952
4 762 824 947 971
5 687 703 738 782 853
1 776
2 751 985
1 968
3 767 810 949
1 712
5 755 765 862 886 984
1 742
4 744 869 893 923
3 799 830 880
2 770 968
2 775 954
1 938
1 985
0
5 807 813 863 927 991
1 812
2 711 964
2 728 942
3 859 868 892
3 760 766 896
1 794
3 714 822 990
5 790 809 891 952 978
2 750 986
1 755
2 768 790
3 722 790 938
1 851
2 908 934
3 863 910 921
2 857 984
1 970
2 744 998
5 862 867 903 929 958
0
2 838 959
3 870 913 987
4 774 820 856 973
6 788 826 836 875 910 988
4 728 735 919 955
1 994
0
3 825 868 914
1 829
3 774 971 984
3 788 801 914
4 737 758 918 976
3 780 809 896
3 886 922 963
1 856
2 813 932
1 902
4 749 804 825 863
1 902
1 814
4 805 865 935 951
4 813 816 884 937
2 787 835
2 908 989
3 768 807 887
1 833
6 769 843 929 941 965 986
2 820 898
2 852 894
0
5 841 842 849 876 884
1 882
0
1 908
3 902 921 974
1 941
1 932
4 819 857 925 979
2 783 965
0
1 868
0
0
0
0
1 942
3 856 857 910
4 825 929 944 954
4 793 837 848 956
0
3 776 842 886
0
0
5 839 870 908 943 975
1 839
6 793 805 837 882 973 988
2 844 950
0
3 823 830 898
3 800 903 953
2 983 994
1 901
1 828
1 915
2 797 949
1 961
2 876 896
1 921
2 863 901
2 863 998
1 805
3 869 899 913
1 878
3 807 852 984
1 873
0
4 890 905 956 964
4 860 889 905 975
6 807 843 848 862 873 956
1 925
1 978
0
1 960
0
1 936
1 850
2 874 927
0
2 888 956
0
1 886
1 821
1 903
1 923
4 868 891 980 985
4 837 907 979 992
0
2 826 848
3 852 872 947
0
2 876 912
2 859 991
2 855 856
0
0
1 918
1 940
1 869
2 981 988
2 880 895
1 853
0
0
2 847 917
0
0
0
0
2 866 945
1 852
1 947
1 874
0
1 901
3 959 969 998
1 908
0
0
0
2 909 951
1 876
2 902 979
1 875
1 986
3 860 955 993
0
0
4 913 955 982 983
1 928
1 939
1 900
0
4 926 946 953 971
3 926 965 970
3 878 931 940
0
3 877 886 931
1 999
0
0
0
0
2 933 975
2 905 923
2 889 986
3 919 933 948
2 931 984
0
0
0
1 964
1 971
3 905 930 942
1 956
3 903 905 917
0
1 891
2 922 990
0
2 911 992
0
0
0
1 941
2 939 976
0
0
1 905
2 917 961
2 991 993
1 969
1 967
2 983 989
3 917 963 983
0
0
0
0
2 930 944
0
2 951 982
0
1 998
2 931 941
1 947
1 984
3 921 955 966
0
2 976 998
1 929
0
2 938 996
1 961
1 943
0
1 963
0
0
0
0
1 994
1 967
2 953 959
0
1 974
0
0
1 961
1 976
0
2 970 996
0
1 949
1 984
1 967
0
1 960
1 975
0
0
0
1 982
2 964 975
0
1 975
0
0
0
0
0
0
0
0
0
0
0
0
0
0
0
0
1 984
0
1 997
0
0
0
0
0
0
0
0
1 993
0
0
0
0
0
0
0
0
0
0
0
0
0
0
0
0
