1000
2 231 606
3 97 558 603
2 832 844
2 188 360
2 77 524
2 305 419
2 336 756
2 616 749
3 73 382 700
2 25 833
2 704 829
2 71 135
3 398 887 987
2 596 657
2 361 687
3 124 409 765
2 172 977
1 445
2 570 849
2 341 487
2 365 778
3 484 581 728
2 164 644
2 179 429
2 387 551
1 938
2 514 941
2 659 712
2 936 974
2 510 830
3 76 535 795
2 228 976
2 488 711
2 67 304
2 238 476
2 798 861
3 507 760 982
2 407 865
2 727 979
2 139 284
2 157 377
2 413 718
2 190 759
2 272 355
2 462 895
2 104 912
2 706 740
2 304 748
2 116 192
2 821 877
2 242 424
2 224 772
3 515 885 985
2 171 532
2 343 777
2 692 748
2 117 868
2 838 889
2 659 769
2 165 219
2 121 292
2 692 899
2 461 965
2 325 633
2 605 910
2 115 623
3 401 835 911
1 540
2 330 447
2 579 950
2 401 923
1 892
2 209 679
1 767
2 205 964
2 276 899
2 324 721
1 804
2 756 955
2 318 919
1 237
2 513 873
3 169 184 405
2 559 866
2 150 945
2 489 787
2 667 946
2 606 983
2 413 880
2 428 714
2 195 966
2 230 840
2 231 513
2 262 883
3 677 683 719
2 302 422
2 529 874
2 261 940
2 321 525
2 265 816
2 283 397
2 187 555
2 224 927
2 328 533
1 311
2 411 553
2 127 961
3 276 379 426
2 124 974
2 497 504
3 705 813 984
2 353 969
2 146 223
2 412 958
2 501 567
2 713 885
2 178 257
1 860
2 392 445
2 677 994
2 196 465
1 669
2 688 718
2 175 244
1 384
2 445 897
2 160 185
1 460
2 671 741
2 133 822
2 299 302
2 627 762
2 419 694
1 611
2 142 539
3 647 875 942
3 291 911 926
2 485 836
2 625 652
1 944
2 290 435
2 220 990
1 214
2 173 247
2 350 651
2 472 572
1 381
3 585 763 807
2 543 880
2 204 366
1 729
3 294 625 906
2 456 998
2 399 980
2 809 961
2 359 932
2 352 661
1 331
3 611 635 832
2 255 415
1 386
2 339 782
2 454 835
2 689 773
1 685
1 263
2 486 721
2 715 988
2 340 367
0
2 420 784
1 338
1 560
1 790
2 523 907
1 797
2 298 531
2 463 789
2 491 635
1 416
2 287 957
2 364 643
2 317 987
3 532 813 822
1 885
1 198
2 319 948
1 533
1 310
2 252 530
1 345
3 263 369 576
1 589
2 373 846
2 536 687
1 584
1 640
2 245 317
1 661
2 664 764
2 379 738
2 548 644
2 484 805
2 989 992
1 960
1 390
2 217 733
2 394 460
2 890 954
1 256
2 643 646
2 221 647
2 522 854
3 425 706 887
1 431
3 295 608 761
2 554 978
2 568 986
2 277 786
1 877
1 666
1 698
2 823 919
1 709
1 523
2 490 871
2 909 963
2 492 613
1 799
2 490 702
1 650
0
3 496 884 903
2 500 665
2 309 576
2 612 784
2 441 577
2 442 925
1 356
2 257 589
2 723 949
2 482 833
1 653
2 739 928
1 485
1 720
2 450 806
1 729
2 325 968
3 440 483 556
2 496 564
2 732 959
1 467
3 699 754 807
2 592 800
1 989
1 595
0
2 540 684
2 288 501
2 301 742
1 337
1 503
0
2 273 404
1 834
2 336 648
2 457 873
2 417 868
2 313 630
2 275 348
2 398 908
1 574
1 535
2 355 827
1 339
1 434
1 378
2 391 512
2 776 960
2 569 870
2 311 588
2 947 957
1 641
1 945
2 561 783
2 303 442
2 468 994
1 818
2 500 794
1 446
1 295
1 351
2 321 502
2 573 922
0
2 519 860
2 399 935
1 554
1 975
2 320 639
1 597
0
2 469 925
0
1 327
2 308 578
2 634 839
1 775
1 504
1 402
0
2 328 680
1 810
2 688 951
2 431 973
2 905 997
0
1 817
1 346
1 955
0
2 565 886
2 383 900
1 611
0
2 667 985
1 541
0
2 787 892
1 932
1 499
2 357 736
2 459 814
3 578 580 676
2 679 821
0
2 358 483
1 601
0
1 713
1 808
2 697 770
1 601
2 634 818
1 481
1 649
2 917 965
1 354
3 351 389 436
1 458
0
1 610
1 828
1 746
0
1 361
1 525
1 506
1 942
1 473
0
2 730 981
2 666 799
1 686
1 980
1 470
1 640
2 421 780
3 468 767 815
2 569 660
2 514 937
2 411 837
1 615
2 487 678
2 864 979
2 385 894
1 816
1 441
0
2 921 939
1 528
1 564
1 612
1 888
1 652
1 691
1 416
2 933 995
1 999
1 726
1 448
1 417
2 663 855
1 538
2 814 848
2 555 902
1 996
0
0
2 495 583
0
1 527
2 752 854
1 863
1 851
2 565 908
1 881
2 686 850
1 859
2 447 489
0
1 598
0
3 425 851 970
1 840
0
0
2 434 941
0
1 995
1 619
1 970
2 543 938
2 458 931
1 586
1 765
2 617 966
2 593 950
1 582
2 693 882
0
2 586 887
3 509 528 655
0
1 755
2 456 878
2 526 884
2 570 841
2 575 639
2 451 672
0
0
3 587 904 911
2 469 629
0
1 846
0
1 918
2 524 727
1 853
2 462 701
2 561 668
2 850 864
1 874
2 862 971
0
1 498
0
1 510
0
1 969
0
1 845
2 546 674
1 534
2 716 766
1 793
1 984
2 516 520
1 632
3 542 751 852
1 962
1 934
2 897 981
2 622 819
1 607
2 722 856
1 929
2 493 895
2 802 904
1 926
1 856
1 537
0
0
1 693
0
1 620
0
0
1 605
1 949
1 893
2 691 705
1 560
0
1 595
1 616
1 563
0
0
2 618 972
1 597
0
2 653 943
2 593 898
1 786
2 642 745
1 596
0
2 646 763
1 594
1 517
1 609
1 796
2 537 628
2 658 699
2 673 792
2 550 843
2 582 708
2 556 731
2 665 743
2 820 898
0
0
1 839
1 894
0
1 743
1 655
1 924
0
0
1 986
0
1 991
0
1 817
1 669
0
1 863
1 933
0
2 890 972
2 603 728
1 891
2 781 859
1 869
2 723 808
2 637 791
1 858
3 698 739 923
1 963
0
0
1 760
3 602 742 896
1 728
1 676
0
0
2 583 803
2 629 834
0
0
2 740 865
1 901
1 733
0
0
2 677 947
1 720
1 849
1 696
1 788
0
1 948
1 903
1 952
1 734
1 920
1 710
0
1 757
1 651
0
1 749
1 608
0
2 884 958
2 824 997
1 705
0
1 931
0
0
0
1 901
2 769 775
2 809 824
0
1 904
0
2 735 857
0
0
1 636
0
2 736 751
1 779
0
0
1 934
2 714 940
2 876 972
0
1 763
2 697 770
1 853
2 853 870
2 709 862
1 898
1 891
2 719 811
0
2 700 724
1 724
1 953
1 708
2 774 781
2 670 737
1 707
1 766
0
0
1 717
1 971
2 844 967
0
0
1 654
1 924
0
0
3 674 680 732
0
1 867
1 881
1 982
1 760
0
0
0
1 794
1 731
2 768 939
1 791
1 953
0
1 746
0
2 759 912
1 704
1 715
1 825
0
0
2 783 802
0
1 831
1 703
1 826
1 745
0
2 683 811
0
0
1 906
0
1 883
2 886 962
2 848 996
0
2 792 928
1 913
0
0
0
1 690
1 871
0
0
0
1 735
2 831 838
1 741
0
0
0
1 914
1 767
1 823
1 872
1 738
0
1 788
1 827
0
0
1 847
1 956
1 771
0
0
0
1 896
1 931
1 915
0
0
0
1 913
0
0
2 812 930
1 747
0
0
0
1 843
0
0
0
1 841
0
0
1 977
1 879
0
0
0
0
0
2 747 956
0
0
0
0
0
2 802 902
1 954
1 923
2 813 815
1 826
1 993
0
1 804
2 828 968
0
0
2 776 872
1 914
0
1 950
0
0
0
1 927
0
0
1 893
1 921
1 905
1 842
0
0
1 882
1 785
1 800
1 983
1 879
1 964
0
0
1 943
0
0
0
1 796
1 888
0
1 909
1 992
0
1 797
0
0
1 810
0
0
2 973 999
0
1 829
0
1 920
1 911
1 935
0
0
0
0
1 929
0
0
0
0
0
0
1 976
1 990
0
0
0
0
1 830
0
0
0
0
0
0
0
0
0
0
1 857
1 978
0
0
0
0
1 861
0
0
1 998
0
1 858
0
0
0
0
1 900
0
0
1 889
0
0
0
0
0
0
0
0
0
0
1 916
1 937
0
1 951
0
0
0
0
0
2 929 930
1 993
0
1 946
0
0
0
0
0
0
1 975
0
0
0
0
0
0
0
0
0
0
1 917
0
0
0
0
0
0
0
0
0
0
0
0
0
1 967
0
0
0
0
2 936 944
1 922
0
1 991
0
0
0
0
0
0
0
0
0
0
0
0
0
0
0
0
0
0
0
0
0
0
0
1 961
0
0
0
0
0
0
0
0
0
1 988
0
0
0
0
0
0
1 986
0
0
0
0
0
0
0
0
0
0
0
0
0
0
0
0
0
0
0
0
0
0
0
0
0
0
0
0
0
0
0
0
0
0
0
0
0
0
0
0
