1000
8 71 321 468 627 827 828 939 975
14 183 210 291 358 366 417 446 464 492 657 684 887 896 917
6 67 238 247 253 328 815
7 255 279 438 592 930 949 972
10 17 281 468 480 531 546 624 714 908 957
5 43 377 777 829 852
11 177 360 408 421 506 523 793 923 965 977 988
8 110 358 539 596 599 621 768 809
7 40 248 311 434 876 904 993
13 33 135 182 207 418 536 598 704 721 724 856 927 996
6 15 23 460 466 655 689
5 222 359 761 817 822
6 94 288 539 616 861 987
5 67 266 438 541 782
7 79 322 440 747 955 956 993
7 62 179 181 316 589 725 865
8 73 80 335 547 838 922 950 965
12 87 96 120 176 381 426 515 601 625 760 890 994
6 46 105 204 830 852 928
8 23 29 270 305 626 819 989 997
9 28 82 158 234 390 423 507 553 599
10 159 204 255 274 361 425 455 583 911 973
15 226 304 347 367 428 444 485 505 580 716 717 807 913 923 955
15 252 322 451 465 485 497 500 575 593 605 664 725 741 756 898
8 156 177 248 336 406 664 750 794
11 52 58 187 205 409 446 487 627 793 914 942
8 115 273 291 294 657 697 714 945
7 93 96 143 195 249 354 795
10 165 252 396 417 467 704 796 865 868 958
11 43 74 226 739 753 764 765 785 840 872 918
3 137 167 796
6 32 224 529 558 569 694
5 98 596 751 784 953
10 111 357 463 574 604 636 650 691 914 990
5 165 658 732 929 957
10 110 178 245 396 565 613 818 845 891 906
12 108 198 218 302 305 326 434 498 514 600 773 876
10 117 426 644 680 811 837 877 883 918 967
12 99 230 245 276 334 425 487 780 799 832 919 970
4 81 413 466 712
7 296 378 453 762 930 967 993
7 166 246 303 458 501 654 927
9 87 99 303 491 517 597 775 777 849
7 145 276 399 495 517 973 985
18 77 109 132 270 303 326 397 485 506 664 691 713 791 811 841 908 942 945
8 203 214 236 364 547 666 804 949
12 107 150 206 212 220 308 520 712 844 878 939 993
4 54 207 797 866
11 164 230 264 281 320 555 654 828 936 947 970
8 131 376 435 442 499 559 704 994
8 86 335 354 621 875 882 925 989
5 145 217 865 870 892
13 141 186 207 243 506 528 566 796 811 833 841 911 999
11 210 219 542 581 683 688 723 732 964 977 983
7 59 208 236 435 622 656 855
3 63 186 888
11 175 350 380 450 532 533 593 610 621 884 982
12 60 218 357 587 609 616 651 759 830 862 909 938
6 108 205 616 784 834 847
5 292 298 697 716 975
8 272 526 597 635 650 706 777 795
7 78 232 331 358 425 454 763
6 185 274 314 387 570 763
6 299 331 497 663 786 978
8 205 211 263 712 790 942 989 997
11 321 333 350 449 450 469 650 670 823 845 908
4 449 476 542 703
6 303 688 888 909 925 935
10 109 282 441 473 486 566 570 604 605 839
8 148 253 357 606 713 753 755 788
8 144 167 249 290 338 514 563 882
9 85 488 518 564 794 815 878 905 988
6 498 547 726 876 887 917
9 195 295 346 590 776 859 945 974 997
5 428 455 531 543 913
10 78 102 409 599 649 671 680 800 847 966
13 139 167 213 236 248 311 317 339 422 495 683 897 929
7 113 181 401 508 632 804 843
9 107 231 374 435 565 598 802 948 964
6 433 587 668 881 916 993
8 147 257 302 600 621 665 721 899
7 127 411 423 501 571 817 951
11 140 323 400 410 438 475 496 666 705 880 944
4 382 397 509 878
13 88 115 123 148 191 216 249 269 416 498 538 565 947
6 293 440 837 894 906 965
9 297 375 543 643 735 757 920 926 983
1 772
10 90 128 263 280 424 472 497 520 672 944
9 112 135 253 291 369 555 627 715 858
12 127 170 171 181 471 610 710 734 876 888 901 912
8 137 273 328 460 552 839 889 989
12 145 384 401 439 466 493 495 759 774 796 853 977
7 168 300 361 433 484 706 861
12 255 273 332 385 485 587 588 635 815 839 867 947
6 182 291 324 376 442 686
7 146 414 593 616 733 761 859
11 258 354 382 445 607 629 675 752 922 930 953
4 369 396 519 778
10 150 335 365 469 616 662 685 839 856 946
13 244 337 347 408 728 736 782 794 800 803 860 867 869
1 351
12 138 279 393 395 452 459 471 474 632 702 795 838
10 286 287 336 442 693 700 706 717 779 875
5 391 474 814 839 965
8 183 275 377 453 713 731 746 983
5 200 264 770 828 938
10 133 145 151 362 493 536 583 853 922 993
8 258 331 449 463 683 697 761 798
4 180 690 726 759
8 158 214 336 488 568 732 890 914
8 164 563 568 575 622 632 846 871
7 170 527 557 594 616 709 836
8 125 148 234 439 455 479 968 992
12 115 264 345 402 414 428 652 750 792 812 878 929
7 229 289 555 799 827 868 964
5 225 234 555 910 944
7 337 396 510 763 767 777 864
8 186 313 315 346 513 579 734 951
8 431 446 476 500 515 582 808 883
6 165 252 334 539 582 585
9 168 287 305 496 510 568 658 956 995
11 269 305 321 341 356 443 505 506 511 528 694
6 166 383 440 764 792 887
5 302 392 719 806 869
6 210 324 599 670 970 987
9 233 348 379 735 760 762 802 907 953
7 499 504 548 642 887 937 979
3 182 279 571
5 210 334 445 606 658
6 223 503 551 728 836 932
10 215 307 657 739 769 850 899 930 953 995
4 169 552 818 894
9 171 220 412 446 537 544 570 587 651
4 206 750 845 962
9 183 187 297 324 404 671 705 756 832
8 238 289 337 346 353 363 540 695
7 168 363 481 485 551 843 945
4 498 652 851 973
8 294 450 483 559 669 718 904 977
8 220 309 357 366 515 622 740 920
10 185 249 321 328 507 545 726 873 918 959
10 203 268 276 330 462 513 552 717 740 846
6 360 600 648 723 936 995
10 167 175 500 611 728 783 806 890 903 996
6 300 391 495 671 703 748
5 357 403 413 776 951
8 365 497 633 635 778 861 885 909
6 218 263 429 715 748 955
8 432 453 500 575 694 712 744 840
6 201 605 653 807 943 977
8 342 394 402 476 489 586 810 823
4 369 562 603 919
5 427 587 634 873 894
7 223 407 475 481 491 573 712
12 258 479 589 597 648 697 740 782 823 833 935 994
5 493 613 636 727 782
10 180 191 334 382 410 454 478 633 710 760
9 176 181 257 425 538 679 707 712 885
11 253 376 377 467 524 788 792 812 865 933 961
9 173 294 450 611 645 792 896 906 959
4 222 322 658 864
9 188 218 355 509 634 756 829 912 922
8 212 296 331 341 450 608 857 995
5 431 455 599 823 941
7 220 402 458 521 749 774 957
5 268 303 398 748 869
8 314 412 434 651 686 728 759 959
2 774 969
11 199 255 293 316 453 520 545 604 633 779 974
8 211 255 602 629 713 761 801 878
5 328 424 563 649 741
2 530 624
8 225 283 472 664 811 816 894 946
9 259 387 407 426 449 764 770 909 955
6 285 334 485 502 599 624
10 312 533 590 707 730 855 895 910 930 958
12 184 326 351 433 541 619 742 779 792 900 988 991
3 483 761 885
6 318 605 650 858 988 994
8 243 245 471 734 762 769 812 944
9 523 549 554 571 622 789 901 935 940
7 262 453 582 593 681 812 822
10 229 232 394 623 653 695 740 839 867 884
7 335 471 490 624 705 923 964
9 275 332 369 383 580 584 649 651 937
11 312 323 381 412 484 497 714 730 801 898 957
9 335 347 464 525 639 777 801 893 959
4 349 496 517 640
4 230 607 771 806
8 232 285 355 595 660 768 769 991
8 342 474 481 483 596 645 837 995
4 245 309 552 877
8 377 383 515 557 733 749 758 783
4 433 532 746 852
10 214 254 447 539 555 634 675 738 891 929
12 292 345 364 368 444 458 524 544 545 615 705 898
4 291 312 774 842
7 216 449 477 482 490 784 954
8 252 279 446 580 591 794 800 805
6 582 634 749 788 828 950
7 205 325 353 385 391 469 602
4 229 347 681 899
6 346 452 541 580 808 816
1 768
5 222 288 547 741 824
11 368 375 387 487 511 514 561 728 779 813 844
3 354 696 729
8 216 381 396 429 636 730 753 862
5 394 567 635 770 969
8 216 247 303 310 342 436 460 742
9 220 346 437 589 687 913 945 946 947
4 324 650 724 764
6 230 261 406 436 666 960
10 220 260 284 286 397 464 574 721 767 982
6 315 364 555 611 612 920
10 649 688 828 886 887 889 890 898 904 956
7 297 313 331 495 630 695 882
3 225 585 668
3 431 605 633
4 225 275 621 709
6 424 564 588 714 743 864
6 261 309 450 576 887 982
7 253 359 491 568 622 657 980
4 226 746 768 990
3 486 616 784
7 241 326 346 443 504 863 883
6 490 531 560 578 625 932
5 597 603 703 771 917
6 355 402 408 589 814 871
6 340 451 455 643 823 981
3 366 845 958
7 253 293 297 420 544 691 789
4 299 434 841 947
8 254 509 881 912 917 918 968 988
8 282 357 360 379 534 545 559 575
6 601 720 880 902 936 974
10 302 317 431 616 643 737 804 817 821 945
4 342 479 485 767
5 397 582 617 720 935
6 253 367 417 563 780 846
10 273 317 683 726 866 914 925 939 986 991
8 490 511 678 684 690 704 845 947
8 268 328 377 408 447 658 884 962
4 393 575 633 805
2 385 979
8 256 441 450 541 672 839 935 992
8 353 427 589 614 628 778 795 918
5 430 553 823 941 980
9 256 258 274 333 668 745 754 763 861
7 327 389 554 621 751 784 877
3 458 731 874
9 263 281 351 478 619 730 887 927 981
6 282 306 405 486 750 900
6 267 278 316 509 520 917
7 273 397 436 492 640 658 772
7 341 342 471 505 910 921 943
8 312 402 408 636 691 733 820 858
7 334 551 580 741 779 950 958
5 380 408 652 653 664
4 296 300 504 760
6 286 579 598 625 763 878
11 469 486 533 557 786 894 943 960 969 974 979
2 691 944
7 267 336 374 375 388 483 880
9 279 340 410 652 742 777 780 888 896
9 310 441 456 564 744 756 922 962 987
6 471 707 742 743 889 916
8 343 408 439 570 608 740 869 879
5 301 353 430 513 650
9 351 370 598 616 745 754 779 859 913
6 386 508 536 771 785 857
3 671 726 850
8 457 565 597 621 659 792 801 855
4 520 596 659 786
7 397 546 716 881 894 932 951
3 280 433 829
5 635 687 699 853 907
7 337 463 589 626 639 834 887
5 594 677 875 941 959
8 316 619 635 710 813 828 844 989
8 294 311 350 383 402 419 458 784
5 299 387 494 744 892
5 408 571 613 752 990
8 404 465 544 843 870 916 949 969
7 452 547 715 799 885 888 935
2 320 819
6 477 581 636 645 796 838
3 356 633 637
6 294 505 594 814 879 960
2 712 884
10 310 339 398 430 474 489 659 749 876 987
6 332 456 637 719 831 878
7 334 359 437 535 833 939 949
7 353 461 510 607 818 913 945
3 512 703 838
8 354 494 514 523 531 556 605 994
3 640 920 965
5 328 638 674 945 949
9 317 452 480 488 532 657 827 837 958
3 421 799 929
5 402 403 458 539 575
4 636 667 676 886
3 481 628 903
8 313 456 477 541 623 689 755 879
7 379 421 489 499 604 911 979
7 399 406 447 607 836 877 930
8 429 470 625 670 749 789 868 901
5 502 809 822 903 982
8 345 359 427 504 526 833 892 982
5 469 616 737 796 818
5 324 627 715 825 837
8 343 366 546 645 651 663 800 997
6 380 502 504 658 661 980
4 557 568 711 953
2 341 613
5 634 817 848 991 997
5 352 394 691 781 888
7 322 488 517 563 578 853 854
8 442 450 692 727 768 810 858 875
5 326 406 640 710 758
6 408 482 523 594 710 984
4 634 846 879 962
5 337 524 564 714 767
11 344 507 523 535 632 743 748 763 842 890 997
4 488 593 650 888
3 472 482 565
6 410 558 596 665 708 796
4 668 718 781 949
5 473 708 810 838 962
4 676 708 724 839
4 405 565 619 676
6 423 756 808 813 828 938
1 937
5 423 520 662 746 898
3 428 739 906
7 376 404 559 741 806 820 992
6 346 571 794 816 825 859
9 447 472 497 708 776 810 862 962 964
9 458 512 628 698 715 753 812 911 923
7 359 478 592 610 647 659 722
6 627 707 726 834 843 976
4 525 676 885 941
4 447 620 625 634
3 374 433 617
1 727
3 494 505 592
8 401 432 491 615 634 737 767 963
4 392 542 713 808
11 362 400 413 576 652 692 767 789 811 853 985
4 445 451 477 861
2 880 924
6 579 694 753 769 871 883
4 399 658 685 829
4 375 510 611 883
5 671 678 726 745 782
7 364 477 521 686 797 867 947
7 392 431 536 623 874 898 946
2 548 930
10 583 637 670 794 800 827 845 861 937 963
11 376 418 593 600 704 725 744 806 855 871 937
3 554 583 763
3 436 488 587
7 694 727 809 827 829 887 999
4 382 514 835 904
7 401 544 547 669 764 856 994
5 487 648 719 755 881
5 406 660 680 796 830
6 378 515 571 741 947 948
3 533 659 872
7 571 675 790 836 862 949 987
12 466 477 483 492 598 626 645 663 685 730 895 988
2 575 988
4 590 819 852 996
4 428 763 914 996
7 395 516 545 641 686 701 734
4 523 677 806 993
4 575 711 969 998
6 570 714 749 798 973 985
5 420 440 502 673 820
2 632 876
6 397 410 717 758 797 997
9 415 494 590 723 800 812 838 891 929
0
3 724 746 906
7 621 694 829 888 900 953 985
1 527
3 539 604 927
5 430 576 629 890 967
4 469 476 593 917
5 532 669 790 820 876
8 410 520 533 536 596 658 917 925
5 450 508 616 820 937
6 407 543 739 767 869 947
4 395 476 552 823
9 445 458 459 580 596 690 695 717 904
5 468 667 729 901 918
5 640 655 690 975 989
10 486 495 516 597 608 674 771 796 936 950
7 544 705 756 856 887 951 984
7 493 518 577 606 689 706 963
3 412 687 855
5 405 560 671 759 816
9 416 423 455 495 714 805 895 913 956
4 425 449 675 978
9 458 539 544 553 611 642 796 799 910
3 545 856 961
4 598 650 686 761
7 594 686 848 883 902 905 970
7 440 512 546 574 729 773 928
5 535 608 661 688 785
2 613 986
3 669 848 876
5 552 576 733 749 821
4 458 522 915 976
5 476 622 922 936 995
6 453 578 600 773 781 825
4 438 554 694 803
5 587 793 834 864 894
5 447 703 796 864 870
5 429 452 704 806 940
2 498 942
5 722 745 778 783 900
3 570 786 980
6 483 523 780 856 877 939
6 435 643 718 755 864 875
6 476 521 609 687 878 983
7 452 465 514 549 811 824 868
1 971
10 432 459 554 563 632 652 741 799 807 848
3 872 883 988
3 493 864 959
8 463 476 581 625 647 683 757 969
5 588 611 693 788 793
6 605 675 736 836 881 927
2 612 806
5 611 723 736 765 878
7 445 697 712 851 887 888 993
4 484 614 726 767
5 453 516 535 906 936
4 586 664 686 766
6 644 687 714 729 802 864
9 451 496 533 558 629 674 709 911 955
2 768 854
6 511 555 751 781 876 892
4 595 668 683 856
1 514
5 670 711 886 930 978
4 494 721 795 805
6 515 552 557 573 658 747
8 537 599 611 666 759 816 889 923
8 463 513 517 593 757 793 808 924
10 597 694 733 749 863 876 904 938 977 988
1 903
2 705 742
7 566 674 711 712 731 825 838
2 614 671
5 508 738 816 821 831
7 464 606 710 783 857 979 995
4 557 608 623 981
3 504 813 865
1 848
3 912 915 972
7 476 562 598 741 862 908 949
5 525 682 695 873 992
4 481 569 693 958
2 477 705
5 535 542 646 725 777
2 515 516
6 479 539 701 802 920 929
6 558 633 710 795 916 953
4 482 574 656 981
2 914 976
3 499 551 591
4 571 606 682 956
4 591 617 765 881
3 528 622 663
3 635 856 915
4 549 902 951 978
7 530 532 642 644 696 719 847
5 572 640 716 823 980
5 629 791 831 935 966
3 524 787 812
5 518 590 741 749 963
3 661 736 862
3 523 649 932
4 627 727 793 931
5 556 570 596 756 853
5 592 677 844 880 926
3 667 793 950
3 538 602 790
4 522 559 640 920
3 715 753 816
3 535 571 752
2 500 589
3 647 653 791
6 498 582 590 763 837 851
4 525 672 891 942
10 522 608 626 636 806 824 847 904 957 965
6 506 611 620 829 852 929
6 625 703 837 857 891 951
2 608 971
6 624 790 799 802 804 971
5 512 751 769 903 937
3 577 749 966
1 814
6 656 670 702 779 854 918
4 534 597 601 816
2 540 781
6 634 678 702 711 956 973
3 590 748 949
3 741 954 984
1 915
1 884
6 544 566 660 849 931 947
3 804 869 876
11 525 562 605 681 702 775 779 832 838 847 996
4 811 927 950 958
3 656 686 781
2 590 927
8 570 599 758 796 806 810 841 952
1 523
1 936
4 629 772 845 847
1 775
3 767 844 967
2 647 994
4 620 813 814 854
3 579 845 981
5 622 743 791 935 995
1 736
6 670 766 807 914 940 955
7 551 582 804 805 844 961 980
1 862
3 775 855 893
4 563 613 803 917
2 650 711
5 563 581 688 797 965
6 540 564 586 715 811 883
2 806 810
3 695 879 929
6 676 686 692 769 790 891
5 599 743 867 919 999
3 609 805 941
4 697 750 939 957
6 651 664 666 702 718 849
1 871
6 743 781 918 955 971 993
4 653 660 769 909
4 551 800 889 975
3 673 794 988
2 679 981
1 658
2 848 962
2 765 958
3 835 879 919
4 589 718 799 896
1 775
3 687 886 978
8 610 645 713 738 753 966 989 992
7 577 594 795 818 824 837 859
3 700 881 935
4 787 806 826 951
5 587 735 832 853 940
7 578 689 709 780 809 872 902
5 626 703 789 900 958
3 825 979 987
3 696 716 913
3 637 709 824
1 603
4 571 720 796 979
9 660 684 746 757 759 780 927 960 979
4 662 803 815 993
5 601 646 685 889 942
6 639 737 857 863 942 989
2 675 792
2 607 886
2 799 903
3 754 968 985
3 608 726 746
5 636 735 830 845 967
3 625 672 917
4 635 743 830 914
4 732 805 946 961
3 617 801 923
5 698 876 916 935 937
3 682 695 708
2 785 806
2 656 859
4 657 662 703 753
2 626 989
3 634 672 869
2 597 771
4 737 859 878 896
2 703 976
3 776 777 896
2 649 783
5 659 797 800 875 977
3 892 951 952
1 756
2 698 955
1 949
6 615 888 889 893 952 972
2 679 861
2 846 939
1 801
7 624 726 737 889 893 972 995
3 624 756 823
3 801 857 902
4 683 701 717 871
5 655 709 842 860 995
2 766 918
5 646 701 745 845 900
6 656 741 838 875 895 935
2 832 985
3 678 736 844
5 695 812 814 965 982
3 836 896 918
1 623
2 664 739
5 633 696 876 902 995
2 682 877
2 695 817
6 643 686 695 763 851 906
2 698 740
1 753
6 705 730 801 846 939 955
0
3 637 658 665
3 706 859 980
3 651 856 880
6 679 752 813 828 954 996
3 768 893 995
4 663 721 840 929
4 688 722 828 914
2 824 937
0
6 735 775 838 839 913 953
3 697 798 819
3 837 924 949
4 755 885 985 992
3 749 890 931
4 739 797 903 967
2 724 840
2 796 865
4 726 867 897 976
2 710 842
3 667 686 916
6 693 736 917 933 952 980
5 758 838 841 947 977
3 684 920 945
4 742 839 967 988
4 672 804 843 992
2 739 981
3 710 860 916
2 750 897
2 674 743
5 721 758 838 951 970
2 779 817
3 762 818 872
3 674 896 998
5 696 719 756 821 880
4 683 787 934 978
3 808 826 863
0
1 853
2 757 999
1 920
4 725 802 855 941
5 747 816 874 937 980
1 793
5 720 758 771 800 870
3 770 945 975
2 980 986
4 679 689 921 924
1 780
4 751 866 894 906
7 745 779 791 863 870 926 974
2 692 807
2 973 982
2 684 797
4 778 839 847 950
4 783 812 831 846
5 697 707 765 795 991
1 695
2 782 942
2 760 782
3 748 781 947
5 741 861 914 922 962
3 805 823 957
3 729 749 926
4 791 795 881 974
2 844 860
2 794 819
4 749 855 968 994
1 972
1 963
2 798 983
0
1 830
4 803 844 863 874
1 776
0
6 711 741 791 849 886 993
3 709 766 827
4 751 889 911 943
1 817
4 791 884 900 980
1 861
2 715 826
1 970
2 761 942
1 957
1 756
4 807 837 947 967
2 733 835
1 992
2 730 954
3 900 975 979
4 766 778 903 911
0
3 831 926 992
2 887 999
2 769 985
1 961
2 844 846
2 921 983
3 757 799 943
2 743 756
4 763 821 824 970
3 834 881 904
1 972
4 781 852 864 922
3 847 868 934
3 901 902 911
5 796 869 897 901 992
0
3 793 801 860
2 791 919
2 810 815
6 743 773 842 902 942 985
3 762 849 996
3 762 841 973
1 939
0
2 801 872
3 808 813 849
4 804 809 830 934
1 848
2 815 864
2 805 930
2 806 859
2 851 987
2 868 975
3 877 931 952
5 770 802 850 875 915
0
2 849 901
1 761
2 925 930
5 794 817 854 883 939
1 890
1 951
1 917
1 898
3 781 834 973
5 767 808 863 985 989
2 901 955
1 937
2 833 836
2 771 866
0
2 814 956
3 788 965 985
2 800 809
0
2 787 938
0
0
1 880
3 790 877 964
1 844
2 828 841
1 886
1 973
1 934
3 835 844 888
3 883 898 987
3 854 915 961
2 913 940
2 804 822
0
2 948 991
2 831 890
2 802 842
1 805
1 980
2 884 985
0
0
1 962
2 815 989
2 834 968
1 882
1 855
2 834 965
3 826 961 998
2 836 849
2 827 954
0
0
2 821 966
0
2 840 936
3 845 874 896
1 929
2 843 879
1 834
1 958
1 835
1 892
0
0
0
0
1 935
2 897 938
2 950 974
1 919
1 927
0
1 943
0
2 946 948
2 900 951
1 978
1 891
1 944
0
0
0
3 857 925 976
0
2 927 929
2 886 986
2 864 909
1 920
1 899
3 895 928 929
2 856 948
2 854 944
0
0
1 880
1 863
0
2 864 987
1 897
1 891
2 885 905
0
1 959
0
1 908
1 871
2 950 976
1 874
0
3 931 970 974
0
1 993
1 933
1 933
0
2 887 901
0
0
0
0
0
2 932 995
2 906 964
2 967 975
2 982 988
2 916 978
0
1 905
0
3 926 930 969
2 925 983
1 942
1 969
2 926 988
2 928 990
0
2 934 961
0
1 945
2 913 999
0
2 960 974
1 997
1 979
2 927 977
2 939 948
1 909
0
0
0
1 963
1 927
1 934
0
0
1 954
0
0
1 980
0
0
0
0
0
0
0
2 934 941
0
1 992
3 939 967 977
0
1 988
0
0
1 997
1 959
1 989
0
0
1 942
1 970
1 994
2 951 984
0
0
0
2 959 966
0
0
0
0
1 957
0
0
0
0
0
0
0
0
0
0
0
0
1 995
0
1 995
0
1 969
0
1 996
0
0
0
0
0
0
0
0
0
0
0
1 994
0
0
1 986
0
0
0
0
0
0
0
0
0
0
0
0
0
0
0
