1000
2 134 943
2 642 968
2 533 650
2 171 692
2 730 812
2 56 608
2 310 784
2 43 377
2 440 520
2 895 999
2 604 883
2 64 712
2 702 828
2 346 565
3 300 697 828
3 345 456 569
2 674 862
2 591 965
2 371 602
2 186 645
2 464 640
2 574 749
2 68 221
2 323 769
2 622 854
2 284 666
2 668 813
2 368 575
2 298 925
2 240 257
2 717 888
1 876
2 287 564
2 294 662
3 44 569 657
1 956
2 105 280
2 82 773
1 961
2 728 801
2 252 684
2 159 916
2 231 371
1 107
3 46 133 272
2 488 823
1 133
2 66 555
2 343 540
2 288 418
2 302 585
2 409 438
3 422 491 923
2 631 794
2 395 839
2 750 853
1 872
2 646 922
2 653 819
2 195 275
2 151 896
2 365 874
2 125 231
3 202 519 888
2 521 772
2 656 698
1 517
2 220 839
1 763
2 274 716
3 385 775 962
2 538 739
2 309 445
2 163 909
2 661 964
2 803 928
2 374 777
2 791 885
2 492 495
2 466 955
2 261 499
2 229 552
1 554
2 562 775
2 128 687
2 648 697
2 890 942
2 637 684
2 164 953
2 195 950
2 130 320
2 665 905
2 609 666
2 393 751
2 241 559
2 329 511
2 237 922
2 298 818
2 110 211
2 479 551
2 148 894
2 423 948
2 316 417
2 428 701
2 605 648
1 918
1 648
1 759
2 302 793
2 427 565
1 796
2 236 951
2 113 301
1 625
2 273 849
2 453 651
2 130 763
2 519 961
2 695 982
2 248 704
2 354 733
3 256 630 678
2 422 500
3 301 348 844
2 267 879
1 798
2 356 972
2 542 780
1 388
2 353 983
0
1 844
2 134 173
0
1 294
2 727 954
2 663 678
2 199 491
2 185 430
3 405 856 918
2 201 613
2 627 659
2 174 725
2 473 562
2 338 396
2 618 752
2 432 467
3 783 854 963
1 270
2 197 979
2 664 792
1 627
3 367 432 977
2 545 997
2 244 937
4 189 306 709 751
2 222 268
2 249 658
3 322 497 963
1 736
2 270 324
2 794 975
2 480 870
1 644
1 181
2 387 473
2 696 902
3 587 633 788
2 403 649
3 173 327 853
2 324 386
1 194
2 611 729
2 849 878
1 892
2 829 891
2 293 618
2 757 808
2 367 542
2 239 924
2 468 514
1 850
2 413 826
2 425 696
2 217 578
1 458
1 721
2 737 742
2 361 369
3 217 651 760
2 421 988
2 320 640
2 436 496
2 296 663
1 940
0
2 624 844
1 216
2 240 901
1 708
2 616 928
1 931
2 339 636
2 560 595
2 357 590
3 304 539 714
2 272 429
2 510 989
2 245 317
2 622 780
2 289 847
1 647
2 392 691
2 893 906
2 761 993
2 726 832
1 782
0
2 778 926
2 377 685
1 882
1 723
1 743
2 226 447
2 253 569
2 286 672
1 947
2 716 893
2 390 465
1 238
2 970 976
0
3 275 589 738
2 423 588
2 882 990
2 442 966
1 549
1 807
1 556
1 962
0
1 329
2 374 966
2 810 941
2 253 798
1 734
2 521 662
2 309 513
1 373
1 755
2 612 754
2 706 841
2 522 906
0
2 651 873
2 865 936
1 349
1 756
2 319 603
2 398 530
2 713 867
1 765
2 654 901
2 919 965
2 481 833
2 624 732
2 426 719
1 448
1 974
2 344 404
0
2 488 880
1 401
1 707
1 909
2 304 831
2 665 886
2 359 520
2 597 915
2 282 926
1 503
3 283 656 873
1 424
1 706
1 540
2 334 554
1 477
1 357
1 775
1 929
2 375 847
2 506 689
2 425 443
1 431
1 726
2 313 347
1 426
2 409 681
0
2 511 612
1 462
0
1 882
2 823 830
2 534 921
2 471 585
1 383
2 600 732
1 539
0
1 973
2 631 871
2 731 756
1 661
2 558 990
2 707 887
1 341
1 825
2 332 703
1 742
0
2 781 814
1 381
2 457 945
0
2 445 691
3 552 588 728
1 336
2 738 897
0
2 372 868
2 671 772
1 827
3 645 852 994
1 442
2 858 938
1 748
2 505 773
1 739
1 845
2 342 414
1 609
1 549
1 813
1 984
1 482
1 675
2 621 969
1 567
1 450
2 593 873
2 366 433
2 412 874
1 771
1 795
2 489 748
1 629
0
2 610 824
1 501
2 384 915
1 825
2 767 991
3 579 592 818
2 629 923
1 946
1 396
1 372
1 967
1 584
2 835 884
0
0
1 555
0
1 421
2 522 877
0
3 486 768 818
2 420 463
2 404 568
1 676
2 567 884
1 551
1 581
1 523
1 865
1 435
1 414
2 401 460
1 671
2 502 790
2 406 875
1 856
2 513 740
1 688
1 951
2 586 834
1 699
2 573 933
2 699 883
0
2 610 712
1 925
0
2 570 945
1 572
2 711 956
2 860 977
0
2 453 633
2 820 875
1 617
1 580
0
2 544 808
2 417 586
0
1 989
3 740 855 886
1 501
0
1 500
0
1 802
0
0
1 489
1 827
1 673
1 741
1 753
0
1 715
2 914 952
1 510
1 815
3 566 805 877
1 817
2 526 802
1 524
2 487 753
0
1 541
2 829 960
0
1 589
1 563
1 797
3 481 724 833
1 630
2 904 907
4 466 534 921 949
0
2 541 573
2 547 730
1 877
1 550
1 938
3 536 581 896
1 508
2 655 765
2 475 605
1 733
1 905
1 620
1 842
1 800
1 679
2 806 908
2 769 894
1 910
2 505 695
1 617
2 620 934
2 803 822
2 670 767
1 690
2 685 772
1 785
1 694
0
1 820
2 589 897
3 646 830 981
2 514 822
1 998
1 722
0
0
2 821 986
0
1 939
2 674 783
2 653 971
1 755
1 948
2 579 855
2 688 940
1 722
0
0
1 859
1 785
2 507 920
0
1 633
1 528
1 766
2 658 887
0
0
2 781 959
0
0
3 621 878 935
2 623 766
1 602
2 679 871
1 591
0
0
1 986
1 762
1 746
2 616 758
1 607
2 611 750
1 898
2 851 929
1 672
2 723 724
2 795 973
1 885
0
2 607 799
0
2 548 606
1 932
1 912
1 712
0
0
2 824 832
1 841
1 789
2 594 992
1 860
1 892
0
1 927
0
0
2 776 886
0
0
1 930
2 643 809
1 692
1 632
1 664
2 771 908
0
1 625
1 746
0
1 652
0
1 729
0
1 979
2 599 958
1 954
0
1 694
1 861
2 941 970
2 804 859
1 993
1 787
1 984
0
2 669 900
2 843 982
1 764
1 654
0
1 779
1 635
0
1 784
0
1 757
1 689
1 608
1 997
2 700 792
1 659
2 731 950
1 937
1 736
2 774 807
1 852
1 634
1 703
0
1 831
1 876
0
0
0
0
1 716
1 931
2 745 995
2 700 789
0
1 715
0
2 735 881
0
1 998
0
1 673
0
0
2 848 927
0
2 964 969
1 775
0
0
1 960
0
1 972
1 866
1 814
1 809
2 669 995
2 714 912
0
2 961 985
1 900
1 644
0
0
0
2 768 796
0
1 819
1 903
0
1 942
0
1 725
1 957
0
1 958
2 840 896
0
2 762 988
0
0
0
0
0
0
2 844 996
1 903
0
1 845
0
0
0
0
1 826
1 913
2 810 914
1 837
0
3 744 879 956
1 980
2 717 788
2 811 981
0
0
2 778 816
1 951
0
0
1 857
0
0
2 806 911
1 913
0
0
1 700
1 971
0
1 935
1 702
0
0
1 798
2 786 957
0
0
1 842
2 720 838
2 843 863
1 744
0
1 812
0
0
0
0
2 782 858
1 836
2 807 980
1 994
0
0
1 776
0
0
1 787
0
0
0
0
0
0
1 749
1 934
0
1 955
0
0
0
1 920
0
1 939
0
1 968
1 749
2 838 872
0
0
0
0
1 786
0
1 850
0
0
0
1 975
1 881
1 944
1 944
0
0
1 902
0
0
0
1 935
0
2 867 952
0
0
0
1 811
0
0
1 890
0
2 987 995
0
0
0
0
0
0
1 996
0
0
1 921
1 891
1 834
0
1 797
0
0
0
0
0
1 889
1 976
1 930
0
0
1 846
1 863
0
0
0
0
0
0
0
0
0
1 949
1 889
2 889 992
0
0
0
1 875
0
0
0
0
0
0
1 857
0
1 880
0
0
0
0
1 999
1 917
1 879
0
0
0
0
0
0
0
0
1 899
0
1 911
1 974
0
1 978
0
0
0
0
0
0
0
0
0
1 898
1 868
0
2 913 963
0
1 949
0
0
2 888 987
1 933
0
0
0
0
0
0
0
1 943
0
0
0
0
0
0
0
0
0
0
0
0
0
0
0
0
1 947
0
0
0
1 953
0
0
0
0
1 924
0
0
1 978
0
0
1 917
0
0
0
0
0
1 996
0
0
1 985
0
0
0
0
0
0
0
0
0
0
0
1 963
1 946
0
0
0
1 983
0
0
0
0
0
0
0
0
1 967
0
0
0
0
0
0
0
0
0
0
0
0
0
1 991
0
0
0
0
0
0
0
0
0
0
0
0
1 999
0
0
0
0
0
0
0
0
0
0
0
0
0
0
0
0
0
0
0
0
0
0
0
0
0
0
0
