555738376596
555737801954
555737726097
555737642395
555737597586
555738232466
555739520581
555741288633
555743567356
555745912990
555748229363
555750649857
555753191742
555755698527
555758039694
555760577502
555763118327
555765770116
555768449761
555771058966
555773684889
555776315776
555779006511
555781746572
555784647869
555788050242
555792028485
555796118583
555800154258
555804049015
555807847508
555811765496
555815496581
555819250470
555822805029
555826230765
555829757144
555833117039
555836294702
555839232521
555842065758
555844902624
555847647795
555850806329
555854144586
555857526751
555860497898
555863672741
555866625204
555869273113
555871801582
555874057994
555875843097
555877721989
555879707716
555881432538
555883220767
555884900188
555886592493
555887848602
555889168573
555890775497
555892544238
555894213002
555895627673
555896673405
555897688928
555898622067
555899571344
555900536594
555901361099
555902306474
555903403793
555904601476
555905968083
555907603591
555909710010
555911817456
555913717757
555915149775
555916568354
555917606354
555918580765
555919414939
555920123440
555921152343
555922939664
555924471549
555926040690
555927302429
555928557730
555929883658
555930983103
555931881829
555932387296
555932883955
555933272148
555933738863
555933827554
555934181516
555934740975
555935243286
555935693269
555936348676
555937151645
555938528638
555940429551
555942594011
555944872796
555946743357
555947932128
555949084830
555950242013
555951335866
555952348029
555953580887
555954846776
555956521170
555958780597
555960774688
555962751745
555964830620
555966946465
555968957818
555970984943
555972895494
555974412499
555975289275
555975788972
555976595836
555977541679
555978657895
555980031318
555981853510
555984038065
555985956272
555987885425
555989732708
555991448971
555993383057
555995511576
555997654398
555999568117
556001457932
556003186857
556004833133
556006106826
556007319889
556007844926
556008465343
556008875692
556009445175
556009461090
556009341818
556009399277
556009088692
556008835109
556007594330
556006294233
556004478722
556002163955
555999893767
555997561102
555995238200
555993081831
555990817315
555988576020
555985796472
555983076997
555980248024
555977283133
555974433018
555971165141
555967968269
555964953650
555961395223
555957713740
555954209822
555950759397
555947628978
555944559143
555941554991
555938777426
555935763708
555932420635
555929680606
555927549445
555925577608
555924004467
555922231101
555920512612
555919247281
555918276330
555918017704
555918238013
555918875157
555919955190
555921211653
555922147090
555922882444
555923446999
555924042864
555924624931
555925363784
555926079367
555927069107
555928245146
555929462722
555930632333
555931282680
555932109741
555932870235
555933573448
555934194770
555934519799
555935007203
555935881208
555936607729
555936814794
555937068708
555937178539
555937301187
555937531520
555937748925
555937789772
555937649583
555937392580
555936317338
555935216517
555934195789
555933095336
555932161919
555931270346
555930382810
555929500695
555928716039
555927896088
555927565321
555927511418
555927484092
555927200481
555927618705
555928810618
555930043584
555930856427
555931948705
555933230030
555934522769
555935854802
555937571124
555938898053
555940270038
555941556861
555942745630
555943784735
555945014935
555945786224
555946862607
555948001532
555949296881
555950312180
555951336726
555952242387
555952805981
555953390656
555953893804
555954434303
555955347125
555956643806
555957862322
555958992223
555959730184
555960987261
555962024289
555962966416
555963901298
555964492063
555964844385
555965086550
555964649924
555964375563
555964160174
555962861713
555961616597
555959754966
555957612828
555955743491
555954586786
555954172761
555953642832
555953026985
555952130321
555951012326
555949797120
555948654069
555947423203
555945874954
555944484177
555943264890
555942194969
555940248926
555938452724
555936632333
555934813896
555933043179
555931274928
555929415295
555927212992
555925133015
555922602688
555919779547
555917192815
555914824232
555912536844
555910320031
555908756285
555907529222
555906293961
555904840440
555903810127
555903200536
555902539129
555901519386
555901054547
555901053140
555900882808
555900578445
555900159747
555899576734
555899072284
555898623493
555896675589
555894132260
555891106437
555887436358
555883613078
555879586689
555875363409
555871139230
555867091921
555863065680
555859023672
555854878977
555850535806
555845434995
555840290926
555835136063
555829965134
555824660395
555819339453
555813673540
555808373445
555802755318
555797248297
555791955246
555786544559
555780963866
555775374186
555769601207
555763921770
555757992977
555752000915
555746003906
555740314523
555734949672
555729923303
555725446286
555720652892
555715420311
555709749774
555703931755
555698047460
555691689835
555685515708
555679234489
555673820403
555669187924
555665367098
555662188945
555659178478
555656275589
555653193923
555649711042
555646180322
555642313103
555638220555
555633850068
555629612778
555625515199
555621250219
555616960410
555612521008
555608221857
555603988516
555599363211
555594821019
555590248026
555585397122
555580343839
555575562400
555570774937
555565948972
555560891195
555555914423
555550994580
555546203968
555541254633
555536040178
555530879951
555525695208
555520543163
555515724611
555510836732
555505757048
555500561919
555495407103
555489889588
555484473160
555479275807
555473793409
555468298984
555462836721
555457340818
555452414111
555447450030
555442419399
555437332376
555432329650
555427418815
555422346339
555417349212
555412197557
555407002154
555402115328
555397500347
555392638531
555387451452
555382611506
555377924359
555373014904
555368128285
555363062554
555357969681
555352609697
555347253390
555341936063
555336688376
555331257662
555325802475
555320386279
555315011016
555309780384
555304721751
555299478385
555294126436
555289346480
555285165613
555281009383
555276875700
555273031983
555269343368
555265780970
555262230613
555258811465
555255439146
555252071284
555248393967
555245019858
555241900397
555238675803
555235434586
555232414777
555229586792
555226601312
555223714921
555220782888
555217684825
555214582974
555211001261
555207673270
555204363977
555201084593
555197721658
555194359906
555190992543
555187827344
555184905709
555182368229
555180434950
555178998095
555177722788
555176695070
555176005683
555175001651
555174179480
555173037925
555171932906
555170759798
555169383829
555168216632
555167326205
555166653160
555166179621
555165583566
555164803999
555164272985
555164166210
555164016080
555163398781
555162807875
555162546932
555161743083
555161061690
555160248514
555159566003
555158722374
555157799311
555156747881
555155576826
555154228677
555152778916
555151224320
555149898505
555148551230
555147074729
555145786924
555144407917
555142626181
555140815990
555139808800
555139700175
555139432111
555139269782
555138998463
555138766882
555138304112
555137831959
555137487528
555136922267
555135981519
555135233780
555134766429
555134434748
555134268701
555134221794
555134072370
555133935121
555134262702
555133544807
555128357700
555123113729
555117341985
555111745648
555106115390
555100434347
555095193237
555090341842
555084402435
555079814754
555073556290
555063650209
555051526910
555038394497
555024196827
555009444824
554994994587
554980502178
554966086312
554950632897
554935190254
554917711613
554898846078
554879220109
554859174998
554839036981
554819125738
554797714037
554775901631
554752899226
554729497389
554703901830
554678274138
554652640825
554626947343
554600602302
554572757161
554544493138
554514592144
554484699115
554455340295
554425277290
554394911929
554362243638
554327600038
554292629913
554257489550
554220769529
554184446612
554148192251
554111602166
554074784267
554035575550
553994149301
553951512073
553906592444
553861476807
553816017958
553769430858
553722814937
553676111596
553628978323
553581658132
553531882507
553482256775
553432896830
553380009332
553326401937
553269355255
553206409620
553141513654
553076410807
553011022402
552945723721
552880053851
552814191130
552746671401
552676952754
552606716019
552536316004
552465234028
552393014347
552320453964
552247740967
552175192370
552102617687
552030423631
551958187906
551885540480
551806139543
551725920677
551645780850
551564158811
551482504978
551399006124
551315135809
551231497192
551144286459
551055731718
550965365475
550875106660
550784719523
550693421903
550596136914
550498578581
550401200872
550303715382
550206104299
550109406025
550012665460
549915349224
549818050023
549719817805
549621452482
549522155846
549420150487
549318060727
549215955442
549112911826
549010406521
548907536597
548804278496
548699288044
548593929583
548487824726
548381682555
548275445447
548165656140
548055033842
547944014193
547832401818
547720194419
547607201765
547493889080
547380055192
547265225959
547149705843
547031904934
546912473171
546793409570
546674462290
546554350411
546432916468
546311571175
546190668273
546070019116
545946909275
545823477670
545701548579
545581240826
545461655258
545341117969
545220173614
545097943381
544976639229
544855703062
544734371789
544612076384
544490046664
544366017511
544240565004
544112438017
543984625823
543857195510
543730018074
543602033035
543472579381
543342666868
543212024747
543082008700
542949591258
542817176867
542684923173
542553186324
542420877100
542285969035
542150031661
542012502028
541873057623
541732299302
541591859811
541448276566
541303101531
541157952686
541010038605
540860785454
540711309187
540561829092
540410313429
540257657850
540105179416
539952274237
539799369433
539645644900
539490900066
539335692727
539179671968
539023931593
538867531087
538711075120
538554694820
538397297493
538238187242
538078195241
537918021297
537757180676
537594746219
537432065720
537268815720
537105372603
536940500813
536773482062
536606026509
536438579644
536270772732
536102461153
535929125682
535755971631
535580904861
535404523196
535224291173
535043253532
534862008208
534678895983
534493724954
534307383051
534120146859
533932592962
533745482015
533558473700
533369739385
533180983410
532991582882
532801671669
532611602968
532419794553
532226622806
532033289265
531839813290
531646236177
531450306892
531254480101
531057258992
530857545539
530657591814
530456426383
530255026999
530053546516
529850845037
529646945834
529443279725
529238837980
529035079379
528829622680
528624072900
528418293899
528209407044
527999819311
527790365540
527578466211
527366075135
527154163512
526941681870
526725521805
526509196821
526292267090
526074094931
525853284820
525632301416
525411292189
525185880819
524960657572
524734527677
524507640596
524280754832
524054066323
523824817128
523592179125
523358529064
523124373699
522887805301
522650616702
522414083645
522178918010
521943796608
521708545485
521471629103
521235267324
520998721527
520762625660
520523992416
520284685529
520044053082
519802819247
519560549309
519317765854
519075011399
518827114286
518578275786
518327341705
518075836051
517823589900
517572173389
517320316636
517065712409
516810092710
516554944292
516300254797
516044330712
515783630795
515522283743
515254404522
514985451305
514716855660
514448322761
514179292698
513910564069
513640975080
513371609757
513102211964
512831986236
512561357929
512289702426
512018035317
511744670538
511464483801
511183750845
510902715440
510621556389
510339882844
510058915831
509777903304
509496842250
509215227235
508934426973
508652130074
508369162003
508086195812
507803716718
507521520885
507238652139
506954567254
506668588949
506382114148
506094012912
505804465923
505514904096
505223406123
504931364533
504637894188
504339436250
504039948609
503739696254
503437303363
503134458028
502832088619
502529069669
502226026142
501922870856
501619174899
501315916674
501010769843
500704186843
500397186350
500087403566
499777647429
499466982670
499156090741
498845357632
498534578701
498223628059
497911988812
497600857363
497289896762
496979476674
496668220101
496356973758
496043896525
495729377912
495413115195
495097105250
494780294177
494461404657
494142399966
493823373766
493504132419
493183673431
492860351748
492536933674
492211184845
491886810930
491563171405
491239618878
490914543979
490590519868
490267409485
489944302611
489620514576
489292286691
488961371206
488627839867
488293642330
487959516657
487625315896
487290817817
486956360544
486622565222
486289302199
485955845890
485621353659
485285964479
484950225886
484614814488
484279813749
483944388168
483607435131
483269739810
482930557741
482590242432
482250038829
481908647283
481562670214
481216675738
480870537821
480523934015
480176698894
479826655883
479477159214
479127334540
478777617597
478428613206
478080473693
477730499538
477378210273
477023600576
476668655981
476314470232
475961139327
475600576001
475239137488
474877603373
474516253012
474154960261
473793607732
473432262642
473070740509
472706880503
472341495726
471975756686
471608525559
471241019788
470873856921
470505319539
470136886474
469767376028
469397143369
469027024102
468656941751
468286502074
467915683057
467544596145
467173140234
466801341321
466429166234
466055966654
465682734187
465310277600
464938419423
464566683605
464194814084
463822833356
463450904833
463078963364
462706065641
462333559709
461961215868
461590791033
461221953422
460853164147
460484483864
460115856488
459747191251
459378361873
459009660554
458641109039
458272590314
457904188786
457535469165
457166450229
456796474924
456426529903
456056616850
455686703041
455316784392
454945365678
454573544363
454202690239
453832559828
453462429343
453092182142
452721791347
452350452504
451979154048
451607565831
451235702770
450864195799
450492594785
450120984450
449749414905
449377679392
449005045722
448632645389
448260422881
447888086294
447516406939
447145401770
446774412632
446403678485
446033663966
445665139309
445296129162
444926664983
444557636033
444188978830
443820742756
443453087657
443085158105
442716854680
442348476355
441980191268
441613174991
441247123600
440882139797
440517709878
440153435839
439789282744
439425808141
439062942302
438699764490
438336367939
437972768925
437608657562
437244024911
436879517432
436513861421
436147216886
435783140793
435420824692
435058047344
434695156481
434332192576
433969450959
433606894367
433244228948
432881353593
432518754202
432156610223
431795369818
431434217604
431072367441
430710649551
430349048436
429987308969
429625841492
429264211227
428902422616
428540406561
428178074276
427815774224
427453265473
427089642379
426726221172
426361191684
425995895783
425630043144
425263892089
424897236560
424530952703
424165038224
423799079097
423432479149
423065547112
422698963468
422332569001
421967776026
421603921599
421241197217
420878314034
420515586109
420153039922
419791103591
419429192432
419067261107
418705343346
418343244649
417980077506
417616800128
417253461101
416890366031
416528015130
416165781944
415803792205
415442166302
415081145521
414720616443
414360278260
413999679770
413638742575
413277897048
412915971729
412554083432
412191232889
411828399925
411464580532
411101116343
410737968142
410374611190
410011237523
409648785711
409287246380
408925787764
408564021641
408202050796
407839809919
407477877728
407116314267
406754519401
406391929976
406029133980
405666778721
405304523560
404942068703
404579862771
404217175074
403853101333
403488975658
403124930500
402760836759
402396347943
402030201006
401662524922
401294522373
400926477268
400558667975
400191722956
399825275255
399459167657
399093150362
398727624671
398362646970
397998283929
397633856066
397270294095
396907543394
396544534570
396181376381
395818316630
395454828051
395091498410
394728206763
394364625568
394000869485
393637995163
393274861330
392911679627
392548199468
392185496842
391823464035
391461284855
391099676958
390737365542
390375019589
390013489982
389651816799
389290280304
388928902059
388568249131
388207933996
387848010350
387487275449
387126980847
386766377750
386405461797
386044114168
385683020109
385321374654
384960604349
384600277356
384239789136
383879187547
383518989012
383158702415
382798471167
382438157912
382077741978
381716363923
381354207189
380991374518
380628309816
380265370605
379902609282
379539888169
379176719639
378813730652
378450235883
378087070800
377723453935
377359873250
376996171761
376632696826
376269440345
375906190972
375542373969
375178721610
374814806942
374451010047
374085444681
373719659292
373353888707
372988388608
372622544797
372256337796
371890138889
371524232472
371158315400
370791424651
370424704557
370057865772
369690780111
369322739006
368951250439
368579763696
368207520107
367834844126
367461430014
367087874565
366714510115
366341545524
365968360183
365594035592
365219756360
364845482453
364472624774
364101233923
363729351048
363357514607
362984581244
362611236917
362237937297
361864359170
361488871835
361113503616
360737196374
360360866919
359984251664
359608322307
359231967890
358855717789
358478556087
358100523768
357723064504
357346130267
356969818687
356593503006
356216536157
355839352276
355462105891
355084990932
354707796538
354329847947
353952911684
353575971049
353198567236
352821345679
352443530038
352065827705
351687698277
351309564944
350931293710
350553459517
350173691456
349794084795
349414163440
349031999683
348649832706
348266130201
347882395690
347498369645
347115049292
346732401389
346349640908
345966592283
345583612274
345200405305
344817058692
344432083109
344046683347
343661110096
343274905811
342888544222
342499624229
342109523582
341718963017
341325818300
340932584958
340538006737
340143634678
339749374623
339354558556
338959597841
338563357199
338167231168
337769939308
337371960335
336971306221
336570572940
336169174063
335767269294
335363395677
334959590808
334555069129
334149982294
333744898243
333339946232
332934914880
332530393861
332125682833
331721055138
331316801270
330912839899
330509051207
330105403258
329701802380
329298461599
328894895529
328491340052
328088801804
327687359019
327285362525
326882979900
326479444239
326075650898
325671571984
325266963327
324861539626
324455625645
324049303478
323643196913
323236508941
322829800840
322422991371
322015743578
321607138538
321199211945
320791427667
320381880880
319971231998
319560788633
319150468823
318739441646
318327448300
317915138965
317502834884
317090466715
316678908355
316268096272
315857833855
315444022818
315029890842
314614117931
314196839933
313779120402
313360841088
312942785597
312524731737
312106198754
311688558687
311269539522
310850469655
310429147088
310007610722
309584582799
309160517081
308736334560
308310288378
307883549035
307456914832
307029167059
306601802063
306174791778
305748248378
305320602823
304893007820
304463770557
304034304871
303603909752
303173171211
302742139662
302309931978
301877185145
301444638642
301012375513
300579397200
300144657971
299708731458
299272463273
298835884325
298400076588
297963650894
297527538977
297090575483
296654057858
296216210021
295777310282
295338058729
294898702298
294459203272
294019612349
293580138653
293139973408
292699617067
292256552052
291813264746
291367738301
290923593367
290481158474
290038604312
289595773065
289152531815
288707389560
288262158760
287816639725
287370727020
286925481639
286480043708
286034005867
285587490324
285141161615
284692558494
284243553835
283793689119
283341898700
282889806362
282437769457
281983129242
281527919011
281072168892
280616210917
280160986360
279706791589
279253101699
278799396064
278345635097
277891589282
277436717107
276981703556
276526645639
276071471994
275616273399
275159692588
274703407715
274247611832
273791565122
273334409347
272873689556
272412848781
271951688143
271489843222
271027912715
270565727524
270103644533
269641551220
269179891607
268718544540
268255626463
267793067662
267330481339
266867863100
266403727108
265939733249
265475609583
265011152200
264545693977
264078882596
263610910700
263140137535
262669326558
262197611775
261725364907
261253711010
260781881723
260308179606
259832657557
259357096952
258880093232
258403043331
257926200498
257449734479
256973105553
256491084336
256007614953
255523950054
255040031050
254555619555
254069716040
253583905823
253097816854
252611299043
252125451069
251639740840
251153883177
250667539484
250181668905
249696249682
249210202033
248723750570
248237255075
247750052388
247259490455
246766941338
246274000194
245779899211
245285528873
244790352492
244295189803
243798378042
243300567610
242801275389
242301471559
241801989300
241301995044
240802211783
240302195455
239801543862
239300891059
238798115966
238295303977
237792549630
237289002537
236785476036
236281273675
235777299424
235272951766
234768592531
234264551411
233760811550
233256665414
232752061341
232246146985
231739911096
231232497168
230723980605
230213504031
229703045872
229192326714
228681424561
228170403482
227657539071
227144825751
226630297160
226114683402
225599112921
225082121247
224564690040
224045646472
223526000303
223006096576
222486891081
221966957704
221445254637
220923530232
220400592779
219877485631
219353775696
218829647677
218305117514
217779356570
217253239363
216726099596
216198324797
215669994724
215141227941
214613880779
214088025104
213562151576
213035882929
212509688572
211982317285
211455010242
210927256187
210400415324
209874503445
209348757298
208822540461
208296611104
207771812029
207246686336
206718020111
206189695413
205661762698
205133137923
204604105338
204075197503
203544906940
203014347975
202483509054
201951237732
201417411745
200883655767
200349889618
199816193006
199281422713
198745995984
198210676655
197676215284
197141636251
196605675890
196070729085
195535866069
195001158238
194464799016
193928391811
193391105986
192853759261
192316548844
191779178157
191241191838
190703985075
190166765316
189627045267
189087158256
188546772789
188005750115
187464669626
186924417264
186384820725
185845149339
185304861306
184763521616
184221964385
183679658737
183136566584
182592510418
182048427071
181502040682
180955671759
180409176773
179862658354
179315974678
178768926757
178222020529
177675206172
177127127754
176579372631
176031332525
175483257968
174935694139
174388237556
173839880550
173291041483
172742167725
172192747792
171643136388
171093429877
170542282189
169991416316
169441195460
168891475997
168343111740
167795789611
167247621488
166698645011
166149499132
165599980037
165050785825
164501876586
163953294946
163405611737
162857232526
162307272619
161757166443
161206742490
160656184073
160105683196
159554852525
159004313780
158453998274
157904114737
157351057587
156797763036
156244242585
155690344318
155135180542
154578489565
154021644710
153463717573
152905781135
152347750516
151789109831
151230373132
150668851231
150105923458
149542465870
148979117471
148415812205
147851975744
147287321325
146722944778
146157882510
145592771203
145027236510
144461322111
143894671640
143327366785
142759876312
142192058195
141623390557
141054433340
140485650855
139917850636
139349157185
138779570076
138209304620
137638960759
137068838798
136500164427
135931523047
135363466640
134794643367
134225504928
133655016535
133084473950
132513033186
131940945775
131368823527
130796276426
130223895812
129651783805
129079999763
128508386868
127936207783
127364221048
126792353405
126220762132
125649565068
125079042197
124507977648
123937040891
123365680055
122794853272
122223852832
121653005991
121082275055
120511304904
119940295420
119369209673
118797861703
118226089494
117654416621
117081743070
116508929523
115935944832
115362771295
114789461266
114216377579
113643476632
113070725215
112494750506
111918453624
111341893127
110765333247
110186756252
109608303988
109028291627
108448720542
107868605039
107288762712
106709043701
106129716686
105551040093
104971940378
104390871281
103809166913
103225847322
102640372813
102054514800
101468693808
100882964799
100297490300
99711404683
99125389823
98539518408
97953959337
97367070410
96780244240
96192882491
95605512342
95017647377
94429537534
93841497051
93252837272
92664433189
92074935911
91485057322
90894485802
90303201157
89711970200
89120335699
88528402483
87935687176
87339900042
86743794177
86148421529
85553201040
84955764362
84358165281
83759091258
83159951295
82560411596
81960653611
81361154764
80762349997
80163301983
79563488020
78963765331
78363777586
77764270331
77165038960
76565961782
75966485891
75366724932
74766875875
74166591231
73565879396
72965240104
72362525257
71758705822
71153913825
70546567312
69937539597
69328637519
68719884306
68111567893
67503532244
66895070696
66286247233
65675853995
65064868106
64453386389
63841912890
63229332277
62615531674
62001749938
61387663845
60773703539
60158833798
59543973759
58928918430
58313274979
57697105242
57081596100
56466099089
55849474555
55232167616
54614638153
53996167342
53377731753
52759393096
52141217126
51522796137
50902512546
50281730851
49660316814
49038872833
48417552623
47796144632
47173715414
46551045031
45927307022
45303855857
44679195108
44054629555
43428368545
42802314358
42176158561
41548668842
40919624098
40290469875
39661039556
39030634353
38399829399
37769299528
37138502691
36507417440
35876286743
35243818080
34611260708
33977841393
33344237727
32711138698
32076417638
31441729671
30806663902
30171379371
29536696100
28902519609
28266913939
27630465926
26993816973
26357686740
25721064096
25084580995
24447760868
23810645649
23173359376
22534781011
21895976782
21256701563
20617728627
19979039172
19340490148
18700849029
18061322167
17421876974
16781873288
16140849697
15499260442
14856878109
14213232025
13569940480
12924619495
12279013136
11633542008
10988174923
10342831661
9696944600
9051265873
8405960612
7760755008
7115309355
6469834158
5824652523
5179209487
4533598866
3886893920
3239802251
2591619430
1943739563
1296334098
648846937
