100 100 100 100 100 100
50
20 2 4 2 0 0 0
20 3 1 1 1 0 0
89 3 3 2 2 0 1
54 2 1 0 0 0 1
41 2 2 1 3 0 0
57 0 1 1 0 0 1
57 2 5 3 1 1 0
29 2 1 1 0 1 0
13 3 0 0 1 0 0
36 2 2 0 1 1 0
69 3 3 2 1 2 0
40 1 2 1 3 0 0
2 2 0 0 0 0 0
61 1 0 2 0 0 1
47 2 0 1 0 2 0
88 4 2 2 3 2 0
30 8 1 2 1 0 0
13 1 1 0 1 0 0
56 2 2 2 2 1 0
55 5 0 0 0 0 1
35 3 1 4 1 0 0
92 3 7 1 3 2 0
65 3 1 2 0 0 1
26 4 1 2 1 0 0
3 1 1 0 0 0 0
30 3 1 3 1 0 0
25 6 2 3 0 0 0
48 2 3 2 1 1 0
5 1 2 0 0 0 0
27 3 2 2 1 0 0
35 0 0 1 1 1 0
23 10 4 1 0 0 0
15 3 1 0 1 0 0
23 1 1 0 2 0 0
73 5 4 0 1 0 1
44 2 1 2 3 0 0
27 2 0 1 0 1 0
11 4 1 1 0 0 0
63 3 0 0 2 2 0
20 0 0 0 0 1 0
22 4 4 2 0 0 0
89 2 1 1 1 1 1
31 2 2 3 1 0 0
36 2 2 0 1 1 0
29 4 0 1 2 0 0
69 9 5 2 0 2 0
31 3 4 0 0 1 0
10 0 0 2 0 0 0
29 2 1 1 0 1 0
69 7 6 4 3 0 0
