100 100 100 100 100 100
50
64 5 0 2 0 1 1
35 1 3 0 3 0 0
43 1 2 1 2 1 0
95 2 3 0 1 2 1
91 6 6 1 3 2 0
40 1 0 1 1 2 0
23 2 4 1 1 0 0
1 1 0 0 0 0 0
23 6 5 1 1 0 0
24 4 2 1 2 0 0
72 1 4 4 0 2 1
49 3 1 4 1 1 0
66 1 6 2 1 0 1
5 2 2 0 0 0 0
26 2 3 3 1 0 0
86 3 3 5 2 0 1
44 1 3 1 2 1 0
60 0 1 0 2 1 1
31 1 2 2 1 1 0
75 3 1 5 0 2 1
11 0 4 1 0 0 0
53 1 5 2 3 1 0
75 4 5 3 1 0 1
84 3 2 2 2 1 1
13 3 1 0 1 0 0
22 2 1 2 1 0 0
16 3 3 2 0 0 0
44 2 4 4 0 1 0
74 3 3 4 4 1 0
87 1 3 0 2 2 1
40 0 1 1 2 1 0
27 4 2 0 2 0 0
94 9 6 5 1 2 0
33 3 0 3 2 0 0
2 2 0 0 0 0 0
56 7 6 2 1 1 0
69 4 4 4 3 1 0
9 2 2 1 0 0 0
7 3 1 1 0 0 0
69 2 3 1 3 2 0
46 2 4 2 3 0 0
97 7 2 0 1 2 1
75 4 9 1 4 1 0
42 3 4 3 2 0 0
94 4 3 1 3 3 0
12 2 0 1 1 0 0
11 2 3 1 0 0 0
82 2 4 2 3 1 1
45 5 4 3 1 1 0
46 2 2 3 2 1 0
