100 100 100 100 100 100
50
12 0 0 0 0 0 1
12 0 0 0 0 0 1
12 0 0 0 0 0 1
12 0 0 0 0 0 1
12 0 0 0 0 0 1
12 0 0 0 0 0 1
12 0 0 0 0 0 1
12 0 0 0 0 0 1
12 0 0 0 0 0 1
12 0 0 0 0 0 1
12 0 0 0 0 0 1
12 0 0 0 0 0 1
12 0 0 0 0 0 1
12 0 0 0 0 0 1
12 0 0 0 0 0 1
12 0 0 0 0 0 1
12 0 0 0 0 0 1
12 0 0 0 0 0 1
12 0 0 0 0 0 1
12 0 0 0 0 0 1
12 0 0 0 0 0 1
12 0 0 0 0 0 1
12 0 0 0 0 0 1
12 0 0 0 0 0 1
12 0 0 0 0 0 1
12 0 0 0 0 0 1
12 0 0 0 0 0 1
12 0 0 0 0 0 1
12 0 0 0 0 0 1
12 0 0 0 0 0 1
12 0 0 0 0 0 1
12 0 0 0 0 0 1
12 0 0 0 0 0 1
12 0 0 0 0 0 1
12 0 0 0 0 0 1
12 0 0 0 0 0 1
12 0 0 0 0 0 1
12 0 0 0 0 0 1
12 0 0 0 0 0 1
12 0 0 0 0 0 1
12 0 0 0 0 0 1
12 0 0 0 0 0 1
12 0 0 0 0 0 1
12 0 0 0 0 0 1
12 0 0 0 0 0 1
12 0 0 0 0 0 1
12 0 0 0 0 0 1
12 0 0 0 0 0 1
12 0 0 0 0 0 1
12 0 0 0 0 0 1
