100 100 100 100 100 100
50
62 1 1 1 3 2 0
82 1 2 3 3 1 1
41 2 1 1 0 0 1
30 3 3 0 3 0 0
34 2 0 2 0 0 1
87 2 2 0 2 0 2
54 2 0 1 0 1 1
77 9 4 2 1 0 1
59 1 1 2 0 0 1
79 7 2 2 1 1 1
19 3 2 0 0 0 1
10 2 0 0 0 1 0
92 4 2 3 2 2 1
74 3 1 0 0 1 1
54 3 3 2 0 0 1
77 7 1 3 3 1 1
53 2 0 1 1 1 1
27 3 2 1 0 1 0
98 1 3 3 0 2 1
98 0 3 1 1 1 2
93 4 3 0 2 2 1
90 2 3 3 1 1 1
89 5 6 3 3 1 1
83 6 0 5 3 0 1
41 0 2 1 1 1 1
77 5 7 1 2 1 1
23 5 1 1 0 0 1
70 3 1 2 1 3 0
30 3 2 1 1 0 1
79 3 2 1 1 0 2
91 4 5 1 1 1 1
67 2 1 0 0 2 1
25 1 0 0 2 0 1
46 1 3 0 1 1 1
76 5 1 1 2 1 1
34 1 4 0 1 0 1
84 6 2 3 1 1 1
82 1 1 2 0 1 1
98 6 6 3 1 0 2
98 8 4 4 3 2 0
38 8 5 1 2 0 0
59 1 2 3 0 2 0
56 1 2 2 0 1 1
34 1 0 1 0 1 1
55 3 5 1 0 1 1
38 3 0 4 1 1 0
18 2 2 0 0 0 1
98 2 1 0 0 0 2
85 2 4 2 1 1 1
57 1 0 0 1 0 1
