100 100 100 100 100 100
50
49 3 1 1 0 1 1
12 0 0 0 0 0 1
47 2 1 4 0 2 0
75 0 0 0 0 0 2
73 1 1 2 1 0 1
12 0 0 0 0 0 1
90 2 0 2 1 1 1
96 1 4 4 1 1 1
60 0 2 1 2 1 1
12 0 0 0 0 0 1
30 1 4 2 2 0 0
53 6 5 1 2 1 0
45 3 5 1 3 0 0
12 0 0 0 0 0 1
20 4 2 0 0 0 1
93 6 4 2 0 1 1
91 2 2 0 1 1 2
61 2 3 1 2 1 1
88 6 1 0 1 1 1
38 5 3 2 1 1 0
12 0 0 0 0 0 1
12 0 0 0 0 0 1
67 1 0 1 1 1 1
12 0 0 0 0 0 1
82 1 2 2 1 1 1
46 1 2 0 1 2 0
66 1 1 1 0 1 1
51 7 2 2 1 1 0
12 0 0 0 0 0 1
16 1 2 0 0 0 1
23 1 3 2 1 0 0
11 1 1 0 1 0 0
33 5 2 1 0 0 1
12 0 0 0 0 0 1
26 1 3 0 0 0 1
53 4 0 1 1 1 1
22 1 0 0 1 0 1
12 0 0 0 0 0 1
30 0 0 2 0 1 0
12 0 0 0 0 0 1
81 1 4 0 2 2 1
12 0 0 0 0 0 1
12 0 0 0 0 0 1
9 2 1 1 0 0 0
87 5 3 2 3 0 1
12 0 0 0 0 0 1
50 3 1 1 0 1 1
5 3 0 0 1 0 0
30 0 1 3 0 1 0
12 0 0 0 0 0 1
