82 20 70 98 63 28
50
80 6 2 4 5 0 0
9 4 0 1 0 0 0
79 2 1 1 0 1 1
21 2 2 1 1 0 0
1 1 0 0 0 0 0
61 2 2 1 0 0 1
5 3 1 0 0 0 0
25 3 1 0 0 1 0
12 2 0 0 1 0 0
34 7 1 3 1 0 0
84 4 0 0 2 3 0
76 0 3 0 2 0 1
8 1 1 1 0 0 0
83 1 1 2 2 0 1
54 0 2 0 3 1 0
43 3 0 0 0 2 0
75 1 2 4 1 2 0
17 6 3 1 0 0 0
69 5 2 2 0 0 1
37 2 5 1 0 1 0
15 0 0 1 1 0 0
74 2 1 0 2 0 1
37 1 3 4 1 0 0
24 0 2 0 0 1 0
38 1 1 3 0 1 0
19 0 2 1 1 0 0
66 1 0 3 0 0 1
26 1 5 3 0 0 0
92 4 9 2 2 2 0
20 1 2 1 1 0 0
74 6 4 2 1 2 0
71 1 0 2 1 0 1
30 3 1 3 1 0 0
74 4 5 4 4 0 0
16 0 3 2 0 0 0
59 2 1 3 2 1 0
34 4 5 2 1 0 0
88 6 1 4 2 2 0
85 2 4 3 4 1 0
47 1 3 2 3 0 0
13 4 2 1 0 0 0
70 5 0 3 1 2 0
77 3 2 0 0 1 1
3 1 1 0 0 0 0
97 0 1 1 0 2 1
38 1 1 3 2 0 0
71 5 3 4 2 1 0
74 2 1 0 2 0 1
40 1 2 3 2 0 0
89 4 0 3 1 3 0
