35 16 67 95 88 14
50
25 6 1 3 1 0 0
61 3 6 0 0 2 1
38 3 3 3 1 1 0
78 3 3 3 2 2 0
58 2 2 1 4 1 0
1 1 0 0 0 0 0
32 3 4 2 0 1 0
76 2 3 4 1 2 0
39 2 5 0 3 0 0
16 2 0 1 1 0 0
80 3 1 2 0 1 1
11 3 2 1 0 0 0
63 1 1 1 1 0 1
90 3 2 4 0 1 1
33 5 2 1 2 0 0
19 5 0 3 0 0 0
59 1 4 1 2 2 0
3 3 0 0 0 0 0
7 2 1 1 0 0 0
64 3 2 2 2 2 0
43 4 3 2 1 1 0
22 2 1 0 1 1 0
40 2 3 3 1 1 0
16 5 2 2 0 0 0
87 6 1 5 0 3 0
17 3 4 2 0 0 0
8 1 2 1 0 0 0
1 1 0 0 0 0 0
85 3 4 2 2 2 1
80 4 2 1 1 1 1
52 2 1 0 1 1 1
15 2 2 0 1 0 0
24 1 3 0 2 0 0
23 2 4 2 1 0 0
62 4 2 1 2 2 0
47 2 3 1 3 1 0
4 1 2 0 0 0 0
33 6 4 0 0 1 0
40 2 3 4 2 0 0
88 4 4 3 3 2 0
42 2 1 5 2 0 0
97 3 4 3 1 3 1
63 1 2 3 1 0 1
86 3 2 2 2 1 1
16 8 3 1 0 0 0
82 3 3 4 1 2 1
38 4 1 2 3 0 0
48 4 1 4 1 1 0
35 0 1 1 1 1 0
92 4 5 6 1 2 0
