0 89 36 1 47 64
50
66 4 2 2 2 0 1
38 1 3 1 0 0 1
31 0 1 0 1 1 0
32 1 1 0 0 0 1
51 2 3 0 0 1 1
94 1 3 1 0 1 2
54 1 0 1 1 0 1
49 1 2 1 2 0 1
36 0 1 0 0 1 1
40 3 1 0 1 1 1
49 1 1 7 0 1 0
48 1 2 1 1 0 1
42 2 3 0 0 0 1
33 1 2 1 0 0 1
26 0 0 0 0 0 1
68 2 1 1 1 1 1
73 2 1 3 1 1 1
82 6 3 3 1 1 1
38 3 4 2 1 0 1
52 1 0 1 1 0 1
58 2 1 1 0 0 1
49 0 3 0 0 0 1
62 0 5 1 1 1 1
91 4 1 0 1 2 1
17 4 1 2 0 1 0
64 2 0 1 1 3 0
74 2 3 0 3 1 1
56 2 2 1 2 0 1
80 1 0 1 2 0 2
39 3 1 1 0 0 1
99 1 3 3 0 1 2
44 1 2 3 1 0 1
57 3 2 1 2 0 1
55 1 1 3 0 1 1
16 0 0 0 0 0 1
9 0 3 0 0 1 0
93 3 3 0 3 1 1
56 0 0 1 0 1 1
65 2 2 1 1 0 1
89 3 5 1 2 2 1
45 0 5 0 1 0 1
78 3 1 2 0 1 1
91 1 3 2 1 1 1
64 4 2 1 0 1 1
39 1 1 1 0 0 1
30 1 1 1 0 2 0
57 4 6 2 3 1 0
33 5 2 1 2 0 0
31 2 2 0 1 0 1
45 1 0 1 1 0 1
