75 64 20 36 74 92
50
21 0 2 1 1 1 0
12 0 0 0 0 0 1
46 3 0 1 0 2 0
89 4 2 1 1 4 0
46 4 5 1 1 1 0
87 2 4 2 0 1 1
12 0 0 0 0 0 1
67 3 2 1 2 1 1
27 4 2 3 1 0 0
27 2 3 2 0 1 0
36 2 2 0 0 0 1
12 0 0 0 0 0 1
12 0 0 0 0 0 1
12 0 0 0 0 0 1
49 0 2 5 0 1 0
12 0 0 0 0 0 1
88 5 4 2 1 3 0
40 1 3 4 2 0 0
15 2 4 1 0 0 0
12 0 0 0 0 0 1
52 1 2 1 1 2 0
12 0 0 0 0 0 1
54 0 4 2 3 1 0
12 0 0 0 0 0 1
14 2 1 2 0 0 0
91 1 2 0 0 0 2
12 0 0 0 0 0 1
44 3 4 4 0 1 0
12 0 0 0 0 0 1
12 0 0 0 0 0 1
39 1 2 1 2 1 0
12 0 0 0 0 0 1
25 0 2 2 1 0 1
33 1 1 0 2 1 0
77 1 2 2 2 0 1
18 2 4 1 0 1 0
9 2 1 1 0 0 0
41 3 0 0 1 0 1
12 0 0 0 0 0 1
12 0 0 0 0 0 1
63 1 2 1 0 0 2
15 0 1 0 1 0 1
31 3 0 0 1 1 0
48 1 1 3 0 0 1
12 0 0 0 0 0 1
43 1 1 0 0 2 0
12 0 0 0 0 0 1
12 0 0 0 0 0 1
12 0 0 0 0 0 1
12 0 0 0 0 0 1
