100 100 100 100 100 100
1000
95 4 1 6 2 2 0
57 3 0 1 1 1 1
36 1 3 2 2 0 0
19 3 4 2 0 0 0
86 5 4 2 3 0 1
28 5 3 4 0 0 0
90 3 3 1 2 2 1
66 5 4 5 2 1 0
80 8 4 2 2 2 0
66 4 4 3 0 2 0
74 0 2 3 1 0 1
84 4 3 2 2 1 1
59 0 4 2 0 1 1
84 0 3 0 2 1 1
69 8 3 2 3 1 0
83 4 0 4 5 1 0
38 3 4 3 0 1 0
91 6 4 1 2 1 1
10 1 4 1 0 0 0
93 3 6 3 0 3 1
36 3 2 3 1 1 0
61 2 2 1 2 2 0
49 1 5 4 2 0 0
80 8 2 5 0 1 1
88 2 5 10 2 1 0
65 1 6 4 3 1 0
32 4 3 2 1 1 0
84 0 2 0 3 1 1
40 5 7 2 2 0 0
86 4 5 3 4 1 0
4 3 1 0 0 0 0
86 8 3 1 1 3 0
94 3 2 2 4 0 1
65 2 6 1 0 1 1
59 5 5 1 3 1 0
20 3 3 3 0 0 0
44 8 5 3 1 1 0
28 2 1 1 1 1 0
46 2 3 3 2 1 0
7 2 2 1 0 0 0
19 5 0 1 1 0 0
97 1 2 1 3 1 1
35 5 1 3 0 1 0
11 3 3 1 0 0 0
53 1 1 1 1 0 1
63 1 2 2 1 0 1
60 0 2 3 0 1 1
39 1 6 3 0 1 0
75 3 4 1 3 2 0
34 1 2 2 0 1 0
82 3 2 4 2 2 0
59 3 2 1 1 2 0
97 3 4 5 1 1 1
78 1 3 2 1 1 1
54 7 5 0 2 1 0
86 2 3 1 2 2 1
51 5 2 1 1 2 0
93 2 5 2 2 1 1
37 3 6 2 1 1 0
36 7 3 2 1 1 0
44 6 3 2 1 1 0
13 3 1 0 1 0 0
7 1 1 1 0 0 0
20 2 7 1 0 0 0
33 3 2 3 0 1 0
95 8 4 3 3 2 0
78 1 1 2 0 1 1
92 2 1 2 1 2 1
82 2 6 1 0 2 1
88 6 4 1 1 1 1
91 1 4 1 1 4 0
5 4 1 0 0 0 0
51 1 2 0 1 1 1
87 3 4 4 2 1 1
91 3 5 3 3 2 0
12 1 1 2 0 0 0
54 3 2 2 0 2 0
93 2 3 2 2 1 1
66 1 2 2 1 2 1
42 5 8 4 1 0 0
49 3 2 1 3 1 0
13 2 5 1 0 0 0
15 2 6 1 0 0 0
51 1 2 1 1 0 1
2 1 1 0 0 0 0
96 2 8 3 2 1 1
5 0 1 1 0 0 0
25 3 1 1 0 1 0
63 1 1 4 1 2 0
22 9 3 0 1 0 0
42 2 1 4 2 0 0
25 1 4 1 1 1 0
8 5 2 0 0 0 0
78 2 2 3 0 3 0
51 2 0 1 1 1 1
61 5 5 3 4 0 0
70 10 4 5 2 1 0
99 5 1 5 0 3 1
29 1 3 2 2 0 0
10 3 3 1 0 0 0
84 5 0 0 1 3 1
41 9 4 2 2 0 0
69 3 3 3 4 1 0
34 3 2 3 2 0 0
84 0 2 1 1 2 1
42 6 4 2 2 0 0
12 3 3 1 0 0 0
39 2 4 0 1 1 0
2 1 1 0 0 0 0
33 1 2 1 2 1 0
79 3 2 1 4 2 0
96 2 0 2 2 3 1
89 3 3 3 2 1 1
80 3 1 5 2 2 0
8 3 3 0 0 0 0
46 5 3 2 2 1 0
28 2 2 1 2 0 0
2 1 1 0 0 0 0
73 3 5 2 4 1 0
39 3 5 3 0 1 0
4 3 1 0 0 0 0
38 3 4 2 1 1 0
11 2 0 2 0 0 0
64 2 1 3 4 1 0
16 2 4 1 1 0 0
87 1 1 4 1 2 1
24 3 2 0 0 1 0
26 5 1 1 2 0 0
20 0 2 3 1 0 0
23 5 3 1 1 0 0
30 1 0 0 1 1 0
72 2 0 0 2 2 1
51 1 2 1 2 2 0
80 5 3 1 2 3 0
57 1 2 1 0 2 1
48 2 1 4 2 1 0
94 5 4 4 3 1 1
4 1 2 0 0 0 0
51 1 2 1 0 2 1
29 2 3 1 0 1 0
26 1 7 3 0 0 0
43 2 2 0 3 1 0
93 1 2 2 0 4 0
47 1 4 0 0 2 0
92 2 2 0 3 1 1
39 3 5 0 2 1 0
9 3 2 1 0 0 0
46 4 2 3 2 1 0
41 3 5 3 1 1 0
92 2 2 2 1 2 1
30 2 3 1 0 1 0
46 5 7 5 1 0 0
13 1 3 1 1 0 0
1 1 0 0 0 0 0
40 3 4 2 2 0 0
51 6 3 2 2 1 0
84 1 2 3 3 2 0
41 3 2 2 3 0 0
51 4 1 1 3 1 0
9 2 4 0 0 0 0
39 3 1 1 1 1 0
54 4 0 3 4 0 0
38 5 3 2 1 1 0
75 6 8 1 1 2 0
88 8 6 2 3 2 0
64 2 3 2 0 1 1
54 0 2 0 0 1 1
41 1 1 1 3 1 0
60 4 2 2 1 1 1
91 9 7 5 4 1 0
14 3 1 1 1 0 0
6 3 2 0 0 0 0
71 2 5 5 1 2 0
7 2 3 0 0 0 0
85 4 1 4 1 2 1
42 0 3 0 1 2 0
88 5 3 2 1 3 0
59 5 2 0 1 1 1
4 3 1 0 0 0 0
43 5 2 4 2 0 0
8 1 4 0 0 0 0
33 3 2 3 2 0 0
29 0 4 2 2 0 0
92 3 5 0 4 2 0
99 2 8 4 2 2 1
31 2 1 2 0 1 0
93 1 2 0 0 3 1
67 5 5 1 3 1 0
49 4 6 2 2 1 0
89 0 2 2 3 2 1
56 2 5 2 2 1 0
95 1 4 3 1 2 1
7 3 0 1 0 0 0
45 3 3 2 1 1 0
47 6 2 2 2 1 0
64 5 6 2 3 1 0
16 2 0 3 0 0 0
89 2 3 1 3 3 0
18 2 3 1 1 0 0
55 1 2 0 0 1 1
94 6 3 4 3 2 0
93 1 6 3 2 2 1
9 4 3 0 0 0 0
41 3 3 1 3 0 0
18 5 3 1 1 0 0
64 3 5 3 2 1 0
28 2 4 3 1 0 0
17 4 3 0 1 0 0
37 8 9 3 0 0 0
29 5 1 2 2 0 0
78 7 1 0 0 1 1
52 0 2 1 0 2 1
65 6 3 5 2 1 0
42 3 2 2 1 1 0
58 4 3 1 0 0 1
17 3 4 0 1 0 0
98 9 3 6 3 2 0
62 8 9 4 2 0 0
14 4 4 1 0 0 0
38 7 1 1 1 1 0
2 1 1 0 0 0 0
44 0 2 2 2 1 0
70 5 3 3 3 1 0
78 4 3 2 2 2 0
4 3 1 0 0 0 0
77 6 3 4 1 0 1
86 1 5 1 2 1 1
82 2 4 1 1 2 1
11 2 3 1 0 0 0
97 2 3 4 0 3 1
8 1 2 1 0 0 0
66 4 2 1 2 0 1
32 7 4 3 1 0 0
77 4 2 4 2 2 0
15 2 2 2 0 0 0
10 1 3 1 0 0 0
22 0 1 1 2 0 0
57 3 2 0 2 2 0
66 5 2 3 3 1 0
47 5 5 3 0 1 0
35 3 5 4 1 0 0
2 2 0 0 0 0 0
20 5 3 1 1 0 0
10 0 2 2 0 0 0
10 2 3 1 0 0 0
21 1 2 1 0 1 0
95 5 6 2 1 1 1
69 5 2 3 1 2 0
47 4 2 3 2 1 0
21 1 6 2 0 0 0
35 2 5 2 0 1 0
90 4 3 1 1 1 1
7 4 2 0 0 0 0
35 4 4 1 0 1 0
50 2 5 1 1 2 0
85 3 6 0 2 1 1
30 0 2 3 2 0 0
62 7 7 3 1 1 0
47 2 6 2 1 1 0
77 6 5 1 3 2 0
72 3 3 1 1 0 1
50 0 7 3 3 0 0
51 3 3 3 2 1 0
46 2 1 4 2 1 0
40 4 4 3 2 0 0
5 0 1 1 0 0 0
62 2 3 2 1 1 1
47 3 2 5 2 0 0
15 2 2 1 1 0 0
54 2 3 1 0 1 1
19 3 2 1 1 0 0
31 3 3 2 2 0 0
70 1 0 2 1 2 1
26 5 1 2 1 0 0
6 2 1 1 0 0 0
29 4 1 2 1 1 0
15 1 2 1 1 0 0
96 3 5 5 1 1 1
88 3 4 2 0 3 1
5 2 2 0 0 0 0
90 5 4 2 2 1 1
69 4 4 3 1 2 0
20 3 3 1 1 0 0
14 5 3 1 0 0 0
58 7 2 0 1 0 1
89 4 5 6 2 2 0
93 2 2 3 2 3 0
93 5 6 5 3 2 0
34 3 5 2 2 0 0
76 1 3 0 1 2 1
83 1 1 2 4 2 0
59 4 4 3 3 1 0
50 10 3 5 1 0 0
28 3 3 3 1 0 0
98 5 2 2 1 3 1
55 1 1 1 1 1 1
2 1 1 0 0 0 0
52 2 4 2 0 2 0
86 8 4 0 6 1 0
49 0 4 1 3 1 0
7 2 1 1 0 0 0
1 1 0 0 0 0 0
39 0 3 2 3 0 0
63 2 2 1 2 1 1
43 3 3 1 2 1 0
34 5 5 3 1 0 0
49 4 0 2 0 2 0
90 3 2 2 1 2 1
92 3 2 3 0 2 1
99 4 6 1 3 3 0
21 2 3 1 1 0 0
65 0 7 1 0 0 1
4 4 0 0 0 0 0
53 2 1 0 1 2 0
61 2 3 3 0 2 0
32 5 3 2 0 1 0
11 3 2 1 0 0 0
42 2 5 1 3 0 0
60 1 1 0 0 3 0
80 5 4 7 4 0 0
72 0 1 0 3 1 1
5 2 2 0 0 0 0
84 6 6 3 2 1 1
62 2 7 3 0 2 0
28 2 4 1 2 0 0
35 1 3 2 2 0 0
34 5 3 2 2 0 0
27 1 4 2 1 0 0
19 0 3 1 1 0 0
24 2 1 1 2 0 0
83 1 2 1 1 4 0
21 3 2 2 1 0 0
3 2 1 0 0 0 0
18 3 4 1 1 0 0
4 3 1 0 0 0 0
73 4 3 4 1 2 0
94 3 2 2 1 2 1
96 5 2 1 0 2 1
46 7 1 1 4 0 0
30 1 3 1 2 0 0
27 4 3 2 1 0 0
49 0 3 1 0 2 0
49 3 1 1 2 1 0
55 1 3 1 3 1 0
54 1 6 1 3 1 0
35 1 0 1 1 1 0
35 4 3 1 1 1 0
83 3 6 0 0 3 1
72 3 4 2 0 3 0
29 2 7 1 1 0 0
72 9 2 0 2 0 1
27 2 4 1 1 1 0
50 2 3 2 1 2 0
30 2 2 1 2 0 0
58 3 4 0 1 1 1
6 1 3 0 0 0 0
92 4 2 1 3 3 0
6 5 1 0 0 0 0
17 0 3 2 1 0 0
30 12 2 2 1 0 0
15 0 2 2 1 0 0
15 0 1 2 1 0 0
99 5 3 2 4 1 1
19 2 2 2 1 0 0
42 6 1 4 2 0 0
7 6 1 0 0 0 0
32 4 6 1 1 1 0
7 3 0 1 0 0 0
16 2 1 3 0 0 0
82 6 5 7 3 1 0
6 3 2 0 0 0 0
34 0 3 2 1 1 0
76 5 2 3 4 1 0
10 0 1 1 1 0 0
61 2 4 2 3 1 0
56 3 2 0 0 1 1
80 3 2 2 0 3 1
57 1 1 1 1 0 1
73 3 1 0 3 1 1
2 1 1 0 0 0 0
75 2 2 4 2 2 0
71 1 1 2 2 0 1
34 6 4 3 1 0 0
66 2 4 0 2 1 1
11 2 0 0 1 0 0
50 1 0 1 1 0 1
19 4 4 0 1 0 0
84 4 0 2 2 3 0
58 4 5 1 4 0 0
96 3 5 2 3 1 1
3 2 1 0 0 0 0
61 2 4 3 3 1 0
54 3 3 2 2 1 0
38 3 2 2 1 1 0
58 1 2 1 0 0 1
58 7 2 3 0 2 0
20 2 3 1 1 0 0
96 6 4 2 1 2 1
3 2 1 0 0 0 0
87 3 4 1 2 1 1
84 2 3 5 2 1 1
50 0 2 3 0 2 0
13 3 2 2 0 0 0
85 2 6 2 2 3 0
98 6 5 2 2 2 1
97 2 3 3 2 3 0
10 0 1 0 1 0 0
20 3 2 1 1 0 0
13 1 2 0 1 0 0
8 1 3 1 0 0 0
81 4 2 3 1 1 1
57 4 4 3 2 1 0
49 4 4 1 2 1 0
12 3 4 1 0 0 0
95 4 1 2 2 1 1
18 2 5 1 1 0 0
25 4 4 1 1 0 0
3 2 1 0 0 0 0
84 3 1 2 2 1 1
23 4 3 2 1 0 0
66 1 3 2 0 0 1
70 4 1 1 1 2 1
19 1 6 1 1 0 0
33 3 4 1 2 0 0
80 3 2 2 2 0 1
57 1 4 0 1 0 1
40 3 8 2 0 1 0
69 1 2 3 1 1 1
26 3 2 1 2 0 0
76 2 1 1 1 2 1
5 4 1 0 0 0 0
62 4 3 5 2 1 0
64 2 1 4 1 2 0
88 10 2 3 3 2 0
53 4 5 1 0 2 0
84 0 2 3 0 3 1
56 3 6 1 2 1 0
77 2 3 3 3 2 0
80 1 1 2 2 2 1
99 2 6 1 2 2 1
29 4 4 1 2 0 0
5 4 1 0 0 0 0
71 3 6 2 1 1 1
50 0 0 1 0 0 1
46 4 5 2 1 1 0
67 4 3 2 1 1 1
35 3 1 0 2 1 0
83 3 3 1 3 2 0
36 2 4 2 2 0 0
4 3 1 0 0 0 0
88 2 1 3 2 3 0
89 2 1 2 7 1 0
59 4 3 2 2 1 0
94 3 4 1 2 3 0
5 1 1 1 0 0 0
96 2 3 2 2 2 1
72 3 4 1 2 0 1
63 2 1 0 1 0 1
53 2 4 2 2 1 0
20 0 2 1 0 1 0
17 2 3 0 1 0 0
32 2 1 0 3 0 0
37 6 4 1 0 1 0
68 6 1 5 3 1 0
74 2 3 0 1 2 1
8 2 1 1 0 0 0
56 2 2 3 2 1 0
1 1 0 0 0 0 0
70 2 4 0 2 0 1
19 5 1 1 1 0 0
96 3 3 6 2 1 1
88 4 3 5 3 2 0
29 3 2 2 0 1 0
15 2 3 2 0 0 0
93 7 1 3 4 2 0
45 3 5 4 2 0 0
21 1 3 1 1 0 0
72 5 1 1 2 0 1
34 2 3 3 1 1 0
89 5 3 1 1 1 1
51 2 1 1 0 2 1
22 1 2 0 0 1 0
38 3 2 1 1 1 0
94 3 2 4 2 2 1
32 3 0 0 1 1 0
43 5 2 3 2 0 0
65 1 3 2 1 2 0
13 3 3 1 0 0 0
78 4 4 0 4 2 0
30 1 4 2 2 0 0
76 4 2 4 1 2 0
54 3 1 1 0 1 1
96 4 4 3 0 2 1
96 5 3 1 1 2 1
40 6 4 5 1 0 0
44 2 1 0 1 2 0
96 2 0 4 2 2 1
47 3 3 2 1 1 0
58 1 3 6 2 1 0
68 2 3 0 2 0 1
17 3 4 1 1 0 0
25 4 1 0 1 1 0
17 1 2 2 1 0 0
97 4 3 0 1 4 0
17 2 4 2 0 0 0
61 1 2 1 2 0 1
51 5 7 4 1 1 0
32 0 1 0 2 1 0
66 3 2 2 2 2 0
45 0 2 2 2 1 0
73 2 5 2 3 2 0
95 2 4 4 0 2 1
40 3 3 1 2 1 0
77 2 0 2 0 1 1
26 1 4 0 2 0 0
6 3 2 0 0 0 0
63 2 1 2 1 1 1
47 3 2 3 1 1 0
52 4 3 4 1 1 0
85 3 2 3 3 1 1
77 9 3 6 3 1 0
25 3 2 1 0 1 0
58 4 2 1 4 1 0
13 1 2 1 1 0 0
33 2 2 2 2 0 0
68 2 4 2 1 0 1
31 5 4 3 1 0 0
55 3 1 1 4 1 0
98 2 7 3 1 1 1
55 6 3 3 1 1 0
4 3 1 0 0 0 0
57 6 5 1 0 2 0
92 1 8 5 4 1 0
46 2 3 3 1 1 0
26 4 2 1 2 0 0
95 5 3 3 2 0 1
51 5 1 4 2 1 0
38 3 4 2 1 1 0
89 4 2 1 4 2 0
81 4 2 3 1 0 1
64 1 2 0 1 3 0
1 1 0 0 0 0 0
77 2 2 1 2 1 1
80 3 1 3 2 0 1
78 2 5 2 2 1 1
68 1 3 4 0 1 1
77 6 1 5 0 2 1
59 3 1 2 4 1 0
96 2 2 2 2 2 1
23 2 1 0 2 0 0
16 2 1 1 1 0 0
4 1 2 0 0 0 0
94 4 2 3 5 2 0
31 2 1 2 1 1 0
29 3 1 3 1 0 0
13 1 3 1 1 0 0
21 2 0 2 1 0 0
15 0 1 1 1 0 0
57 0 2 2 0 1 1
16 2 4 2 0 0 0
94 1 5 5 2 1 1
47 7 3 3 1 1 0
77 4 5 6 2 1 0
37 3 5 2 2 0 0
37 4 3 3 1 1 0
87 3 3 5 1 1 1
39 2 3 2 2 1 0
93 6 5 2 0 2 1
46 2 3 1 2 1 0
90 1 3 1 1 1 1
84 3 5 4 1 2 1
98 7 4 2 4 2 0
3 2 1 0 0 0 0
82 4 3 2 2 2 1
27 1 4 0 0 1 0
20 1 1 1 1 1 0
27 2 1 1 0 1 0
20 0 1 0 1 1 0
59 5 1 2 1 0 1
49 5 5 2 3 0 0
30 1 2 1 1 1 0
44 1 3 3 2 1 0
48 6 8 3 2 0 0
48 2 2 4 1 1 0
3 3 0 0 0 0 0
33 3 6 0 2 0 0
20 2 2 3 0 0 0
49 7 1 3 3 0 0
46 4 3 3 1 1 0
22 3 0 1 1 1 0
26 3 3 1 2 0 0
98 2 2 4 1 3 1
44 6 8 1 0 1 0
12 2 4 1 0 0 0
7 3 1 1 0 0 0
56 2 1 1 1 2 0
97 4 2 5 0 3 1
80 5 7 4 2 2 0
9 4 3 0 0 0 0
63 2 2 1 1 1 1
71 1 1 1 1 1 1
69 4 3 4 4 0 0
57 3 4 2 0 2 0
73 1 3 1 0 3 1
27 0 2 5 0 0 0
5 2 2 0 0 0 0
47 3 4 0 4 0 0
86 6 4 4 3 2 0
2 2 0 0 0 0 0
8 2 1 1 0 0 0
41 7 4 2 2 0 0
73 2 4 1 1 1 1
82 3 1 2 2 1 1
96 3 6 3 2 1 1
13 4 3 1 0 0 0
12 2 1 0 1 0 0
4 3 1 0 0 0 0
14 1 6 1 0 0 0
85 6 3 2 2 3 0
10 4 1 1 0 0 0
19 1 3 3 0 0 0
21 2 1 1 0 1 0
23 4 0 1 1 1 0
81 3 3 1 1 1 1
53 1 1 3 1 2 0
3 3 0 0 0 0 0
56 1 1 2 0 0 1
54 4 1 4 1 1 0
42 8 2 2 1 1 0
98 3 4 3 2 2 1
67 3 0 4 0 1 1
79 2 2 1 0 2 1
81 6 9 3 2 2 0
57 3 4 3 2 1 0
54 2 4 4 1 1 0
3 2 1 0 0 0 0
91 4 1 4 0 1 1
91 5 5 2 2 3 0
20 2 2 2 1 0 0
37 1 3 3 0 1 0
15 5 1 2 0 0 0
98 1 3 1 1 3 1
17 1 1 2 1 0 0
4 3 1 0 0 0 0
87 5 1 7 2 2 0
25 1 3 1 0 1 0
46 3 5 1 2 1 0
4 1 2 0 0 0 0
46 10 4 0 1 1 0
30 4 2 1 1 1 0
40 1 1 2 1 1 0
3 2 1 0 0 0 0
18 4 4 2 0 0 0
18 5 3 2 0 0 0
23 2 5 2 1 0 0
54 3 1 1 0 1 1
92 4 5 5 1 0 1
77 3 3 4 5 0 0
45 4 5 2 2 1 0
78 6 4 2 5 1 0
62 10 2 3 3 1 0
24 3 1 1 1 1 0
19 2 3 1 1 0 0
92 6 3 3 0 2 1
27 1 5 0 2 0 0
98 5 2 4 1 3 0
40 4 2 2 1 1 0
22 1 1 1 0 1 0
20 2 3 2 1 0 0
6 2 1 1 0 0 0
64 2 3 5 3 1 0
33 5 3 1 0 1 0
54 6 2 2 3 1 0
66 2 6 3 4 0 0
41 1 1 1 3 1 0
56 2 6 1 3 1 0
75 1 2 0 2 3 0
42 3 5 4 1 0 0
8 4 0 1 0 0 0
2 2 0 0 0 0 0
34 6 5 4 0 0 0
25 5 2 0 0 1 0
53 2 7 2 2 1 0
51 1 2 5 1 1 0
26 2 4 3 1 0 0
53 4 1 0 0 0 1
2 2 0 0 0 0 0
41 3 6 3 1 1 0
39 3 3 1 1 1 0
80 4 5 3 2 1 1
22 3 4 1 1 0 0
24 3 1 0 0 1 0
71 2 2 3 2 2 0
46 9 1 2 3 0 0
93 4 5 4 5 1 0
38 5 2 1 2 1 0
9 3 1 1 0 0 0
45 7 6 0 2 1 0
20 5 4 0 1 0 0
34 3 5 4 1 0 0
65 6 3 2 3 1 0
87 4 2 4 3 2 0
30 6 2 3 1 0 0
71 3 6 2 3 1 0
18 1 3 1 1 0 0
31 2 2 2 2 0 0
18 2 5 2 0 0 0
89 2 3 3 1 1 1
68 2 5 2 1 0 1
90 1 5 4 5 1 0
18 0 4 1 1 0 0
96 7 6 3 1 3 0
80 2 6 4 4 1 0
45 4 5 1 2 1 0
70 6 4 5 2 1 0
7 1 1 1 0 0 0
57 6 1 2 3 1 0
8 3 1 1 0 0 0
92 7 3 2 0 3 1
9 4 3 0 0 0 0
16 3 2 2 0 0 0
77 2 2 4 2 1 1
43 4 1 0 2 1 0
17 2 1 1 1 0 0
59 2 4 2 3 1 0
78 3 1 4 2 1 1
36 2 3 3 2 0 0
92 4 3 3 5 1 0
30 6 4 1 0 1 0
85 1 2 5 5 1 0
58 1 3 2 1 1 1
63 4 6 7 1 1 0
94 1 4 2 4 2 0
77 5 4 1 1 0 1
46 4 1 1 2 1 0
64 2 3 5 2 1 0
28 2 2 1 0 1 0
38 4 0 1 1 1 0
19 2 3 3 0 0 0
94 6 3 5 0 3 0
88 3 4 7 0 2 1
9 1 2 1 0 0 0
7 0 2 1 0 0 0
41 1 2 0 3 1 0
1 1 0 0 0 0 0
39 3 2 2 1 1 0
57 1 3 3 2 1 0
39 2 2 2 2 1 0
50 7 3 3 1 1 0
52 5 5 2 2 1 0
40 1 0 0 1 2 0
87 4 2 2 3 2 0
8 1 3 1 0 0 0
54 4 2 0 1 1 1
80 2 6 1 3 0 1
41 2 1 3 2 1 0
79 3 3 4 0 1 1
94 3 2 4 1 3 0
66 1 3 0 2 1 1
58 4 2 2 1 2 0
82 2 1 2 2 0 1
67 4 3 5 3 1 0
32 1 2 5 1 0 0
22 3 0 0 2 0 0
73 3 3 1 3 2 0
97 2 7 4 0 3 1
92 2 6 2 3 2 0
75 6 3 2 3 2 0
4 1 2 0 0 0 0
8 1 2 1 0 0 0
25 2 2 2 1 0 0
58 2 2 2 1 1 1
6 1 2 1 0 0 0
83 4 6 1 2 0 1
96 6 3 6 2 2 0
81 6 4 3 1 0 1
99 3 4 1 1 3 1
60 9 9 1 3 0 0
24 2 1 3 1 0 0
34 4 0 3 2 0 0
1 1 0 0 0 0 0
96 10 5 5 2 2 0
23 1 1 1 1 1 0
93 4 2 6 2 2 0
1 1 0 0 0 0 0
81 6 7 3 1 2 0
61 4 7 2 3 1 0
43 7 4 4 1 0 0
92 2 2 3 1 1 1
36 1 2 1 2 1 0
39 2 1 2 1 1 0
12 3 1 2 0 0 0
90 4 5 2 3 1 1
90 6 3 1 1 3 1
28 1 2 2 2 0 0
97 6 5 1 2 2 1
53 1 1 1 1 1 1
12 1 4 1 0 0 0
56 1 1 1 0 1 1
63 0 4 1 0 1 1
83 4 3 2 3 0 1
45 2 5 3 0 1 0
81 3 2 2 1 1 1
43 2 4 5 1 0 0
34 4 4 1 2 0 0
32 3 1 3 0 1 0
41 5 5 2 2 0 0
1 1 0 0 0 0 0
57 4 5 1 1 2 0
2 1 1 0 0 0 0
87 6 2 4 5 1 0
93 3 2 2 1 1 1
77 1 3 0 3 1 1
26 3 2 1 2 0 0
52 3 5 2 2 1 0
9 3 2 1 0 0 0
34 4 6 2 1 0 0
21 2 3 2 1 0 0
16 3 3 1 1 0 0
3 3 0 0 0 0 0
85 1 2 2 1 1 1
11 4 4 0 0 0 0
17 3 1 3 0 0 0
84 2 2 1 2 3 0
77 5 4 4 2 2 0
13 3 1 1 1 0 0
12 3 1 2 0 0 0
6 2 1 1 0 0 0
86 9 4 2 5 1 0
53 2 4 2 0 2 0
87 8 9 4 5 0 0
47 4 2 0 3 1 0
5 4 1 0 0 0 0
3 2 1 0 0 0 0
23 1 3 1 1 1 0
75 3 1 4 2 2 0
12 2 1 2 0 0 0
62 3 3 2 1 2 0
31 2 2 2 1 1 0
65 6 4 1 3 1 0
47 2 4 1 3 1 0
39 3 5 3 0 1 0
26 2 4 1 0 1 0
63 3 3 3 4 0 0
96 1 11 5 4 1 0
50 3 2 1 2 1 0
95 1 2 0 4 3 0
88 2 4 2 2 2 1
95 5 7 5 1 3 0
51 3 4 2 2 1 0
47 5 2 2 2 1 0
83 2 1 3 0 2 1
51 5 5 2 2 1 0
2 2 0 0 0 0 0
86 3 4 3 2 0 1
40 6 6 3 1 0 0
42 3 0 1 3 1 0
40 3 3 2 2 1 0
8 3 2 1 0 0 0
49 1 2 2 3 1 0
93 5 7 2 1 3 0
71 4 2 2 4 1 0
42 2 3 1 1 1 0
50 5 1 3 1 1 0
74 1 6 1 5 1 0
37 6 4 1 2 0 0
92 1 3 1 1 3 1
39 4 4 0 1 1 0
8 5 2 0 0 0 0
48 3 1 1 3 1 0
37 3 4 2 0 1 0
85 0 2 1 1 2 1
3 2 1 0 0 0 0
23 4 4 3 0 0 0
71 3 3 6 4 0 0
79 3 4 3 2 1 1
38 2 2 2 1 1 0
25 3 1 1 1 1 0
97 7 3 2 1 3 1
76 4 4 6 4 0 0
70 5 0 3 0 1 1
63 4 1 2 2 2 0
36 2 4 5 1 0 0
10 4 1 1 0 0 0
50 4 1 1 2 1 0
70 2 5 3 2 2 0
60 1 3 2 0 2 1
16 4 2 2 0 0 0
39 4 4 3 1 1 0
66 3 3 0 2 1 1
59 4 0 3 1 2 0
66 1 3 1 2 1 1
25 7 6 2 0 0 0
74 6 5 3 1 1 1
4 4 0 0 0 0 0
39 4 2 2 2 1 0
94 3 1 3 2 1 1
40 2 2 2 2 1 0
81 3 3 2 1 3 0
68 1 3 2 1 3 0
45 1 2 3 2 1 0
36 6 3 1 1 1 0
69 4 4 5 4 0 0
45 3 1 3 1 1 0
43 5 2 6 1 0 0
31 1 1 2 0 1 0
97 5 3 2 2 1 1
45 2 3 0 2 1 0
30 4 2 1 2 0 0
57 3 3 0 0 1 1
4 4 0 0 0 0 0
1 1 0 0 0 0 0
69 3 1 1 1 0 1
16 5 1 1 1 0 0
43 4 4 2 2 1 0
65 0 2 1 1 2 1
46 3 4 1 2 1 0
77 3 6 1 2 0 1
53 1 3 1 0 1 1
71 2 1 0 0 3 1
37 3 1 2 2 1 0
27 1 5 1 2 0 0
47 1 3 5 2 0 0
47 4 3 3 3 0 0
47 4 3 1 1 2 0
98 2 1 1 2 1 1
13 2 2 1 1 0 0
47 1 4 3 1 1 0
75 4 1 5 3 1 0
34 2 3 1 2 1 0
49 8 7 2 1 1 0
24 4 0 1 2 0 0
62 2 7 0 1 2 0
21 2 0 0 0 1 0
24 5 1 4 0 0 0
77 8 7 3 1 2 0
72 5 9 7 2 0 0
91 8 2 2 2 3 0
35 4 2 0 1 1 0
37 3 0 2 3 0 0
10 1 3 1 0 0 0
26 3 3 2 1 0 0
34 4 3 1 2 0 0
72 6 5 6 3 0 0
33 2 4 1 0 1 0
91 2 7 5 1 1 1
15 4 2 0 1 0 0
51 1 0 1 0 0 1
66 2 0 3 1 0 1
86 3 4 4 2 1 1
85 5 5 5 2 2 0
47 6 1 2 3 0 0
61 2 3 2 0 0 1
28 1 1 2 2 0 0
94 9 3 7 1 2 0
5 1 0 1 0 0 0
32 4 2 2 2 0 0
23 2 2 1 0 1 0
50 5 4 2 1 1 0
88 3 4 2 3 0 1
27 3 3 0 0 1 0
27 3 0 2 1 1 0
37 2 4 1 2 1 0
66 1 4 3 0 1 1
93 4 4 4 4 2 0
65 2 3 2 0 0 1
3 2 1 0 0 0 0
91 6 6 2 2 3 0
84 3 3 3 2 0 1
16 4 2 2 0 0 0
96 5 5 2 2 1 1
70 2 3 4 0 0 1
44 0 3 2 1 1 0
45 1 1 5 2 0 0
98 3 3 2 1 3 1
84 2 2 2 3 0 1
82 4 3 4 0 3 0
8 2 2 1 0 0 0
25 2 2 0 2 0 0
48 2 1 1 0 2 0
82 4 6 5 2 2 0
93 3 2 2 2 1 1
50 3 2 2 0 2 0
98 7 6 3 0 3 1
58 6 5 4 3 0 0
90 1 1 0 1 2 1
15 7 2 1 0 0 0
33 3 1 5 1 0 0
23 2 1 1 0 1 0
90 0 2 1 0 2 1
59 1 5 3 3 1 0
22 3 2 2 1 0 0
43 4 2 4 0 1 0
77 0 1 1 4 2 0
76 2 3 3 2 1 1
58 1 2 2 1 2 0
66 4 2 1 1 2 1
18 2 2 3 0 0 0
95 3 7 3 4 2 0
5 4 1 0 0 0 0
