100 100 100 100 100 100
1000
19 5 4 1 0 0 1
11 1 1 1 1 0 0
41 7 4 1 2 1 0
12 0 0 0 0 0 1
82 3 0 3 3 0 1
12 0 0 0 0 0 1
65 6 2 1 1 2 0
12 0 0 0 0 0 1
12 0 0 0 0 0 1
12 0 0 0 0 0 1
12 0 0 0 0 0 1
99 3 3 0 0 1 2
12 0 0 0 0 0 1
12 0 0 0 0 0 1
70 1 2 1 0 3 0
48 1 2 1 2 1 0
16 1 1 1 0 0 1
12 0 0 0 0 0 1
12 0 0 0 0 0 1
12 0 0 0 0 0 1
12 0 0 0 0 0 1
99 4 3 0 1 0 2
12 0 0 0 0 0 1
97 3 2 3 2 1 1
20 3 2 2 0 0 1
12 0 0 0 0 0 1
12 0 0 0 0 0 1
12 0 0 0 0 0 1
12 0 0 0 0 0 1
56 4 1 2 0 2 0
92 2 2 3 3 0 1
86 0 0 0 0 0 2
43 4 0 3 0 0 1
29 3 1 0 2 1 0
32 3 4 1 2 0 0
87 6 2 3 3 2 0
94 0 3 2 1 1 1
44 3 4 1 0 1 1
12 0 0 0 0 0 1
12 0 0 0 0 0 1
12 0 0 0 0 0 1
12 0 0 0 0 0 1
12 0 0 0 0 0 1
12 0 0 0 0 0 1
58 3 0 1 0 0 1
42 3 3 1 0 0 1
12 0 0 0 0 0 1
12 0 0 0 0 0 1
12 0 0 0 0 0 1
21 5 2 1 0 0 1
12 0 0 0 0 0 1
85 1 2 1 1 1 1
65 3 0 2 2 1 1
7 4 2 0 0 0 0
68 1 1 0 0 1 1
62 4 2 0 0 1 1
12 0 0 0 0 0 1
60 0 4 2 2 1 1
12 0 0 0 0 0 1
63 4 1 0 1 1 1
52 5 3 2 3 1 0
31 2 1 1 1 0 1
57 1 2 0 0 0 2
86 3 3 0 2 2 1
34 1 1 0 0 0 1
12 0 0 0 0 0 1
12 0 0 0 0 0 1
37 2 3 2 0 0 1
12 0 0 0 0 0 1
12 0 0 0 0 0 1
12 0 0 0 0 0 1
82 3 4 2 1 2 1
12 0 0 0 0 0 1
12 0 0 0 0 0 1
12 0 0 0 0 0 1
4 3 1 0 0 0 0
42 3 7 3 1 0 0
48 3 6 1 0 0 1
44 0 0 1 0 0 1
12 0 0 0 0 0 1
12 0 0 0 0 0 1
12 0 0 0 0 0 1
12 0 0 0 0 0 1
74 1 4 1 2 2 0
4 2 1 0 0 0 0
12 0 0 0 0 0 1
12 0 0 0 0 0 1
37 3 1 0 1 0 1
12 0 0 0 0 0 1
12 0 0 0 0 0 1
12 0 0 0 0 0 1
74 3 1 2 1 1 1
88 5 2 0 3 0 1
12 0 0 0 0 0 1
55 3 6 1 0 0 1
60 5 2 0 1 3 0
67 2 3 2 0 2 1
12 0 0 0 0 0 1
63 4 3 0 0 0 2
12 0 0 0 0 0 1
12 0 0 0 0 0 1
38 3 2 2 0 0 1
97 2 5 1 1 1 1
12 0 0 0 0 0 1
83 2 1 2 1 1 1
86 7 1 0 1 1 1
9 4 0 1 0 0 0
78 0 1 1 2 1 1
12 0 0 0 0 0 1
81 2 1 4 1 2 1
49 3 0 2 2 0 1
12 0 0 0 0 0 1
95 4 3 1 3 1 1
12 0 0 0 0 0 1
31 3 3 2 2 0 0
69 6 1 1 2 1 1
82 2 1 2 0 0 2
12 0 0 0 0 0 1
12 0 0 0 0 0 1
96 2 0 2 0 0 2
77 2 0 1 0 1 1
33 1 1 2 0 1 0
12 0 0 0 0 0 1
12 0 0 0 0 0 1
12 0 0 0 0 0 1
61 2 2 1 0 0 1
12 0 0 0 0 0 1
37 3 1 1 1 1 0
81 2 0 2 2 0 1
12 0 0 0 0 0 1
44 3 2 0 1 1 1
23 2 1 0 2 0 0
96 3 3 2 1 0 2
12 0 0 0 0 0 1
9 0 0 1 1 0 0
72 2 5 2 3 1 0
75 4 1 1 2 2 1
12 0 0 0 0 0 1
52 2 2 2 1 0 1
12 0 0 0 0 0 1
12 0 0 0 0 0 1
12 0 0 0 0 0 1
36 4 3 1 0 1 1
12 0 0 0 0 0 1
52 0 3 0 0 0 1
7 4 0 0 0 0 1
30 2 3 0 0 0 1
12 0 0 0 0 0 1
89 0 3 2 1 1 1
54 5 2 3 1 1 0
80 7 4 5 2 1 0
49 1 1 0 0 0 1
12 0 0 0 0 0 1
12 0 0 0 0 0 1
12 0 0 0 0 0 1
62 3 4 2 3 1 0
76 3 4 7 3 0 0
83 3 0 0 6 1 0
65 6 0 3 1 2 0
31 3 2 0 1 1 0
5 1 0 0 0 0 1
79 5 1 2 2 1 1
12 0 0 0 0 0 1
83 7 3 2 2 2 0
79 3 3 2 2 0 1
87 4 3 0 1 1 1
12 0 0 0 0 0 1
12 0 0 0 0 0 1
29 0 0 2 1 0 1
16 1 2 0 0 1 0
85 2 1 6 2 1 1
99 4 2 0 1 2 1
12 0 0 0 0 0 1
99 4 1 3 2 1 1
99 2 1 1 0 0 2
34 4 3 1 2 0 0
75 1 2 0 1 3 0
12 0 0 0 0 0 1
40 2 1 1 3 0 1
12 0 0 0 0 0 1
9 2 0 0 0 0 1
87 1 0 0 3 0 2
76 3 3 2 2 2 0
12 0 0 0 0 0 1
12 0 0 0 0 0 1
12 0 0 0 0 0 1
12 0 0 0 0 0 1
12 0 0 0 0 0 1
82 1 3 1 5 1 0
44 1 1 0 0 1 1
62 4 2 1 2 2 0
12 0 0 0 0 0 1
24 4 3 1 1 0 0
98 3 2 1 1 0 2
12 0 0 0 0 0 1
12 0 0 0 0 0 1
12 0 0 0 0 0 1
95 0 2 2 0 4 1
38 3 3 3 2 0 0
12 0 0 0 0 0 1
21 3 2 1 1 0 0
35 3 4 0 1 0 1
27 2 0 1 1 1 0
30 1 0 0 0 1 1
12 0 0 0 0 0 1
94 3 3 1 1 1 1
12 0 0 0 0 0 1
98 2 0 2 1 1 2
53 3 1 1 2 1 1
33 2 1 1 0 2 0
30 0 0 0 1 1 0
12 0 0 0 0 0 1
12 0 0 0 0 0 1
54 0 1 1 1 2 0
37 3 2 2 0 0 1
76 5 1 0 4 1 1
12 0 0 0 0 0 1
22 1 1 2 0 1 0
12 0 0 0 0 0 1
94 0 2 2 1 1 1
55 3 2 3 4 0 0
40 2 0 0 0 1 1
88 1 1 2 2 2 1
58 2 0 0 1 0 1
38 0 3 0 1 1 1
12 0 0 0 0 0 1
12 0 0 0 0 0 1
63 3 3 0 0 1 1
98 3 5 1 1 1 1
12 0 0 0 0 0 1
12 0 0 0 0 0 1
5 4 1 0 0 0 0
12 0 0 0 0 0 1
12 0 0 0 0 0 1
13 2 0 0 1 0 1
35 4 1 1 1 1 0
24 2 1 2 0 1 0
43 2 0 1 1 2 0
96 2 2 4 0 1 1
66 3 4 2 0 0 1
72 1 3 1 1 0 1
12 0 0 0 0 0 1
75 2 2 0 0 3 1
44 2 1 1 0 0 1
12 0 0 0 0 0 1
12 0 0 0 0 0 1
73 4 1 2 0 1 1
39 1 0 1 1 0 1
98 0 4 0 3 2 1
59 1 1 0 2 0 1
12 0 0 0 0 0 1
90 1 2 0 1 1 2
12 0 0 0 0 0 1
12 0 0 0 0 0 1
39 0 4 3 1 1 0
92 2 1 0 0 2 1
12 0 0 0 0 0 1
12 0 0 0 0 0 1
56 1 0 1 1 2 0
12 0 0 0 0 0 1
90 4 4 2 0 0 2
14 1 2 0 0 0 1
76 8 2 4 4 1 0
12 0 0 0 0 0 1
67 1 5 2 3 1 0
10 1 0 1 0 1 0
12 0 0 0 0 0 1
67 4 1 0 3 1 1
12 0 0 0 0 0 1
23 3 2 3 1 0 0
12 0 0 0 0 0 1
12 0 0 0 0 0 1
12 0 0 0 0 0 1
80 6 5 1 2 2 0
12 0 0 0 0 0 1
12 0 0 0 0 0 1
48 6 5 1 2 1 0
74 3 1 3 3 1 1
91 1 1 0 1 0 2
12 0 0 0 0 0 1
41 3 4 2 1 0 1
12 0 0 0 0 0 1
12 0 0 0 0 0 1
12 0 0 0 0 0 1
12 0 0 0 0 0 1
12 0 0 0 0 0 1
12 0 0 0 0 0 1
99 0 1 0 0 2 2
96 4 5 1 2 1 1
12 0 1 0 1 0 0
12 0 0 0 0 0 1
93 1 0 2 2 3 1
84 3 3 5 3 1 0
12 0 0 0 0 0 1
70 6 3 1 1 1 1
62 1 2 1 3 2 0
33 0 0 0 0 0 1
44 4 0 0 0 0 1
12 0 0 0 0 0 1
12 0 0 0 0 0 1
12 0 0 0 0 0 1
42 3 3 1 1 0 1
61 2 2 3 0 1 1
49 0 3 2 2 1 0
12 0 0 0 0 0 1
46 4 1 0 2 1 0
12 0 0 0 0 0 1
75 4 1 0 1 1 1
80 9 3 1 4 1 0
12 0 0 0 0 0 1
72 1 0 2 0 2 1
77 1 3 2 0 1 1
19 1 2 0 0 0 1
12 0 0 0 0 0 1
86 3 3 2 1 1 1
76 2 2 0 0 1 1
45 1 0 1 1 0 1
12 0 0 0 0 0 1
12 0 0 0 0 0 1
56 0 2 1 0 2 1
74 3 5 5 2 0 1
73 4 2 2 3 2 0
18 3 4 2 0 0 0
12 0 0 0 0 0 1
12 0 0 0 0 0 1
12 0 0 0 0 0 1
62 2 2 2 1 1 1
12 0 0 0 0 0 1
43 2 3 1 1 1 0
12 0 0 0 0 0 1
12 0 0 0 0 0 1
54 3 2 1 1 1 1
12 0 0 0 0 0 1
12 0 0 0 0 0 1
12 0 0 0 0 0 1
12 0 0 0 0 0 1
44 1 3 0 2 1 0
72 1 1 1 1 1 1
12 0 0 0 0 0 1
12 0 0 0 0 0 1
10 0 0 0 0 1 0
57 1 2 0 0 0 2
17 2 1 1 0 1 0
52 4 2 4 1 0 1
77 2 0 1 0 1 1
60 1 1 0 0 1 1
12 0 0 0 0 0 1
78 1 3 4 0 3 0
14 2 1 2 0 0 0
12 0 0 0 0 0 1
12 0 0 0 0 0 1
12 0 0 0 0 0 1
34 2 3 1 2 0 1
68 0 1 2 0 2 1
92 0 1 0 0 1 2
83 2 2 1 2 1 1
12 0 0 0 0 0 1
12 0 0 0 0 0 1
43 6 3 2 2 0 1
32 2 1 2 0 0 1
84 6 4 0 2 0 1
13 1 0 0 0 0 1
63 1 0 0 0 0 2
40 1 0 1 0 1 1
12 0 0 0 0 0 1
30 1 0 1 2 0 1
12 0 0 0 0 0 1
79 2 1 0 0 1 2
12 0 0 0 0 0 1
12 0 0 0 0 0 1
69 5 2 1 2 0 1
12 0 0 0 0 0 1
30 3 1 1 0 1 0
40 5 2 0 0 1 1
38 3 4 4 0 0 1
12 0 0 0 0 0 1
12 0 0 0 0 0 1
46 4 1 0 1 0 1
62 0 3 2 0 2 1
12 0 0 0 0 0 1
12 0 0 0 0 0 1
6 1 1 1 0 0 0
12 0 0 0 0 0 1
77 1 6 2 0 1 1
12 0 0 0 0 0 1
33 5 3 1 1 1 0
12 0 0 0 0 0 1
84 1 3 0 0 2 1
12 0 0 0 0 0 1
54 2 1 1 1 0 1
72 4 5 1 1 3 0
12 0 0 0 0 0 1
6 3 2 0 0 0 0
56 4 0 3 2 1 0
59 5 4 2 3 1 0
20 3 1 3 0 0 0
12 0 0 0 0 0 1
81 4 1 1 2 0 1
12 0 0 0 0 0 1
12 0 0 0 0 0 1
12 0 0 0 0 0 1
86 5 3 2 0 1 1
12 0 0 0 0 0 1
12 0 0 0 0 0 1
89 7 3 0 1 1 1
94 1 4 1 1 1 1
12 0 0 0 0 0 1
35 2 0 0 1 1 1
70 1 3 2 0 0 2
54 3 3 3 0 1 1
91 6 3 0 3 2 1
12 0 0 0 0 0 1
12 0 0 0 0 0 1
12 0 0 0 0 0 1
12 0 0 0 0 0 1
79 1 2 4 1 1 1
12 0 0 0 0 0 1
12 0 0 0 0 0 1
69 2 3 1 0 2 1
12 0 0 0 0 0 1
6 2 1 1 0 0 0
12 0 0 0 0 0 1
15 1 3 0 0 1 0
20 11 4 1 0 0 0
12 0 0 0 0 0 1
12 0 0 0 0 0 1
12 0 0 0 0 0 1
12 0 0 0 0 0 1
65 4 3 2 0 0 1
94 5 3 5 3 0 1
12 0 0 0 0 0 1
94 2 4 4 1 3 0
36 4 1 4 1 0 0
69 2 1 4 0 1 1
36 1 0 2 2 1 0
12 0 0 0 0 0 1
46 2 1 3 1 0 1
78 2 2 1 1 0 2
6 0 1 0 0 0 1
95 3 1 0 2 1 1
93 2 3 3 3 2 0
78 5 0 0 1 2 1
90 1 0 0 0 0 2
61 2 1 3 1 1 1
42 1 0 2 1 2 0
12 0 0 0 0 0 1
33 5 3 5 0 0 0
24 2 1 0 1 1 0
73 2 1 1 3 2 0
12 0 0 0 0 0 1
57 2 1 0 1 0 1
12 0 0 0 0 0 1
23 2 2 0 1 1 0
77 4 1 1 0 0 2
71 4 4 0 1 1 1
33 2 2 2 2 0 0
12 0 0 0 0 0 1
76 1 3 0 0 2 1
12 0 0 0 0 0 1
29 2 2 1 0 0 1
12 0 0 0 0 0 1
74 3 2 3 1 0 1
36 0 1 1 1 1 0
62 2 3 0 1 3 0
74 3 1 2 1 3 0
83 2 3 1 1 3 0
12 0 0 0 0 0 1
48 0 1 1 0 2 1
99 3 3 4 3 2 0
12 0 0 0 0 0 1
12 0 0 0 0 0 1
12 0 0 0 0 0 1
50 2 2 2 0 2 0
64 1 3 1 0 1 1
12 0 0 0 0 0 1
67 5 3 6 0 1 1
79 0 3 0 0 0 2
28 0 0 0 0 0 1
19 2 1 1 0 1 0
53 1 1 0 0 0 1
59 1 4 0 0 0 1
12 0 0 0 0 0 1
52 2 1 2 2 1 0
12 0 0 0 0 0 1
12 0 0 0 0 0 1
12 0 0 0 0 0 1
75 1 2 0 0 1 1
89 2 5 1 0 2 1
39 4 2 1 0 1 1
70 5 4 3 1 2 0
83 1 2 0 3 0 1
88 1 4 1 2 1 1
12 0 0 0 0 0 1
73 1 3 0 2 0 1
12 0 0 0 0 0 1
7 3 0 1 0 0 0
45 2 3 0 1 0 1
12 0 0 0 0 0 1
56 0 6 0 4 0 1
8 2 2 1 0 0 0
47 2 0 1 4 0 0
12 0 0 0 0 0 1
12 0 0 0 0 0 1
36 2 4 2 1 0 1
86 3 2 0 2 2 1
73 2 6 2 1 2 0
35 5 2 0 1 0 1
12 0 0 0 0 0 1
12 0 0 0 0 0 1
12 0 0 0 0 0 1
12 0 0 0 0 0 1
49 1 2 1 1 0 1
12 0 0 0 0 0 1
12 0 0 0 0 0 1
12 0 0 0 0 0 1
45 1 2 2 3 0 0
12 0 0 0 0 0 1
97 7 5 5 5 1 0
32 0 1 0 1 1 0
12 0 0 0 0 0 1
12 0 0 0 0 0 1
96 2 4 1 2 2 1
51 2 0 2 0 1 1
83 4 1 1 2 2 1
62 1 1 0 1 2 1
12 0 0 0 0 0 1
95 5 5 1 1 0 2
25 3 2 1 0 0 1
57 2 0 1 4 1 0
26 1 1 0 0 0 1
59 3 4 0 5 0 0
12 0 0 0 0 0 1
12 0 0 0 0 0 1
12 0 0 0 0 0 1
12 0 0 0 0 0 1
12 0 0 0 0 0 1
31 4 1 3 1 0 0
12 0 0 0 0 0 1
12 0 0 0 0 0 1
8 2 2 1 0 0 0
12 0 0 0 0 0 1
12 0 0 0 0 0 1
31 3 4 2 1 0 0
61 6 4 2 3 1 0
40 3 2 2 2 0 1
32 3 0 0 0 0 1
71 1 1 2 1 2 1
12 0 0 0 0 0 1
84 4 0 2 1 3 0
17 0 0 1 1 0 1
74 2 1 3 2 2 0
62 5 4 3 2 1 0
61 3 5 1 1 1 1
46 6 5 3 1 1 0
61 3 1 0 1 3 0
54 1 5 1 0 0 1
12 0 0 0 0 0 1
12 0 0 0 0 0 1
60 1 4 1 2 2 0
57 4 4 1 2 1 0
12 0 0 0 0 0 1
66 2 2 4 2 1 0
12 0 0 0 0 0 1
12 0 0 0 0 0 1
15 1 0 1 0 1 0
72 1 4 4 0 2 1
12 0 0 0 0 0 1
12 0 0 0 0 0 1
34 2 1 2 2 0 0
47 4 0 2 0 0 1
12 0 0 0 0 0 1
12 0 0 0 0 0 1
12 0 0 0 0 0 1
12 0 0 0 0 0 1
24 2 1 2 0 0 1
83 3 0 2 2 0 1
35 1 2 1 0 0 1
27 2 0 1 0 1 0
40 1 0 2 1 0 1
12 0 0 0 0 0 1
18 4 5 1 0 0 0
86 3 3 3 3 2 0
12 0 0 0 0 0 1
12 0 0 0 0 0 1
12 0 0 0 0 0 1
43 1 1 0 1 0 1
12 0 0 0 0 0 1
12 0 0 0 0 0 1
38 1 1 1 1 1 0
21 5 0 0 1 0 1
99 5 5 0 2 0 2
30 5 3 1 1 1 0
12 0 0 0 0 0 1
12 0 0 0 0 0 1
12 0 0 0 0 0 1
69 4 4 2 3 0 1
24 3 3 1 1 0 0
12 0 0 0 0 0 1
38 3 0 2 3 0 0
12 0 0 0 0 0 1
29 1 1 1 2 1 0
27 2 2 2 2 0 0
12 0 0 0 0 0 1
12 0 0 0 0 0 1
12 0 0 0 0 0 1
67 2 1 2 3 0 1
24 3 5 0 0 1 0
16 1 1 2 1 0 0
97 2 3 2 1 1 1
12 0 0 0 0 0 1
12 0 0 0 0 0 1
84 0 2 0 1 1 1
41 3 1 2 1 1 0
69 2 1 2 2 2 0
14 0 0 0 0 0 1
12 0 0 0 0 0 1
27 2 0 1 2 0 0
69 3 3 3 1 1 1
12 0 0 0 0 0 1
93 2 3 3 1 3 0
7 1 1 1 0 0 0
12 0 0 0 0 0 1
67 1 3 4 2 1 0
79 0 0 0 0 3 1
12 0 0 0 0 0 1
12 0 0 0 0 0 1
12 0 0 0 0 0 1
20 1 2 1 1 0 0
66 2 2 2 1 1 1
84 2 0 2 1 1 1
10 1 0 0 0 0 1
93 4 3 0 2 4 0
12 0 0 0 0 0 1
94 2 1 1 2 0 2
72 5 3 2 4 0 1
3 1 0 0 0 0 1
10 2 0 1 0 1 0
77 1 3 2 0 1 1
40 4 0 0 0 0 1
12 0 0 0 0 0 1
76 0 3 0 1 1 1
12 0 0 0 0 0 1
13 2 1 2 0 0 0
12 0 0 0 0 0 1
85 4 4 3 1 1 1
30 1 2 1 0 1 0
80 1 2 1 2 0 1
12 0 0 0 0 0 1
54 4 0 0 0 0 1
84 3 1 1 0 2 1
22 3 1 1 0 0 1
27 4 4 1 1 0 0
35 1 1 0 1 0 1
12 0 0 0 0 0 1
58 2 1 0 1 1 1
68 4 4 0 1 1 1
12 0 0 0 0 0 1
12 0 0 0 0 0 1
32 3 0 0 0 0 1
88 2 1 3 0 1 1
12 0 0 0 0 0 1
12 0 0 0 0 0 1
45 2 0 1 1 0 1
23 1 1 0 2 0 0
12 0 0 0 0 0 1
76 3 0 0 2 0 2
12 0 0 0 0 0 1
53 0 0 1 0 0 1
12 0 0 0 0 0 1
81 2 4 2 2 3 0
74 8 3 2 2 1 1
12 0 0 0 0 0 1
31 1 3 0 2 1 0
12 0 0 0 0 0 1
17 1 1 1 1 0 0
26 4 2 0 0 0 1
4 2 0 0 0 0 1
10 7 2 0 0 0 0
12 0 0 0 0 0 1
12 0 0 0 0 0 1
54 0 1 2 1 2 0
88 9 8 3 2 1 1
85 2 1 2 2 1 1
12 0 0 0 0 0 1
84 3 4 3 1 0 1
12 0 0 0 0 0 1
28 1 0 0 0 1 1
65 2 4 2 0 0 1
61 3 4 2 2 1 0
12 0 0 0 0 0 1
12 0 0 0 0 0 1
12 0 0 0 0 0 1
12 0 0 0 0 0 1
22 1 3 3 0 0 0
27 4 0 3 1 0 0
56 4 2 3 2 0 1
12 0 0 0 0 0 1
85 4 3 3 2 2 0
95 7 3 2 2 1 1
18 2 3 0 0 0 1
12 0 0 0 0 0 1
57 3 3 1 0 1 1
69 2 2 4 4 1 0
44 0 1 1 0 1 1
12 0 0 0 0 0 1
12 0 0 0 0 0 1
12 0 0 0 0 0 1
52 3 1 3 1 0 1
1 1 0 0 0 0 0
76 2 3 2 0 2 1
80 1 3 1 0 1 1
12 0 0 0 0 0 1
3 3 0 0 0 0 0
41 4 4 1 2 1 0
12 0 0 0 0 0 1
72 1 1 0 0 2 1
21 2 0 1 0 1 0
12 0 0 0 0 0 1
12 0 0 0 0 0 1
87 3 3 2 3 2 0
42 4 3 4 1 1 0
12 0 0 0 0 0 1
12 0 0 0 0 0 1
47 3 1 1 0 1 1
12 0 0 0 0 0 1
35 2 0 1 2 0 1
37 3 1 3 0 1 0
12 0 0 0 0 0 1
36 2 2 0 2 0 1
49 1 2 0 0 0 1
96 3 1 1 2 0 2
67 5 0 1 4 1 0
61 0 3 0 1 1 1
12 0 0 0 0 0 1
12 0 0 0 0 0 1
40 0 10 1 1 1 0
72 2 2 0 2 2 1
12 0 0 0 0 0 1
12 0 0 0 0 0 1
19 0 1 0 0 0 1
67 2 1 0 1 2 1
36 4 0 1 0 1 1
44 0 1 2 0 1 1
48 2 3 1 2 0 1
48 1 3 1 0 0 1
13 2 3 1 0 0 0
50 0 0 0 0 0 1
30 2 1 0 2 0 1
29 2 1 1 1 1 0
70 2 4 4 2 0 1
63 0 4 1 5 0 0
12 0 0 0 0 0 1
12 0 0 0 0 0 1
25 2 3 2 0 0 1
12 0 0 0 0 0 1
12 0 0 0 0 0 1
12 0 0 0 0 0 1
12 0 0 0 0 0 1
51 2 2 1 0 2 0
98 1 2 2 1 2 1
12 0 0 0 0 0 1
77 4 2 3 1 0 1
12 0 0 0 0 0 1
12 0 0 0 0 0 1
53 6 4 1 2 1 0
12 0 0 0 0 0 1
92 4 3 4 4 2 0
40 3 2 2 0 2 0
29 2 1 4 1 0 0
76 3 3 0 0 3 1
17 6 3 1 0 0 0
81 1 0 0 2 3 0
12 0 0 0 0 0 1
30 8 6 2 0 0 0
60 5 1 1 0 0 1
57 2 2 0 1 0 1
12 0 0 0 0 0 1
12 0 0 0 0 0 1
45 0 0 0 0 0 1
77 3 2 0 2 1 1
12 0 0 0 0 0 1
25 1 1 0 0 0 1
65 6 0 1 2 1 1
45 5 1 0 3 1 0
12 0 0 0 0 0 1
88 0 1 0 1 1 2
12 0 0 0 0 0 1
72 4 2 1 0 1 1
12 0 0 0 0 0 1
12 0 0 0 0 0 1
24 4 2 1 0 0 1
12 0 0 0 0 0 1
53 4 2 5 0 1 0
26 1 4 0 0 1 0
41 0 0 1 1 0 1
11 1 0 2 0 0 0
12 0 0 0 0 0 1
12 0 0 0 0 0 1
36 1 0 3 1 1 0
12 0 0 0 0 0 1
12 0 0 0 0 0 1
35 2 0 1 0 0 1
12 0 0 0 0 0 1
93 5 1 3 1 1 1
12 0 0 0 0 0 1
98 1 5 3 2 2 1
12 0 0 0 0 0 1
86 5 4 4 2 2 0
12 0 0 0 0 0 1
80 4 4 1 0 1 1
83 3 2 1 2 2 1
12 0 0 0 0 0 1
12 0 0 0 0 0 1
91 4 3 2 1 2 1
12 0 0 0 0 0 1
12 0 0 0 0 0 1
86 2 2 2 2 3 0
10 3 3 1 0 0 0
93 1 4 0 2 1 1
45 3 3 2 0 2 0
12 0 0 0 0 0 1
65 1 3 0 1 0 1
92 3 2 1 4 1 1
44 4 7 2 2 0 0
12 0 0 0 0 0 1
87 2 3 0 2 0 2
12 0 0 0 0 0 1
82 1 1 0 4 0 1
12 0 0 0 0 0 1
90 2 1 2 1 2 1
62 1 4 1 1 1 1
34 2 1 0 0 0 1
83 1 4 0 0 0 2
12 0 0 0 0 0 1
64 2 3 0 4 0 1
36 4 6 0 2 0 0
56 2 3 0 0 1 1
40 0 1 0 1 0 1
12 0 0 0 0 0 1
49 10 3 2 1 0 1
35 0 1 1 0 0 1
11 0 2 1 0 0 1
12 0 0 0 0 0 1
42 6 3 0 0 1 1
12 0 0 0 0 0 1
82 6 4 5 0 2 1
12 0 0 0 0 0 1
98 2 3 0 0 2 1
9 1 4 0 0 0 0
26 5 1 1 0 1 0
62 0 3 0 1 1 1
12 0 0 0 0 0 1
80 4 0 4 1 2 1
40 2 0 1 1 1 1
12 0 0 0 0 0 1
98 3 1 1 4 1 1
28 1 8 3 0 0 0
12 0 0 0 0 0 1
12 0 0 0 0 0 1
12 0 0 0 0 0 1
91 8 4 3 2 2 0
12 0 0 0 0 0 1
50 0 0 1 1 1 1
24 3 2 2 1 0 0
12 0 0 0 0 0 1
81 5 2 3 0 1 1
42 1 2 1 1 2 0
40 7 3 1 0 1 1
68 2 1 1 0 1 1
8 2 2 0 0 1 0
13 2 0 0 0 0 1
3 2 1 0 0 0 0
12 0 0 0 0 0 1
65 3 2 0 2 0 1
21 2 0 0 0 1 0
19 1 0 0 0 1 0
12 0 0 0 0 0 1
47 5 2 0 1 0 1
12 0 0 0 0 0 1
12 0 0 0 0 0 1
46 2 2 1 2 0 1
12 0 0 0 0 0 1
12 0 0 0 0 0 1
21 0 2 0 1 1 0
7 2 0 1 0 0 0
12 0 0 0 0 0 1
54 2 0 1 0 1 1
87 4 2 4 3 1 1
94 3 3 1 1 1 1
96 3 5 2 3 1 1
12 0 0 0 0 0 1
57 1 1 0 0 2 1
12 0 0 0 0 0 1
12 0 0 0 0 0 1
12 0 0 0 0 0 1
88 3 2 1 0 3 1
12 0 0 0 0 0 1
12 0 0 0 0 0 1
96 2 2 3 2 3 0
79 8 2 0 0 0 2
26 1 1 0 1 0 1
12 0 0 0 0 0 1
14 3 2 1 0 0 1
86 5 4 2 0 3 1
94 4 2 1 0 1 2
80 3 2 0 1 2 1
88 1 1 3 2 0 1
12 0 0 0 0 0 1
59 6 6 1 0 1 1
12 0 0 0 0 0 1
94 3 2 2 2 1 1
14 0 3 1 1 0 0
12 0 0 0 0 0 1
34 1 1 2 1 0 1
89 1 1 0 0 0 2
42 3 2 2 1 0 1
12 0 0 0 0 0 1
12 0 0 0 0 0 1
72 5 4 3 1 1 1
34 1 0 1 0 0 1
57 2 5 0 3 0 1
28 3 1 0 0 0 1
42 1 2 1 0 0 1
35 7 3 1 1 1 0
12 0 0 0 0 0 1
51 1 2 1 0 2 1
81 3 2 0 2 0 2
57 5 2 2 3 0 1
12 0 0 0 0 0 1
11 1 1 0 0 1 0
12 0 0 0 0 0 1
98 6 4 3 2 2 1
31 1 2 1 0 0 1
51 2 2 1 2 0 1
12 0 0 0 0 0 1
63 2 5 2 4 1 0
82 3 2 0 3 0 1
51 0 0 3 1 2 0
43 1 2 3 3 0 0
12 0 0 0 0 0 1
34 0 2 2 0 1 0
90 1 4 3 2 1 1
12 0 0 0 0 0 1
48 4 1 0 1 0 1
8 0 0 0 0 0 1
85 5 3 2 0 1 1
12 0 0 0 0 0 1
12 0 0 0 0 0 1
12 0 0 0 0 0 1
18 1 1 3 0 0 0
12 0 0 0 0 0 1
12 0 0 0 0 0 1
60 5 3 4 1 0 1
91 2 2 3 2 0 1
67 5 5 1 3 1 0
12 0 0 0 0 0 1
12 0 0 0 0 0 1
12 0 0 0 0 0 1
12 0 0 0 0 0 1
12 0 0 0 0 0 1
12 0 0 0 0 0 1
12 0 0 0 0 0 1
64 2 2 1 0 1 1
99 2 1 1 2 1 1
12 0 0 0 0 0 1
29 3 5 0 2 0 0
77 1 1 2 1 1 1
12 0 0 0 0 0 1
37 1 1 1 1 1 0
40 5 6 1 2 0 0
56 2 2 2 2 1 0
52 4 4 2 1 1 0
38 5 2 1 1 0 1
53 2 3 4 1 0 1
12 0 0 0 0 0 1
12 0 0 0 0 0 1
79 5 1 3 1 2 1
12 0 0 0 0 0 1
12 0 0 0 0 0 1
12 0 0 0 0 0 1
74 7 4 3 2 2 0
78 3 2 1 0 4 0
5 0 0 1 0 0 0
12 0 0 0 0 0 1
56 0 1 2 1 1 1
21 2 6 0 1 0 0
81 3 3 3 2 1 1
46 1 4 3 1 1 0
74 6 0 0 1 2 1
12 0 0 0 0 0 1
42 2 1 1 1 0 1
12 0 0 0 0 0 1
12 0 0 0 0 0 1
12 0 0 0 0 0 1
86 3 4 3 1 2 1
63 2 3 1 1 2 0
12 0 0 0 0 0 1
12 0 0 0 0 0 1
12 0 0 0 0 0 1
30 7 3 0 2 0 0
