84 13 16 52 67 63
1000
99 2 1 1 0 2 1
63 2 3 1 1 2 0
12 0 1 0 1 0 0
2 2 0 0 0 0 0
20 5 5 1 0 0 0
25 6 2 1 1 0 0
69 5 2 4 2 1 0
6 1 0 1 0 0 0
15 0 0 3 0 0 0
81 3 4 2 1 0 1
78 3 0 3 1 0 1
40 3 1 3 2 0 0
64 0 2 2 0 0 1
37 0 1 3 2 0 0
61 0 3 3 0 2 0
41 2 2 1 1 1 0
39 2 1 5 1 0 0
6 2 2 0 0 0 0
37 6 3 1 2 0 0
25 0 0 1 0 1 0
47 0 1 1 2 1 0
42 0 1 2 1 1 0
52 1 3 1 2 1 0
42 2 0 2 3 0 0
84 2 1 4 2 2 0
10 1 2 1 0 0 0
69 6 4 1 0 0 1
22 0 1 0 2 0 0
40 6 2 0 1 1 0
79 4 0 3 1 0 1
28 1 1 1 0 1 0
11 1 0 0 1 0 0
90 2 4 2 3 2 0
44 4 0 0 2 1 0
14 2 1 0 1 0 0
90 4 3 0 1 1 1
15 3 1 0 1 0 0
45 1 2 2 1 1 0
72 5 1 3 1 2 0
15 1 2 0 1 0 0
73 1 1 0 0 1 1
38 3 0 3 0 1 0
67 3 2 4 0 2 0
46 2 2 0 2 1 0
10 0 0 0 1 0 0
13 1 1 0 1 0 0
66 1 0 3 1 2 0
7 2 0 1 0 0 0
35 5 0 2 0 1 0
17 1 3 2 0 0 0
60 0 0 2 0 0 1
93 1 1 0 2 1 1
2 0 1 0 0 0 0
83 1 1 2 0 1 1
20 13 1 1 0 0 0
43 5 4 2 2 0 0
35 1 2 0 1 1 0
5 1 2 0 0 0 0
4 2 1 0 0 0 0
77 4 4 1 2 2 0
45 2 4 3 0 1 0
84 5 2 1 0 1 1
21 2 2 3 0 0 0
17 1 3 2 0 0 0
4 2 1 0 0 0 0
99 2 1 1 0 2 1
34 0 2 4 1 0 0
27 2 0 1 2 0 0
89 3 3 2 0 1 1
34 4 0 2 0 1 0
86 5 3 3 1 0 1
21 1 0 0 2 0 0
16 1 0 1 1 0 0
44 0 2 4 0 1 0
96 3 4 5 0 3 0
85 2 4 3 2 2 0
3 1 1 0 0 0 0
42 2 10 0 0 1 0
89 0 2 3 3 2 0
90 5 0 1 3 0 1
3 1 1 0 0 0 0
38 3 0 1 1 1 0
62 3 2 1 3 1 0
7 2 0 1 0 0 0
11 2 2 1 0 0 0
8 2 3 0 0 0 0
50 2 4 2 1 1 0
99 3 3 4 1 3 0
35 1 2 0 3 0 0
29 4 0 1 0 1 0
27 1 3 0 2 0 0
20 1 2 1 1 0 0
9 2 1 1 0 0 0
99 3 3 4 0 1 1
7 3 2 0 0 0 0
85 2 4 1 2 0 1
15 1 2 2 0 0 0
36 2 2 4 1 0 0
38 4 2 0 1 1 0
47 2 5 1 1 1 0
95 2 4 5 1 0 1
37 3 2 2 0 1 0
88 2 3 0 1 1 1
81 3 4 2 1 0 1
33 3 0 2 2 0 0
82 5 1 1 3 2 0
1 1 0 0 0 0 0
8 4 2 0 0 0 0
18 3 0 1 1 0 0
36 4 1 0 1 1 0
27 4 4 1 1 0 0
9 2 1 1 0 0 0
16 0 3 0 1 0 0
63 1 1 2 0 0 1
77 2 0 1 0 1 1
77 4 4 3 1 2 0
84 6 4 0 2 0 1
33 3 0 0 3 0 0
23 3 0 0 0 1 0
12 3 2 1 0 0 0
60 3 1 1 0 0 1
97 2 5 1 3 0 1
89 2 1 1 1 1 1
57 2 5 1 2 1 0
42 5 1 1 1 1 0
33 1 1 2 2 0 0
50 0 0 0 3 1 0
80 6 2 0 2 0 1
55 1 2 2 2 1 0
1 1 0 0 0 0 0
86 1 5 3 1 0 1
90 7 4 5 1 2 0
79 5 2 0 2 0 1
58 4 2 0 0 0 1
49 2 1 1 2 1 0
63 3 0 2 1 2 0
22 2 0 0 0 1 0
26 1 0 3 1 0 0
79 3 3 2 1 0 1
11 1 0 0 1 0 0
34 2 1 2 0 1 0
35 1 2 2 2 0 0
57 1 3 0 0 0 1
5 1 2 0 0 0 0
49 2 6 3 0 1 0
3 1 1 0 0 0 0
39 2 1 1 1 1 0
51 1 0 0 0 0 1
55 2 4 1 2 1 0
75 2 4 3 3 1 0
85 1 2 0 1 1 1
71 2 2 1 1 0 1
33 1 1 2 0 1 0
71 1 0 2 1 0 1
94 3 3 1 2 3 0
92 3 7 3 2 2 0
22 3 2 1 1 0 0
92 6 3 2 2 0 1
2 0 1 0 0 0 0
94 3 3 1 1 1 1
49 5 2 2 3 0 0
50 1 2 1 2 1 0
87 5 1 2 0 1 1
30 0 0 2 2 0 0
54 4 0 2 2 1 0
39 3 3 0 1 1 0
68 1 1 1 0 3 0
83 1 1 0 1 1 1
42 4 4 2 2 0 0
37 5 1 4 1 0 0
61 3 4 2 0 2 0
54 2 1 4 3 0 0
91 0 8 3 2 2 0
54 3 3 1 2 1 0
64 0 2 2 3 1 0
13 1 1 0 1 0 0
59 3 3 4 3 0 0
95 4 3 1 4 2 0
35 0 0 1 3 0 0
94 5 2 3 3 2 0
12 2 0 0 1 0 0
94 2 1 2 1 1 1
82 2 5 2 1 0 1
63 3 0 2 1 2 0
7 1 3 0 0 0 0
22 1 3 1 1 0 0
80 4 3 6 0 2 0
75 3 1 0 0 1 1
57 3 2 0 0 0 1
1 1 0 0 0 0 0
69 5 2 2 0 0 1
69 2 1 3 0 0 1
83 2 3 1 2 0 1
74 0 2 0 0 1 1
38 1 1 1 1 1 0
82 0 1 0 1 1 1
79 1 4 0 0 1 1
57 2 5 1 2 1 0
69 2 1 1 2 2 0
31 1 0 0 3 0 0
83 2 3 1 1 3 0
40 3 1 1 3 0 0
20 3 1 3 0 0 0
93 4 2 1 1 1 1
8 2 3 0 0 0 0
90 3 1 1 1 1 1
88 0 4 0 1 1 1
2 0 1 0 0 0 0
33 2 3 1 0 1 0
29 3 3 4 0 0 0
70 4 3 2 0 0 1
93 1 1 2 0 4 0
44 2 1 0 0 2 0
36 2 2 0 1 1 0
17 5 1 2 0 0 0
25 3 1 0 2 0 0
34 2 1 2 0 1 0
97 5 1 4 7 0 0
62 0 1 2 1 2 0
63 1 1 0 2 2 0
62 2 5 2 4 0 0
18 0 4 2 0 0 0
34 2 1 2 2 0 0
3 1 1 0 0 0 0
25 5 0 2 1 0 0
84 10 2 6 2 1 0
9 0 2 1 0 0 0
39 3 3 0 3 0 0
21 2 2 1 1 0 0
92 3 2 5 4 1 0
79 5 2 2 2 2 0
45 5 5 0 1 1 0
71 2 2 3 0 0 1
17 1 3 0 1 0 0
14 0 2 2 0 0 0
89 7 1 2 3 2 0
9 2 1 1 0 0 0
41 4 1 1 1 1 0
17 2 5 1 0 0 0
18 1 1 1 1 0 0
43 1 6 0 1 1 0
83 3 0 2 2 0 1
62 4 4 4 1 1 0
96 2 2 4 0 1 1
56 2 2 0 0 0 1
88 1 1 1 1 1 1
41 2 2 3 2 0 0
58 3 5 1 2 1 0
22 2 5 0 1 0 0
44 0 2 2 1 1 0
11 0 3 1 0 0 0
84 5 2 7 0 2 0
67 4 4 5 1 1 0
82 3 2 1 0 1 1
2 2 0 0 0 0 0
96 3 9 5 3 1 0
56 2 2 0 1 2 0
87 0 1 1 2 3 0
55 2 4 1 2 1 0
84 7 1 1 1 3 0
51 1 0 2 0 2 0
66 2 2 2 3 1 0
48 2 3 2 1 1 0
18 4 2 0 1 0 0
97 2 5 1 1 1 1
63 2 3 1 0 0 1
44 2 1 0 2 1 0
42 2 5 2 0 1 0
28 1 1 1 0 1 0
76 4 1 4 1 2 0
7 0 1 1 0 0 0
89 2 1 1 1 1 1
44 4 0 2 1 1 0
20 3 1 1 1 0 0
83 6 1 1 0 1 1
88 5 4 3 4 1 0
8 0 4 0 0 0 0
17 4 4 1 0 0 0
99 2 1 3 1 1 1
46 2 2 0 2 1 0
12 3 2 1 0 0 0
77 1 3 2 1 0 1
28 0 4 0 0 1 0
41 3 4 2 0 1 0
27 0 1 1 0 1 0
62 0 1 0 1 0 1
42 3 2 3 2 0 0
97 3 2 0 2 1 1
90 1 2 1 3 0 1
30 0 0 0 1 1 0
49 1 4 2 1 1 0
66 2 2 2 1 2 0
49 5 2 2 1 1 0
14 2 1 0 1 0 0
45 3 1 2 3 0 0
13 0 4 1 0 0 0
48 6 6 2 2 0 0
73 6 1 1 1 0 1
72 5 1 1 0 3 0
6 2 2 0 0 0 0
23 4 2 3 0 0 0
50 4 3 2 1 1 0
73 0 4 1 0 3 0
75 2 4 3 0 0 1
16 5 3 1 0 0 0
2 2 0 0 0 0 0
61 4 1 1 1 2 0
75 4 3 3 0 0 1
7 1 3 0 0 0 0
99 1 4 6 2 2 0
25 3 1 0 2 0 0
86 4 1 2 2 0 1
10 4 3 0 0 0 0
34 3 3 1 2 0 0
50 0 0 2 0 2 0
75 2 4 1 1 0 1
55 2 4 1 0 2 0
42 0 1 0 0 2 0
73 4 2 1 2 2 0
88 3 5 5 5 0 0
29 4 0 1 0 1 0
45 2 4 3 0 1 0
54 3 3 1 0 2 0
39 4 5 1 0 1 0
97 4 4 3 3 2 0
12 2 0 2 0 0 0
87 0 1 1 1 1 1
91 0 3 1 2 3 0
38 4 2 2 2 0 0
23 1 1 0 0 1 0
8 1 1 1 0 0 0
70 5 0 3 3 1 0
14 1 4 1 0 0 0
22 2 0 0 2 0 0
37 3 2 4 1 0 0
78 3 5 1 1 0 1
34 1 4 1 0 1 0
94 3 3 1 1 1 1
88 4 2 4 1 0 1
17 2 0 1 1 0 0
35 3 1 2 2 0 0
52 1 3 1 0 2 0
55 3 1 2 2 1 0
53 2 3 1 0 2 0
64 2 1 2 1 2 0
28 2 3 4 0 0 0
17 7 0 0 1 0 0
76 2 2 2 1 0 1
88 1 6 3 1 0 1
38 3 0 1 1 1 0
61 1 0 2 3 1 0
45 1 2 0 0 2 0
18 3 0 1 1 0 0
4 4 0 0 0 0 0
92 3 2 1 1 1 1
78 5 4 1 1 0 1
88 3 0 1 2 3 0
98 4 2 4 2 0 1
2 0 1 0 0 0 0
43 4 2 1 1 1 0
48 1 1 3 1 1 0
69 5 7 2 2 1 0
52 4 4 2 1 1 0
46 2 2 4 2 0 0
77 3 2 4 3 1 0
5 1 2 0 0 0 0
50 0 0 0 0 0 1
54 3 3 1 0 2 0
78 6 1 2 1 0 1
96 5 3 1 3 0 1
12 2 0 2 0 0 0
36 4 1 2 2 0 0
59 5 7 2 1 1 0
69 2 1 1 1 0 1
81 5 3 2 1 0 1
52 2 0 0 1 2 0
76 2 2 2 1 0 1
83 1 1 0 2 3 0
4 2 1 0 0 0 0
76 2 2 0 3 2 0
18 2 3 2 0 0 0
73 1 1 0 0 1 1
13 3 0 0 1 0 0
39 2 1 1 1 1 0
48 5 4 3 0 1 0
5 1 2 0 0 0 0
51 4 1 1 2 1 0
81 0 3 3 4 1 0
13 1 1 2 0 0 0
59 2 1 3 2 1 0
59 1 4 2 2 1 0
56 2 2 0 0 0 1
32 1 3 1 0 1 0
97 5 6 0 0 4 0
57 2 0 1 0 0 1
89 8 3 1 1 3 0
90 3 1 1 1 1 1
94 2 1 0 2 1 1
43 2 3 1 1 1 0
34 4 0 2 2 0 0
50 3 1 1 0 2 0
3 3 0 0 0 0 0
61 2 2 1 0 0 1
12 0 1 0 1 0 0
85 1 2 2 0 1 1
74 3 3 1 1 0 1
22 2 0 0 0 1 0
15 3 1 0 1 0 0
74 0 2 0 0 1 1
30 4 3 2 1 0 0
70 3 1 1 1 0 1
5 3 1 0 0 0 0
86 6 0 6 5 0 0
97 3 2 4 3 2 0
1 1 0 0 0 0 0
24 2 1 2 1 0 0
40 0 0 0 0 2 0
10 0 0 0 1 0 0
91 4 1 3 0 1 1
32 2 0 0 1 1 0
9 2 1 1 0 0 0
52 1 3 1 0 2 0
92 4 4 2 3 2 0
88 7 3 3 4 1 0
89 3 3 2 1 3 0
99 0 2 5 3 2 0
44 2 1 2 1 1 0
86 2 2 2 2 0 1
41 2 2 3 0 1 0
6 1 0 1 0 0 0
63 6 1 1 0 0 1
56 2 2 0 0 0 1
10 1 2 1 0 0 0
87 3 2 2 0 1 1
30 3 1 1 0 1 0
83 5 4 2 1 0 1
23 1 1 0 0 1 0
16 2 2 0 1 0 0
75 3 1 0 0 1 1
8 1 1 1 0 0 0
11 1 0 2 0 0 0
74 3 3 1 1 0 1
18 1 1 1 1 0 0
35 3 1 2 2 0 0
15 3 1 0 1 0 0
95 8 1 1 6 1 0
67 0 1 1 4 1 0
13 2 3 1 0 0 0
81 4 1 3 2 2 0
39 2 1 1 1 1 0
99 2 1 3 2 3 0
52 0 1 0 3 1 0
72 2 5 2 0 0 1
93 4 2 1 1 1 1
66 5 3 3 0 2 0
63 1 1 2 0 0 1
67 3 2 2 0 0 1
87 0 1 1 1 1 1
36 3 4 3 1 0 0
82 3 2 1 0 1 1
91 2 2 1 1 1 1
32 3 2 3 1 0 0
47 4 4 3 0 1 0
70 5 5 1 1 2 0
43 4 2 1 1 1 0
81 2 2 1 2 0 1
22 2 0 2 1 0 0
79 0 2 1 0 1 1
58 1 1 1 0 0 1
49 5 2 0 2 1 0
83 2 3 3 1 0 1
84 6 4 2 2 2 0
91 2 2 1 1 1 1
76 0 3 0 2 0 1
27 4 4 1 1 0 0
18 1 1 3 0 0 0
52 3 2 1 2 1 0
15 2 4 1 0 0 0
68 1 1 1 0 3 0
49 2 1 1 2 1 0
46 1 0 1 0 2 0
34 3 3 1 0 1 0
72 7 5 3 0 2 0
56 2 2 0 3 1 0
8 3 0 1 0 0 0
50 0 0 0 1 2 0
15 3 1 0 1 0 0
87 0 1 5 2 2 0
43 9 2 4 1 0 0
17 1 3 2 0 0 0
39 6 4 1 2 0 0
39 3 3 0 3 0 0
25 0 0 1 0 1 0
16 1 0 3 0 0 0
29 9 0 0 0 1 0
57 5 1 0 1 2 0
87 0 1 1 1 1 1
13 1 1 0 1 0 0
48 2 3 2 3 0 0
19 2 1 1 1 0 0
31 1 0 0 3 0 0
50 0 0 0 0 0 1
96 1 0 3 3 0 1
52 0 1 0 0 0 1
5 1 2 0 0 0 0
36 4 1 0 3 0 0
35 1 2 0 3 0 0
27 2 0 1 2 0 0
2 2 0 0 0 0 0
63 2 3 5 3 0 0
58 4 2 2 2 1 0
77 3 2 6 2 1 0
26 1 0 1 2 0 0
64 3 3 3 4 0 0
1 1 0 0 0 0 0
16 1 0 1 1 0 0
34 0 2 0 1 1 0
38 2 3 0 1 1 0
12 0 1 0 1 0 0
75 2 4 1 2 2 0
24 2 1 2 1 0 0
8 6 1 0 0 0 0
72 3 2 1 1 0 1
75 1 2 0 0 1 1
24 2 1 2 1 0 0
98 0 4 0 2 1 1
51 1 0 0 0 0 1
54 2 1 0 1 2 0
93 1 1 0 4 0 1
49 3 3 0 2 1 0
57 2 0 1 3 1 0
91 2 2 1 1 1 1
38 1 1 1 1 1 0
95 3 1 0 0 2 1
19 4 0 1 1 0 0
82 4 4 4 1 2 0
80 4 3 0 3 2 0
63 0 4 1 1 2 0
4 2 1 0 0 0 0
54 4 0 0 0 0 1
18 1 1 1 1 0 0
91 3 4 2 1 3 0
8 3 0 1 0 0 0
75 5 0 4 1 2 0
42 4 4 6 0 0 0
39 2 1 1 3 0 0
20 3 1 1 1 0 0
57 3 2 2 2 1 0
51 1 0 0 0 0 1
80 3 6 3 3 1 0
66 4 6 2 2 1 0
60 4 3 0 0 0 1
28 1 1 1 0 1 0
59 3 3 4 1 1 0
54 8 3 2 1 1 0
27 6 3 1 1 0 0
88 10 4 4 1 2 0
49 4 0 1 0 2 0
47 5 1 2 1 1 0
14 2 1 2 0 0 0
38 2 3 2 0 1 0
52 3 2 3 1 1 0
44 4 5 2 0 1 0
80 3 1 3 0 3 0
81 1 0 0 1 1 1
62 3 2 3 0 2 0
1 1 0 0 0 0 0
55 4 3 7 1 0 0
9 1 4 0 0 0 0
69 3 3 2 1 2 0
57 0 1 1 3 1 0
94 2 1 2 1 1 1
47 2 5 1 1 1 0
83 4 2 1 5 1 0
53 3 0 0 0 0 1
90 3 1 1 3 0 1
32 5 1 3 1 0 0
88 3 0 1 1 1 1
54 2 1 6 0 1 0
67 3 2 0 1 0 1
92 2 0 2 2 3 0
90 1 7 3 2 2 0
36 1 0 1 1 1 0
28 1 1 1 0 1 0
94 0 2 0 2 1 1
67 3 2 4 2 1 0
37 2 0 1 1 1 0
44 4 5 2 2 0 0
7 3 2 0 0 0 0
52 0 1 0 0 0 1
28 1 1 1 0 1 0
31 2 2 3 1 0 0
26 1 0 1 2 0 0
39 4 5 1 2 0 0
94 6 4 4 2 2 0
64 1 4 1 1 2 0
6 1 0 1 0 0 0
76 2 2 0 0 1 1
34 2 1 2 0 1 0
36 1 0 3 0 1 0
85 1 2 2 2 0 1
62 0 1 2 0 0 1
41 2 2 1 1 1 0
39 8 3 1 0 1 0
77 3 2 2 6 0 0
86 4 1 2 2 0 1
6 2 2 0 0 0 0
55 3 1 0 1 2 0
56 0 3 0 0 0 1
19 5 2 2 0 0 0
82 3 2 1 1 3 0
82 2 0 2 0 1 1
16 1 0 1 1 0 0
67 0 1 1 1 0 1
18 2 3 2 0 0 0
25 1 2 0 0 1 0
17 1 3 0 1 0 0
81 6 0 3 0 3 0
91 1 0 6 4 1 0
92 0 1 0 0 2 1
34 6 4 2 1 0 0
36 4 1 0 1 1 0
75 2 4 1 2 2 0
3 1 1 0 0 0 0
91 2 2 3 0 1 1
76 1 5 1 2 2 0
96 2 2 2 2 3 0
86 5 3 5 1 2 0
38 3 0 1 3 0 0
7 2 0 1 0 0 0
63 4 2 5 1 1 0
25 4 3 3 0 0 0
68 2 3 2 3 1 0
24 0 2 0 2 0 0
66 1 0 1 1 0 1
74 1 4 1 1 0 1
80 1 2 3 2 2 0
64 2 1 2 1 2 0
25 0 0 1 2 0 0
79 3 3 2 1 0 1
17 3 2 2 0 0 0
17 5 1 2 0 0 0
44 5 2 1 1 1 0
83 4 2 3 1 0 1
66 4 1 2 0 0 1
39 1 4 2 2 0 0
95 8 6 1 0 1 1
11 2 2 1 0 0 0
32 5 1 3 1 0 0
44 1 4 1 3 0 0
59 2 1 1 1 2 0
35 4 3 1 0 1 0
75 5 5 0 1 0 1
64 4 5 4 1 1 0
4 2 1 0 0 0 0
87 6 3 1 0 1 1
10 5 0 1 0 0 0
62 2 0 0 1 0 1
84 4 5 2 1 0 1
68 2 3 4 2 1 0
9 4 0 1 0 0 0
54 7 1 5 0 1 0
1 1 0 0 0 0 0
59 9 0 2 2 1 0
95 3 1 2 1 1 1
4 2 1 0 0 0 0
38 5 4 1 2 0 0
91 2 2 3 0 1 1
11 4 1 1 0 0 0
21 2 2 1 1 0 0
64 6 4 2 0 2 0
92 4 4 2 5 1 0
71 2 2 1 1 0 1
97 3 2 2 1 1 1
57 2 0 1 0 0 1
54 3 3 9 0 0 0
31 4 1 1 2 0 0
90 1 2 1 1 1 1
60 6 2 2 0 2 0
45 8 1 3 2 0 0
84 2 1 2 0 1 1
87 3 2 6 3 1 0
42 1 3 3 2 0 0
59 2 1 5 1 1 0
23 1 1 2 1 0 0
45 4 3 1 1 1 0
45 1 2 0 2 1 0
47 5 6 0 3 0 0
2 0 1 0 0 0 0
5 1 2 0 0 0 0
58 4 2 0 1 2 0
33 1 1 2 0 1 0
1 1 0 0 0 0 0
92 3 2 3 0 1 1
80 4 3 2 1 0 1
87 2 5 3 1 0 1
66 4 1 2 0 0 1
23 1 1 0 0 1 0
48 3 5 3 2 0 0
94 5 2 3 0 1 1
95 1 2 2 0 4 0
25 0 0 1 2 0 0
87 5 1 0 3 0 1
75 8 1 1 2 2 0
8 4 2 0 0 0 0
1 1 0 0 0 0 0
1 1 0 0 0 0 0
31 1 0 0 1 1 0
32 3 2 1 2 0 0
14 2 1 2 0 0 0
67 1 3 4 0 2 0
6 2 2 0 0 0 0
92 3 2 5 2 2 0
28 0 4 0 0 1 0
86 4 1 2 2 0 1
53 3 0 0 0 0 1
58 1 1 1 1 2 0
89 2 1 1 1 1 1
26 5 3 1 1 0 0
46 2 2 2 1 1 0
7 2 0 1 0 0 0
10 3 1 1 0 0 0
35 3 1 0 1 1 0
31 4 1 1 0 1 0
22 0 1 0 2 0 0
57 3 2 4 1 1 0
3 1 1 0 0 0 0
59 3 3 2 2 1 0
29 3 3 2 1 0 0
4 0 2 0 0 0 0
98 1 6 3 2 0 1
3 1 1 0 0 0 0
12 0 1 0 1 0 0
19 4 0 1 1 0 0
48 2 3 2 1 1 0
65 2 4 3 0 2 0
34 0 2 0 3 0 0
88 1 1 3 0 1 1
70 7 4 3 2 1 0
96 1 5 1 1 1 1
10 1 2 1 0 0 0
85 3 1 2 0 1 1
75 4 3 3 0 0 1
92 1 3 1 1 1 1
58 5 4 1 0 2 0
11 4 1 1 0 0 0
91 1 0 0 2 1 1
99 3 3 2 1 1 1
9 0 2 1 0 0 0
25 4 3 3 0 0 0
13 3 0 2 0 0 0
36 4 1 2 2 0 0
4 2 1 0 0 0 0
43 4 2 3 2 0 0
8 3 0 1 0 0 0
3 3 0 0 0 0 0
78 4 2 0 0 1 1
32 7 5 1 1 0 0
99 0 2 3 1 1 1
39 9 5 4 0 0 0
38 4 2 2 0 1 0
31 0 3 1 2 0 0
46 2 2 0 2 1 0
48 3 5 5 1 0 0
11 1 0 2 0 0 0
21 1 0 0 0 1 0
60 4 3 4 1 1 0
2 0 1 0 0 0 0
18 2 3 2 0 0 0
93 2 3 3 0 1 1
85 2 4 1 3 2 0
57 3 2 0 0 0 1
24 5 2 3 0 0 0
64 3 3 3 0 2 0
72 2 0 0 1 3 0
83 2 3 1 0 1 1
30 1 2 5 0 0 0
15 3 1 0 1 0 0
26 2 2 0 0 1 0
83 4 2 3 0 3 0
10 2 4 0 0 0 0
43 2 3 5 1 0 0
10 5 0 1 0 0 0
28 2 3 0 0 1 0
69 1 4 2 3 1 0
19 2 1 1 1 0 0
10 3 1 1 0 0 0
39 2 1 1 1 1 0
63 3 5 4 1 1 0
98 1 1 1 2 1 1
26 2 2 4 0 0 0
56 1 0 1 0 0 1
47 1 3 2 1 1 0
10 0 0 0 1 0 0
77 4 4 1 4 1 0
87 0 1 1 1 1 1
5 0 0 1 0 0 0
40 0 5 2 0 1 0
98 3 0 1 2 1 1
69 6 4 1 3 1 0
59 4 5 1 2 1 0
14 2 1 0 1 0 0
76 5 3 1 2 2 0
50 2 4 0 2 1 0
60 1 2 1 0 0 1
93 4 2 1 3 0 1
2 0 1 0 0 0 0
53 3 0 2 2 1 0
99 2 1 3 1 1 1
89 8 3 1 5 1 0
32 1 3 1 2 0 0
40 1 2 1 1 1 0
25 0 0 1 0 1 0
39 2 1 3 0 1 0
37 2 0 1 1 1 0
83 5 4 2 0 3 0
34 3 3 1 0 1 0
68 3 0 3 3 1 0
26 1 0 1 2 0 0
29 4 5 3 0 0 0
34 0 2 4 1 0 0
4 2 1 0 0 0 0
35 7 4 0 0 1 0
70 2 4 2 0 0 1
29 3 3 2 1 0 0
83 5 4 4 0 0 1
23 1 1 2 1 0 0
58 4 2 4 1 1 0
57 2 0 1 3 1 0
61 4 1 3 2 1 0
19 2 1 3 0 0 0
10 1 2 1 0 0 0
79 0 2 3 4 1 0
65 1 2 0 1 0 1
71 1 5 0 1 0 1
9 2 1 1 0 0 0
42 3 2 1 1 1 0
79 5 2 4 3 1 0
45 3 1 0 2 1 0
54 3 3 1 4 0 0
26 2 2 0 0 1 0
90 3 1 1 1 1 1
45 0 0 1 2 1 0
74 2 1 2 1 0 1
64 3 3 3 0 2 0
66 4 1 2 0 0 1
7 2 0 1 0 0 0
27 2 0 1 0 1 0
63 4 2 1 0 0 1
98 2 3 0 1 4 0
30 3 1 1 0 1 0
16 2 2 0 1 0 0
67 3 2 0 2 2 0
43 2 3 1 3 0 0
47 5 1 2 3 0 0
39 0 2 1 3 0 0
17 0 1 3 0 0 0
27 0 1 1 0 1 0
30 3 1 1 0 1 0
65 3 1 2 0 0 1
30 3 1 1 0 1 0
4 2 1 0 0 0 0
76 6 5 2 5 0 0
90 6 2 0 2 3 0
37 1 3 4 1 0 0
91 2 2 3 2 0 1
28 1 1 1 2 0 0
95 2 4 1 2 3 0
79 2 1 1 2 0 1
31 2 2 1 0 1 0
49 3 3 2 1 1 0
82 6 3 4 1 2 0
62 2 0 2 0 0 1
39 5 2 0 1 1 0
27 3 2 0 2 0 0
73 1 1 2 2 2 0
4 4 0 0 0 0 0
79 1 4 0 2 0 1
71 1 0 0 0 1 1
77 3 2 2 0 3 0
24 3 3 1 1 0 0
85 0 0 3 0 1 1
61 2 2 1 3 1 0
65 1 2 0 1 0 1
38 3 0 1 1 1 0
78 2 3 0 2 0 1
75 1 2 0 2 0 1
14 3 3 1 0 0 0
43 1 1 0 2 1 0
54 2 1 0 0 0 1
48 1 1 3 1 1 0
79 2 1 3 1 0 1
38 3 0 1 3 0 0
35 3 1 0 1 1 0
66 6 5 4 1 1 0
70 3 1 3 3 1 0
15 0 0 3 0 0 0
16 4 1 2 0 0 0
15 1 2 2 0 0 0
28 5 4 3 0 0 0
55 0 0 1 0 0 1
94 3 3 3 3 2 0
26 1 0 1 0 1 0
11 2 2 1 0 0 0
90 4 3 2 2 0 1
84 2 1 0 1 1 1
41 2 2 1 1 1 0
70 5 0 1 2 2 0
19 5 2 0 1 0 0
54 0 2 0 0 0 1
77 6 8 1 5 0 0
16 2 2 0 1 0 0
59 3 3 4 1 1 0
74 1 4 1 1 0 1
97 1 3 0 0 2 1
66 5 3 1 0 0 1
61 0 3 1 1 2 0
89 2 1 3 2 0 1
3 3 0 0 0 0 0
15 3 1 0 1 0 0
52 2 0 0 1 2 0
59 0 2 1 0 0 1
13 3 5 0 0 0 0
4 2 1 0 0 0 0
20 4 3 0 1 0 0
57 3 2 0 1 2 0
14 2 1 0 1 0 0
30 5 0 1 2 0 0
15 0 0 1 1 0 0
17 3 2 0 1 0 0
41 2 2 1 1 1 0
99 4 5 1 3 0 1
21 1 0 2 1 0 0
68 3 5 1 0 0 1
72 1 3 1 1 0 1
96 4 1 2 3 0 1
9 7 1 0 0 0 0
64 4 0 2 0 0 1
71 4 1 1 1 0 1
54 3 3 1 0 2 0
25 5 0 2 1 0 0
36 5 3 3 1 0 0
73 1 1 0 2 0 1
63 3 5 4 1 1 0
50 2 4 2 1 1 0
86 2 2 2 3 2 0
93 4 2 1 1 1 1
40 3 1 1 3 0 0
72 2 0 0 0 1 1
83 3 5 0 1 3 0
46 2 2 4 2 0 0
41 4 1 1 3 0 0
56 2 2 0 1 2 0
91 3 4 4 1 0 1
32 2 0 0 1 1 0
56 4 1 2 4 0 0
77 1 3 2 1 0 1
38 3 0 1 1 1 0
86 0 3 2 1 3 0
40 0 0 0 0 2 0
61 6 0 1 0 0 1
65 3 6 2 2 1 0
21 4 1 1 1 0 0
70 7 4 1 1 2 0
67 2 5 1 0 0 1
44 1 4 1 1 1 0
82 3 2 3 1 0 1
12 2 0 2 0 0 0
96 0 3 4 2 0 1
4 2 1 0 0 0 0
30 1 2 1 2 0 0
39 2 1 1 1 1 0
54 4 0 0 1 2 0
14 4 0 2 0 0 0
39 0 2 3 2 0 0
76 4 1 2 0 3 0
64 5 2 1 1 2 0
33 2 3 1 0 1 0
51 2 2 1 2 1 0
25 3 1 0 0 1 0
31 2 2 1 0 1 0
39 4 0 1 1 1 0
41 3 4 0 3 0 0
94 2 1 0 2 1 1
14 1 4 1 0 0 0
15 3 1 2 0 0 0
55 5 5 2 3 0 0
5 0 0 1 0 0 0
56 3 4 3 1 1 0
6 4 1 0 0 0 0
92 10 1 0 0 4 0
90 1 2 1 1 1 1
85 0 5 1 0 1 1
1 1 0 0 0 0 0
85 1 2 2 0 1 1
11 4 1 1 0 0 0
78 3 5 3 1 2 0
27 7 0 0 0 1 0
45 3 1 0 2 1 0
50 7 4 1 1 1 0
