76 15 69 88 24 96
1000
79 3 4 3 2 0 1
70 4 3 3 1 2 0
55 6 3 1 3 1 0
84 2 7 3 1 1 1
99 8 5 8 5 0 0
24 4 4 3 0 0 0
32 5 5 0 2 0 0
79 3 6 4 2 2 0
58 1 3 3 3 1 0
31 7 4 4 0 0 0
51 3 2 2 1 2 0
97 2 3 3 3 3 0
94 0 2 2 3 2 1
64 3 5 1 1 2 0
18 3 3 0 1 0 0
80 2 2 3 1 3 0
27 3 4 0 2 0 0
74 3 2 2 0 3 0
57 1 1 2 0 1 1
73 4 3 2 2 0 1
46 1 2 3 1 1 0
7 2 3 0 0 0 0
20 3 3 1 1 0 0
89 6 3 3 1 3 0
98 0 5 4 0 1 1
80 2 6 1 5 1 0
81 4 6 2 1 2 1
34 4 2 1 3 0 0
95 1 4 2 4 1 1
65 2 5 6 3 0 0
74 5 4 2 5 1 0
87 1 5 2 0 1 1
27 3 2 3 1 0 0
77 6 5 1 1 3 0
78 4 2 2 1 2 1
53 5 2 1 3 1 0
84 2 3 2 1 1 1
86 2 2 1 2 3 0
61 2 0 1 2 1 1
84 2 3 2 3 0 1
90 2 6 2 2 3 0
19 1 3 2 1 0 0
75 0 2 1 0 1 1
2 2 0 0 0 0 0
69 6 7 2 3 1 0
90 3 2 3 1 3 0
45 0 7 2 1 1 0
64 1 6 2 0 1 1
90 0 0 2 1 2 1
35 1 0 1 2 1 0
92 2 1 3 1 3 1
13 2 1 0 1 0 0
72 9 4 3 3 1 0
3 3 0 0 0 0 0
12 1 4 1 0 0 0
14 1 2 2 0 0 0
71 4 1 1 1 2 1
89 5 4 2 3 0 1
50 7 2 2 1 1 0
45 2 5 4 2 0 0
49 4 6 3 0 1 0
53 3 1 2 3 1 0
91 5 1 1 3 0 1
58 1 2 1 0 0 1
17 2 3 2 0 0 0
35 1 4 3 1 1 0
22 8 5 1 0 0 0
56 3 2 0 2 2 0
54 4 4 3 2 1 0
38 1 2 2 2 1 0
30 1 4 2 0 1 0
30 4 5 4 0 0 0
73 1 1 2 1 3 0
55 0 0 2 0 2 1
81 3 4 7 4 0 0
12 6 1 1 0 0 0
31 4 4 3 1 0 0
87 2 6 4 1 0 1
92 1 5 2 1 2 1
17 4 2 2 0 0 0
72 3 4 1 1 0 1
86 4 2 0 1 1 1
86 6 1 1 2 2 1
1 1 0 0 0 0 0
33 6 2 1 1 1 0
64 6 3 2 0 1 1
20 2 2 2 1 0 0
43 7 7 1 0 1 0
19 4 2 1 1 0 0
6 3 2 0 0 0 0
8 2 1 1 0 0 0
94 6 6 2 0 1 1
42 3 2 4 2 0 0
1 1 0 0 0 0 0
2 2 0 0 0 0 0
51 2 3 2 3 1 0
39 0 3 2 1 1 0
1 1 0 0 0 0 0
58 6 6 0 3 1 0
27 1 5 2 1 0 0
35 4 2 3 0 1 0
52 5 4 2 2 1 0
19 3 1 1 1 0 0
42 5 5 2 2 0 0
51 11 3 3 0 1 0
4 3 1 0 0 0 0
1 1 0 0 0 0 0
83 2 9 2 3 2 0
96 3 4 4 4 2 0
93 2 1 3 2 2 1
82 3 4 5 2 2 0
29 3 2 2 0 1 0
90 2 6 1 2 2 1
1 1 0 0 0 0 0
17 0 3 2 1 0 0
21 2 4 3 0 0 0
65 1 4 1 2 1 1
6 1 2 1 0 0 0
62 0 1 0 1 1 1
44 6 2 3 2 0 0
37 5 3 2 2 0 0
78 2 2 2 2 1 1
54 1 2 1 1 1 1
60 3 6 6 0 1 0
88 3 3 3 1 3 0
91 1 1 3 1 3 1
28 1 3 1 2 0 0
36 3 2 1 1 1 0
20 3 2 1 1 0 0
39 6 3 2 0 1 0
47 2 6 3 1 1 0
58 4 1 1 1 0 1
49 0 3 1 2 1 0
43 2 3 2 3 0 0
81 1 6 4 2 2 0
3 2 1 0 0 0 0
19 3 4 1 1 0 0
51 2 1 1 0 2 1
9 3 2 1 0 0 0
43 1 8 3 1 1 0
3 2 1 0 0 0 0
31 0 4 1 2 0 0
82 4 5 0 2 2 1
65 3 2 3 1 2 0
14 2 3 2 0 0 0
34 0 3 1 1 1 0
85 4 5 2 2 3 0
6 3 2 0 0 0 0
36 1 0 2 1 1 0
59 5 2 1 1 1 1
81 3 3 4 1 0 1
12 0 3 0 1 0 0
88 4 2 3 2 2 1
39 1 3 4 1 1 0
64 2 1 3 1 2 0
21 3 2 1 1 0 0
82 1 5 8 3 1 0
97 3 3 2 1 1 1
78 1 2 2 0 1 1
84 2 2 3 4 2 0
41 2 2 4 0 1 0
36 4 2 1 2 1 0
73 4 0 2 3 2 0
61 4 4 1 0 1 1
1 1 0 0 0 0 0
52 1 1 3 2 1 0
96 1 1 4 1 1 1
75 1 3 0 0 1 1
5 4 1 0 0 0 0
92 4 3 2 2 3 0
96 3 2 1 0 4 1
75 3 1 5 0 0 1
29 4 4 3 1 0 0
35 4 4 2 2 0 0
99 0 4 3 1 2 1
94 4 4 1 1 2 1
1 1 0 0 0 0 0
56 2 3 1 1 1 1
11 4 4 0 0 0 0
71 4 2 1 1 0 1
36 3 2 3 0 1 0
39 3 5 2 0 1 0
71 6 7 1 0 2 1
4 4 0 0 0 0 0
47 5 2 3 2 1 0
83 4 1 0 1 1 1
23 2 1 0 0 1 0
40 1 3 2 2 1 0
46 2 3 1 3 1 0
20 5 4 0 1 0 0
24 3 2 0 2 0 0
41 4 1 2 2 1 0
78 4 8 3 1 2 0
44 4 3 1 3 0 0
38 6 2 1 2 1 0
68 2 1 2 2 2 0
67 3 2 2 2 2 0
62 3 1 5 2 1 0
74 4 3 1 3 2 0
98 2 2 4 3 3 0
86 2 3 3 1 3 0
14 3 5 1 0 0 0
31 5 1 3 1 0 0
28 7 1 1 0 1 0
92 8 6 1 2 0 1
52 5 5 3 2 1 0
66 3 3 0 3 2 0
28 1 1 2 2 0 0
54 0 2 1 0 1 1
48 2 2 3 2 1 0
45 3 2 1 2 1 0
81 5 1 2 1 2 1
86 0 4 3 3 2 0
34 2 4 2 2 0 0
47 1 3 7 1 0 0
94 6 2 3 2 1 1
5 2 2 0 0 0 0
4 3 1 0 0 0 0
62 1 6 3 2 1 0
55 0 1 2 1 2 0
24 8 2 3 0 0 0
37 3 4 3 0 1 0
7 3 0 1 0 0 0
87 1 2 4 0 1 1
81 2 1 0 1 1 1
91 3 6 3 2 2 1
87 8 3 1 0 3 1
35 5 2 3 1 1 0
71 3 3 2 2 1 1
64 5 4 3 2 1 0
24 7 3 2 1 0 0
97 1 2 1 2 3 1
33 1 2 1 1 1 0
34 4 4 2 0 1 0
73 2 2 0 1 3 0
27 4 3 2 1 0 0
40 5 7 4 1 0 0
38 2 5 2 1 1 0
75 1 2 1 2 1 1
58 5 3 0 0 2 1
75 3 3 2 2 0 1
20 1 0 1 0 1 0
30 0 2 0 1 1 0
50 3 5 0 2 1 0
91 4 3 4 2 0 1
71 7 5 4 3 1 0
28 2 2 2 0 1 0
24 3 2 0 1 1 0
22 0 3 1 1 1 0
97 3 2 3 3 3 0
82 8 2 6 3 1 0
98 2 1 2 1 3 1
17 5 3 0 1 0 0
61 2 3 2 3 1 0
32 4 3 2 2 0 0
99 4 6 3 0 1 1
94 2 2 0 1 2 1
31 3 6 1 0 1 0
33 3 4 3 1 0 0
38 4 3 4 1 0 0
19 3 2 2 1 0 0
94 3 7 5 1 1 1
73 3 4 1 0 3 0
28 1 3 1 1 1 0
38 3 3 0 1 1 0
76 2 0 2 1 2 1
29 5 2 1 0 1 0
31 4 1 2 1 1 0
97 3 6 6 3 2 0
82 5 1 1 4 2 0
60 0 2 1 1 0 1
23 9 0 3 0 0 0
38 3 4 0 2 1 0
45 4 6 1 3 0 0
77 4 2 2 1 2 1
34 2 1 3 1 1 0
99 6 5 6 3 2 0
11 3 3 1 0 0 0
89 3 2 3 1 3 0
18 2 2 1 1 0 0
51 1 1 1 0 2 1
33 6 5 1 1 1 0
71 2 4 2 2 1 1
54 2 2 0 3 1 0
26 2 1 3 1 0 0
82 3 3 6 2 2 0
81 3 5 2 4 1 0
12 2 0 1 1 0 0
10 3 4 0 0 0 0
34 4 4 1 2 0 0
18 5 7 0 0 0 0
16 5 4 1 0 0 0
98 4 10 7 4 0 0
82 4 3 4 1 2 1
52 8 6 6 1 0 0
3 2 1 0 0 0 0
25 1 3 3 1 0 0
9 3 1 1 0 0 0
52 4 3 2 3 1 0
15 2 2 1 1 0 0
66 6 4 4 2 1 0
67 0 3 2 2 0 1
52 1 1 0 0 2 1
60 5 1 1 0 0 1
22 1 1 0 2 0 0
25 5 2 1 1 1 0
24 9 3 2 0 0 0
46 1 4 3 2 1 0
30 5 4 2 1 0 0
61 3 2 4 3 1 0
78 4 0 1 2 0 1
21 5 2 3 0 0 0
71 1 1 0 2 1 1
63 3 0 3 2 2 0
84 2 5 1 1 3 0
12 0 2 1 1 0 0
13 1 3 2 0 0 0
27 1 2 2 2 0 0
88 5 2 1 1 2 1
82 6 5 0 4 2 0
21 3 5 2 0 0 0
38 1 1 2 2 1 0
16 2 2 1 1 0 0
22 3 0 1 2 0 0
73 1 1 0 2 2 1
65 4 1 2 1 1 1
32 2 1 3 0 1 0
34 2 1 1 2 1 0
80 8 4 5 1 2 0
47 3 1 1 1 2 0
69 3 2 2 3 2 0
20 0 2 0 1 1 0
68 1 3 1 3 2 0
89 3 1 3 3 2 0
55 2 2 0 0 2 1
74 5 0 3 2 2 0
96 2 2 3 1 1 1
32 4 3 2 0 1 0
60 4 1 1 2 2 0
99 3 3 6 2 0 1
94 5 5 5 1 3 0
38 2 2 1 1 1 0
77 3 3 2 2 2 0
64 0 3 1 1 1 1
95 4 1 4 4 2 0
2 1 1 0 0 0 0
28 5 2 1 2 0 0
50 0 0 1 1 0 1
71 2 0 0 0 1 1
22 0 3 0 1 1 0
69 0 3 1 1 0 1
47 0 3 2 3 1 0
3 2 1 0 0 0 0
19 3 5 2 0 0 0
92 6 3 1 2 3 0
17 2 0 2 1 0 0
92 6 2 3 0 1 1
50 4 2 2 2 1 0
14 3 1 2 0 0 0
71 2 4 3 0 0 1
8 5 2 0 0 0 0
66 5 1 5 4 0 0
5 4 1 0 0 0 0
94 2 3 5 6 1 0
98 1 1 4 3 3 0
22 1 3 2 1 0 0
2 1 1 0 0 0 0
38 1 4 2 0 1 0
54 4 7 2 1 1 0
8 1 3 1 0 0 0
37 2 6 1 0 1 0
35 3 3 1 2 1 0
76 5 2 3 3 2 0
32 0 2 0 3 0 0
34 5 6 1 1 1 0
5 4 1 0 0 0 0
68 2 4 3 4 1 0
64 0 2 1 3 2 0
20 0 2 0 1 1 0
66 9 4 2 3 1 0
42 5 2 2 1 1 0
86 3 3 1 2 2 1
62 5 5 3 3 1 0
56 3 2 4 1 1 0
84 2 6 2 2 1 1
46 4 1 5 2 0 0
5 0 1 1 0 0 0
50 1 0 3 0 2 0
18 2 4 2 0 0 0
11 0 4 1 0 0 0
54 3 5 4 1 1 0
72 1 3 2 2 0 1
65 2 3 0 1 1 1
77 1 5 2 2 1 1
70 4 2 3 1 0 1
32 2 0 2 1 1 0
72 2 2 3 2 1 1
62 2 7 0 0 1 1
9 2 2 1 0 0 0
24 3 5 3 0 0 0
33 4 1 1 1 1 0
90 4 1 3 3 2 0
86 2 2 2 4 2 0
68 0 6 3 4 1 0
10 1 4 1 0 0 0
87 0 1 1 2 2 1
17 3 2 1 1 0 0
48 8 6 2 2 0 0
9 3 2 1 0 0 0
80 5 4 3 1 2 1
94 5 9 3 5 1 0
46 5 7 2 2 0 0
83 2 3 2 5 1 0
6 3 2 0 0 0 0
13 4 1 1 1 0 0
41 1 0 1 3 1 0
29 2 1 1 1 1 0
64 2 3 1 1 1 1
59 0 3 2 1 0 1
43 5 6 5 1 0 0
28 3 3 1 0 1 0
45 5 3 4 0 1 0
51 5 6 4 0 1 0
45 3 2 1 0 2 0
67 3 4 2 4 1 0
87 4 3 0 2 1 1
24 3 5 3 0 0 0
32 5 5 1 0 1 0
12 3 4 1 0 0 0
28 4 4 1 2 0 0
40 0 1 2 1 1 0
31 6 3 1 0 1 0
32 1 4 2 1 1 0
35 1 3 2 2 0 0
81 1 2 2 1 2 1
51 4 3 1 1 2 0
54 3 5 3 2 1 0
44 2 3 0 1 2 0
83 3 0 2 0 3 1
22 6 2 3 0 0 0
30 1 3 1 2 0 0
63 3 3 1 1 1 1
23 2 2 2 1 0 0
62 0 1 1 1 0 1
22 2 1 2 1 0 0
45 7 6 2 0 1 0
87 5 2 0 2 1 1
39 7 3 0 2 1 0
89 4 4 3 1 1 1
19 4 4 2 0 0 0
79 5 3 1 1 2 1
47 1 2 2 4 0 0
72 2 2 1 1 2 1
35 1 3 0 2 1 0
85 8 2 1 4 2 0
4 3 1 0 0 0 0
6 1 1 1 0 0 0
18 2 5 2 0 0 0
87 6 2 3 1 2 1
42 3 6 2 2 0 0
47 5 4 1 1 1 0
28 2 2 1 1 1 0
1 1 0 0 0 0 0
43 4 1 0 2 1 0
13 1 3 2 0 0 0
97 5 7 3 6 1 0
4 1 2 0 0 0 0
72 8 5 1 1 2 0
20 0 1 1 0 1 0
35 6 9 3 0 0 0
49 7 2 1 4 0 0
80 4 5 2 1 2 1
81 4 1 2 0 3 1
25 4 2 0 0 1 0
72 4 5 0 1 2 1
27 2 2 1 2 0 0
40 6 5 2 1 1 0
69 3 5 0 2 1 1
82 6 2 3 5 1 0
20 0 2 1 2 0 0
16 2 4 0 1 0 0
80 4 4 1 2 3 0
79 3 4 1 1 1 1
36 4 2 0 3 0 0
49 0 4 1 3 1 0
16 2 0 1 1 0 0
54 3 2 1 4 1 0
54 2 3 0 0 2 1
70 6 3 4 2 1 0
2 2 0 0 0 0 0
61 1 2 3 0 1 1
57 2 5 4 1 1 0
90 4 3 3 3 0 1
63 1 1 1 0 3 0
49 3 5 3 2 1 0
60 2 4 0 0 1 1
46 3 2 2 2 1 0
71 6 3 7 3 0 0
45 2 6 2 2 1 0
24 3 2 4 0 0 0
78 9 9 8 2 0 0
74 1 6 4 3 1 0
77 6 1 2 1 2 1
97 5 1 1 2 1 1
85 1 7 2 3 2 0
65 4 2 0 1 2 1
77 3 1 1 3 1 1
24 2 3 0 2 0 0
16 2 1 1 1 0 0
37 2 1 4 2 0 0
3 2 1 0 0 0 0
91 3 2 1 2 1 1
5 4 1 0 0 0 0
50 1 2 1 3 1 0
81 2 2 6 2 2 0
7 3 0 1 0 0 0
45 9 1 1 3 0 0
33 2 1 3 0 1 0
4 3 1 0 0 0 0
50 1 1 0 0 1 1
37 4 3 1 2 1 0
20 2 2 3 0 0 0
37 7 1 2 1 1 0
73 4 4 1 2 0 1
63 4 3 5 3 0 0
77 3 0 4 2 2 0
66 0 4 2 0 0 1
46 3 3 2 1 1 0
54 1 2 1 0 0 1
25 3 3 0 1 1 0
88 3 3 4 2 0 1
54 1 3 1 2 2 0
52 0 1 2 1 2 0
3 2 1 0 0 0 0
7 4 2 0 0 0 0
99 3 4 4 1 2 1
84 6 2 1 1 1 1
42 6 2 5 1 0 0
47 1 2 1 0 2 0
1 1 0 0 0 0 0
12 5 3 1 0 0 0
60 4 2 2 0 0 1
68 2 4 1 2 1 1
70 3 4 3 1 0 1
28 5 2 0 1 1 0
34 2 2 0 2 1 0
31 1 1 2 1 1 0
28 1 2 1 2 0 0
73 3 0 0 3 1 1
10 2 3 1 0 0 0
82 3 3 2 2 2 1
36 8 3 2 2 0 0
34 2 2 0 2 1 0
23 2 1 0 2 0 0
99 1 3 1 0 2 1
96 2 3 3 1 1 1
23 6 4 2 0 0 0
99 4 9 5 5 1 0
72 5 4 4 0 2 0
96 3 2 2 0 4 0
90 3 3 2 3 3 0
92 5 5 3 3 2 0
6 5 1 0 0 0 0
79 3 6 1 4 1 0
85 2 3 0 2 1 1
68 4 4 2 1 1 1
54 5 3 2 1 2 0
13 5 3 1 0 0 0
12 2 1 0 1 0 0
42 3 3 1 1 1 0
89 3 4 2 0 3 1
97 2 3 4 1 3 0
1 1 0 0 0 0 0
81 5 3 2 2 1 1
57 6 2 1 1 0 1
43 1 3 3 1 1 0
36 5 1 2 2 0 0
39 6 6 2 2 0 0
20 5 1 1 1 0 0
87 1 2 4 2 2 1
28 4 8 2 0 0 0
34 0 3 1 2 1 0
70 7 2 5 2 1 0
66 3 2 1 1 0 1
84 4 0 3 0 2 1
56 5 1 3 4 0 0
36 1 6 4 1 0 0
98 3 3 2 2 2 1
52 0 2 1 0 0 1
8 5 2 0 0 0 0
27 4 5 2 1 0 0
29 3 2 2 2 0 0
58 5 8 3 3 0 0
54 2 2 0 0 2 1
35 4 2 2 2 0 0
65 3 4 2 2 2 0
35 2 2 0 1 1 0
61 5 1 1 1 0 1
94 2 3 4 0 3 1
88 3 6 1 3 2 0
28 1 2 1 2 0 0
93 8 7 4 3 2 0
17 1 5 0 1 0 0
20 0 2 0 2 0 0
45 3 3 0 4 0 0
93 3 0 3 3 2 1
21 2 1 0 1 1 0
40 3 3 2 3 0 0
60 8 5 2 2 1 0
38 3 1 4 2 0 0
58 3 3 4 3 0 0
97 9 5 4 3 2 0
41 4 4 2 0 1 0
73 0 6 2 1 0 1
43 2 5 1 2 1 0
71 5 2 2 2 2 0
47 6 5 2 1 1 0
35 3 2 2 2 0 0
20 1 4 2 1 0 0
10 1 4 1 0 0 0
53 9 0 2 2 1 0
72 9 2 2 3 1 0
94 1 4 2 3 2 1
70 3 2 4 0 1 1
70 6 4 4 1 2 0
8 1 3 1 0 0 0
38 1 1 2 1 1 0
96 4 2 2 5 2 0
29 3 2 2 0 1 0
51 1 7 0 1 2 0
56 6 3 2 2 1 0
10 6 0 1 0 0 0
45 0 2 1 3 1 0
29 5 0 1 0 1 0
25 6 3 1 1 0 0
38 3 8 2 1 0 0
47 3 3 0 2 1 0
62 3 4 2 1 0 1
11 2 3 1 0 0 0
25 2 2 2 1 0 0
83 7 3 3 2 1 1
62 3 2 2 3 1 0
71 2 2 2 2 1 1
6 1 3 0 0 0 0
85 3 3 0 4 1 1
76 6 7 3 1 1 1
23 3 2 0 1 1 0
19 5 1 3 0 0 0
43 1 7 2 0 1 0
86 1 1 1 2 1 1
81 3 6 3 2 0 1
79 4 3 1 0 3 1
81 5 1 1 1 3 0
64 2 2 2 2 2 0
80 5 0 2 2 1 1
66 2 3 0 1 3 0
64 5 6 2 2 1 0
29 2 1 2 1 1 0
26 4 2 1 0 1 0
12 2 0 1 1 0 0
34 4 3 4 1 0 0
42 5 1 2 1 1 0
12 4 2 1 0 0 0
10 3 3 1 0 0 0
72 2 4 2 1 0 1
11 6 1 1 0 0 0
87 3 3 1 4 0 1
57 2 4 1 2 2 0
44 2 1 1 1 2 0
58 5 2 1 3 1 0
77 3 0 2 2 2 1
87 3 3 3 1 2 1
34 2 2 3 2 0 0
11 1 4 1 0 0 0
13 1 2 2 0 0 0
96 6 8 1 3 0 1
89 4 3 3 2 1 1
41 1 1 5 2 0 0
22 3 3 1 1 0 0
74 5 5 2 1 0 1
14 2 2 1 1 0 0
36 5 2 0 3 0 0
77 2 4 0 0 2 1
17 4 3 2 0 0 0
5 2 2 0 0 0 0
57 5 3 0 0 1 1
64 4 4 1 1 1 1
17 4 3 1 1 0 0
21 2 3 3 0 0 0
37 3 0 2 1 1 0
81 3 3 5 1 2 0
26 1 1 1 1 1 0
77 1 5 1 0 1 1
97 0 2 6 4 2 0
41 2 3 1 2 1 0
99 2 1 3 1 4 0
17 3 1 3 0 0 0
79 1 5 2 1 1 1
95 5 4 3 2 0 1
53 9 1 5 2 0 0
68 1 2 2 1 2 1
42 3 3 1 1 1 0
27 0 1 2 1 1 0
94 7 1 1 1 3 1
91 3 5 4 0 3 0
10 3 4 0 0 0 0
88 2 2 2 3 3 0
1 1 0 0 0 0 0
31 4 2 1 0 1 0
96 5 3 4 3 1 1
17 6 1 0 1 0 0
89 6 2 3 0 1 1
84 2 2 2 0 2 1
86 6 3 2 0 2 1
73 4 3 4 1 2 0
10 1 3 1 0 0 0
18 9 5 0 0 0 0
17 3 6 1 0 0 0
90 1 4 1 1 3 1
54 2 3 2 0 2 0
90 3 1 3 1 2 1
37 3 5 1 0 1 0
96 6 3 3 1 1 1
37 10 2 1 2 0 0
4 3 1 0 0 0 0
7 0 2 1 0 0 0
65 1 2 1 2 2 0
59 7 4 6 1 1 0
62 2 2 1 1 0 1
85 2 5 2 1 3 0
97 2 7 1 2 2 1
61 3 6 2 2 1 0
56 5 4 4 2 1 0
60 5 1 1 0 0 1
88 6 5 3 4 1 0
12 5 3 1 0 0 0
58 2 1 2 1 2 0
24 2 5 1 1 0 0
72 1 1 0 1 2 1
74 4 6 2 1 1 1
42 4 3 3 1 1 0
85 1 2 3 0 3 1
54 2 2 0 2 2 0
12 3 1 1 1 0 0
59 3 5 3 3 1 0
22 4 3 3 0 0 0
62 3 0 3 1 0 1
68 2 4 3 3 1 0
55 1 3 1 4 1 0
7 2 3 0 0 0 0
18 2 2 2 1 0 0
29 1 6 2 1 0 0
52 3 0 1 1 0 1
18 7 4 1 0 0 0
35 1 0 1 3 0 0
52 3 2 4 2 1 0
80 5 7 2 2 1 1
87 2 5 2 0 2 1
65 2 3 1 1 2 1
44 5 0 2 1 1 0
11 1 4 1 0 0 0
88 3 2 3 1 1 1
65 4 5 2 1 1 1
31 2 0 1 1 1 0
84 5 0 2 1 2 1
92 1 5 3 1 3 0
43 2 1 0 0 2 0
1 1 0 0 0 0 0
48 6 3 3 1 1 0
5 0 1 1 0 0 0
32 0 3 3 0 1 0
96 6 4 3 3 2 0
84 1 2 1 2 1 1
81 2 2 4 1 3 0
72 2 3 1 1 0 1
24 0 4 0 0 1 0
5 4 1 0 0 0 0
94 8 3 3 4 2 0
70 1 3 2 2 0 1
52 0 2 2 1 2 0
94 10 5 6 4 1 0
5 1 1 1 0 0 0
19 0 2 2 1 0 0
4 3 1 0 0 0 0
80 2 3 3 1 0 1
48 6 2 4 2 0 0
2 1 1 0 0 0 0
21 1 0 0 1 1 0
79 3 1 1 0 1 1
54 1 3 1 4 1 0
98 7 1 2 2 1 1
86 6 4 2 4 2 0
96 6 4 3 2 1 1
15 1 3 2 0 0 0
41 5 2 1 1 1 0
28 5 5 2 1 0 0
59 6 2 2 3 1 0
9 2 3 1 0 0 0
40 4 1 2 2 1 0
59 2 2 1 1 2 0
48 4 3 4 2 0 0
11 1 0 1 1 0 0
5 4 1 0 0 0 0
80 1 1 3 0 2 1
50 3 2 1 4 0 0
72 2 2 0 0 2 1
92 4 8 2 3 2 0
91 5 5 9 3 1 0
74 2 2 0 0 2 1
44 4 4 2 1 1 0
43 4 4 1 2 1 0
57 4 3 2 3 1 0
5 4 1 0 0 0 0
85 0 1 4 0 3 1
28 3 3 4 0 0 0
25 1 1 2 1 1 0
48 2 3 1 0 2 0
38 2 4 3 0 1 0
96 5 2 0 2 3 1
51 5 3 5 2 0 0
32 4 5 1 0 1 0
97 5 4 2 3 3 0
14 7 4 0 0 0 0
90 2 3 3 4 2 0
32 6 2 3 1 0 0
10 2 2 1 0 0 0
48 6 3 3 1 1 0
89 3 2 4 0 1 1
70 4 3 3 0 2 1
91 6 4 0 1 2 1
87 4 2 3 2 1 1
30 0 1 1 2 1 0
64 1 6 2 2 2 0
70 1 0 0 3 0 1
21 6 3 2 0 0 0
73 9 0 6 2 1 0
7 6 1 0 0 0 0
32 0 3 0 3 0 0
19 3 2 2 1 0 0
8 3 3 0 0 0 0
68 2 4 3 4 1 0
35 4 1 0 1 1 0
99 4 4 3 3 0 1
39 4 3 2 2 0 0
25 2 6 1 1 0 0
44 5 2 2 2 1 0
98 3 4 2 3 3 0
39 3 2 2 3 0 0
65 2 3 2 2 2 0
4 1 2 0 0 0 0
54 4 5 3 1 1 0
95 2 5 1 3 3 0
23 4 2 2 1 0 0
8 2 1 1 0 0 0
58 6 5 2 2 1 0
75 2 2 4 1 1 1
69 6 2 5 3 1 0
73 2 4 1 5 1 0
86 6 3 3 3 2 0
85 3 5 2 0 2 1
32 3 0 0 1 1 0
4 1 2 0 0 0 0
88 1 5 1 1 3 1
91 4 5 5 3 2 0
49 6 2 3 1 1 0
62 3 3 4 4 0 0
49 3 2 2 2 1 0
5 0 2 1 0 0 0
93 6 2 3 3 2 0
75 1 3 2 2 0 1
15 3 3 0 1 0 0
71 3 6 1 2 1 1
36 3 6 4 1 0 0
21 1 0 1 0 1 0
14 1 3 2 0 0 0
40 4 3 3 2 0 0
87 2 4 1 2 1 1
4 4 0 0 0 0 0
29 3 4 1 0 1 0
18 2 2 2 1 0 0
85 5 4 5 1 2 0
19 0 4 1 1 0 0
36 5 2 0 2 1 0
38 4 4 2 1 1 0
28 3 2 2 1 1 0
57 4 2 4 1 1 0
28 2 2 1 2 0 0
92 7 3 3 2 3 0
62 2 4 1 2 2 0
8 1 3 1 0 0 0
44 3 2 0 3 1 0
82 8 5 1 5 1 0
50 2 3 4 3 0 0
15 6 4 1 0 0 0
61 3 3 1 1 1 1
59 5 4 1 1 0 1
74 5 2 2 3 2 0
72 2 0 1 0 3 1
21 4 2 1 1 0 0
93 6 2 2 4 2 0
55 1 4 2 3 1 0
14 2 3 0 1 0 0
4 3 1 0 0 0 0
10 2 3 1 0 0 0
63 2 4 4 1 2 0
4 3 1 0 0 0 0
71 7 0 1 2 0 1
92 7 3 4 5 1 0
63 1 3 3 0 1 1
17 2 1 3 0 0 0
50 0 0 0 0 1 1
36 4 1 0 2 1 0
89 3 1 1 2 1 1
48 5 2 0 3 1 0
78 1 3 4 2 1 1
86 3 6 4 1 1 1
66 5 5 1 0 2 1
6 3 2 0 0 0 0
11 3 2 1 0 0 0
13 1 3 1 1 0 0
57 4 2 3 1 2 0
92 1 5 2 5 2 0
11 0 4 1 0 0 0
15 4 1 0 1 0 0
13 2 2 0 1 0 0
63 4 2 4 1 2 0
63 1 2 3 1 1 1
82 3 2 2 0 3 1
43 5 2 4 0 1 0
28 5 2 0 0 1 0
6 3 2 0 0 0 0
37 3 3 3 0 1 0
6 3 2 0 0 0 0
12 4 3 1 0 0 0
92 4 5 2 0 1 1
11 1 1 1 1 0 0
22 3 2 2 1 0 0
27 1 1 2 0 1 0
1 1 0 0 0 0 0
56 2 2 3 2 1 0
4 3 1 0 0 0 0
64 1 3 2 0 1 1
25 1 1 1 1 1 0
63 6 3 3 3 1 0
20 3 1 2 1 0 0
83 8 4 4 1 2 0
2 1 1 0 0 0 0
13 3 4 1 0 0 0
97 2 2 4 3 0 1
2 1 1 0 0 0 0
60 4 2 2 0 2 1
6 1 1 1 0 0 0
11 1 0 1 1 0 0
53 2 1 3 0 2 0
70 1 4 2 2 2 0
44 3 2 3 2 1 0
83 2 2 1 2 2 1
58 4 4 3 2 1 0
65 2 3 1 1 0 1
67 5 5 2 0 0 1
63 1 2 0 1 1 1
1 1 0 0 0 0 0
49 5 4 5 2 0 0
38 6 2 2 1 1 0
64 2 2 3 2 2 0
76 6 5 2 2 2 0
93 3 5 0 2 1 1
81 2 2 2 3 1 1
81 1 1 3 3 2 0
42 5 1 2 2 1 0
8 2 1 1 0 0 0
97 3 4 1 0 2 1
20 1 3 2 1 0 0
59 2 3 1 0 2 1
9 2 2 1 0 0 0
78 3 6 2 2 2 0
1 1 0 0 0 0 0
40 5 1 2 2 1 0
16 4 2 0 1 0 0
30 0 0 0 2 1 0
82 4 3 2 3 2 0
25 0 0 2 2 0 0
12 5 2 1 0 0 0
16 2 1 2 1 0 0
41 3 3 4 2 0 0
60 3 8 2 4 0 0
99 4 2 5 1 1 1
20 6 5 1 0 0 0
31 2 2 1 1 1 0
32 3 0 3 2 0 0
87 3 0 2 2 1 1
57 2 2 2 0 2 1
97 4 5 4 1 3 0
81 8 3 3 0 3 0
83 3 2 1 5 2 0
11 2 0 0 1 0 0
89 4 7 5 5 0 0
30 3 1 2 2 0 0
51 2 3 2 3 1 0
14 2 3 2 0 0 0
