8 6 82 49 10 0
1000
52 0 1 0 1 0 1
70 3 3 0 0 0 2
32 4 0 2 0 0 1
29 1 0 1 0 1 1
55 2 1 1 2 2 0
74 1 3 0 0 1 1
99 2 1 0 0 0 2
69 4 2 1 2 1 1
85 3 1 0 0 2 1
73 3 2 2 3 0 1
58 2 0 1 0 1 1
35 2 1 2 1 0 1
69 3 3 2 0 1 1
39 0 0 3 0 0 1
60 4 6 1 0 1 1
68 4 3 1 3 2 0
61 5 3 3 0 0 1
47 0 1 0 0 1 1
39 7 1 0 1 0 1
51 0 1 0 0 0 1
80 2 2 1 3 0 1
81 2 2 1 1 1 1
96 4 7 1 4 2 0
64 3 2 1 2 0 1
29 1 1 1 0 0 1
43 1 2 0 1 0 1
44 1 0 0 0 2 1
92 4 1 0 1 0 2
37 2 1 0 0 0 1
56 3 0 2 0 0 1
91 4 0 2 1 1 1
73 0 2 3 1 2 1
45 1 1 1 1 0 1
36 0 1 1 1 1 0
55 7 4 3 1 0 1
69 3 4 3 2 0 1
60 3 4 0 2 0 1
64 7 1 1 1 0 1
88 4 2 4 0 0 2
17 1 0 2 0 0 1
76 2 0 0 0 0 2
79 4 3 2 1 1 1
39 0 1 0 0 0 1
49 1 1 0 0 1 1
60 2 4 3 1 2 0
32 0 0 0 0 0 1
51 2 4 1 1 0 1
71 2 1 2 2 1 1
64 3 3 1 3 0 1
56 1 4 2 1 1 1
18 2 1 0 1 0 1
81 3 0 2 1 0 2
57 1 0 0 0 0 2
84 6 6 2 1 2 1
40 3 1 2 2 1 0
37 2 1 1 0 2 0
63 2 0 1 1 1 1
77 3 1 1 0 1 1
67 4 1 1 4 0 1
20 1 1 0 1 1 0
39 5 2 1 0 0 1
97 4 0 0 2 0 2
66 3 4 0 1 0 1
37 5 0 2 0 1 1
52 4 3 3 1 1 0
23 1 4 0 1 0 1
50 0 0 1 0 0 1
43 2 1 0 0 0 1
88 4 3 1 0 2 1
29 1 1 1 0 1 1
82 4 0 1 2 2 1
17 2 1 0 0 0 1
72 1 0 1 2 1 1
76 1 2 2 1 1 1
54 0 3 1 1 0 1
6 0 0 0 0 0 1
97 1 1 1 1 2 1
99 2 2 2 0 0 2
29 0 1 1 1 1 0
50 5 2 2 2 1 0
17 2 2 0 0 0 1
84 3 0 4 2 1 1
94 0 2 2 1 2 1
65 2 0 0 0 1 1
11 0 0 1 0 1 0
44 3 2 4 0 1 0
51 3 1 6 1 0 1
84 6 3 2 2 3 0
74 3 3 2 0 1 1
82 0 1 1 0 2 1
90 3 2 1 1 0 2
46 2 2 1 1 0 1
59 3 2 2 0 0 1
40 1 1 0 1 1 1
75 3 2 0 0 0 2
68 2 0 1 3 2 0
64 6 2 3 2 1 0
90 2 4 0 0 0 2
55 3 3 1 2 0 1
20 4 1 0 0 0 1
98 0 0 0 3 1 1
71 0 3 2 0 1 1
20 2 3 1 0 0 1
75 2 1 0 1 2 1
69 7 2 1 2 1 1
48 1 0 0 0 0 1
48 3 3 2 0 0 1
56 2 0 3 0 0 1
68 0 2 3 1 2 0
85 8 5 4 2 0 1
67 3 1 1 2 2 0
71 5 1 2 1 3 0
46 0 0 0 1 0 1
74 1 3 0 0 1 1
97 1 1 0 1 1 2
9 0 0 0 0 0 1
98 3 2 4 1 3 1
20 5 0 0 0 0 1
96 8 0 1 0 1 2
67 1 2 2 1 2 1
78 2 2 0 0 0 2
52 0 1 0 1 0 1
20 4 2 0 0 0 1
77 0 1 0 0 0 2
59 1 2 1 3 1 0
65 2 2 0 1 1 1
16 1 0 0 0 0 1
23 2 1 0 0 0 1
12 2 1 0 0 0 1
72 4 3 1 1 2 1
75 4 4 3 1 2 0
17 2 2 1 0 0 1
95 4 1 3 0 4 0
86 0 1 2 2 0 2
28 3 0 1 1 1 0
65 3 0 0 0 1 1
96 2 3 1 1 0 2
38 4 3 0 0 2 0
67 1 2 1 2 1 1
75 1 1 0 0 0 2
42 4 0 1 0 2 0
86 3 6 0 1 2 1
35 5 2 2 0 0 1
26 1 2 1 1 0 1
78 2 2 1 1 3 0
98 5 2 0 2 1 1
63 0 1 2 2 1 1
70 2 1 0 4 1 1
16 2 1 0 1 1 0
84 4 4 3 1 0 1
37 4 2 0 0 1 1
55 1 2 2 0 1 1
27 3 1 3 0 1 0
40 3 1 2 0 0 1
41 3 1 2 0 1 1
92 0 3 3 1 0 2
20 4 0 0 0 0 1
66 3 3 0 0 1 1
65 6 3 2 0 3 0
53 4 4 0 0 1 1
74 1 2 3 2 1 1
97 5 2 0 1 1 2
44 1 0 1 1 1 1
8 2 0 0 1 0 0
51 4 4 2 0 2 0
50 3 2 1 2 0 1
43 1 4 4 0 0 1
94 9 2 1 0 0 2
45 2 2 2 2 0 1
43 1 2 2 3 0 0
6 0 1 0 0 0 1
63 3 6 3 3 1 0
60 3 2 2 3 1 0
31 3 2 1 0 0 1
86 3 2 4 4 0 1
43 5 6 1 1 0 1
70 4 5 1 1 1 1
72 2 0 0 0 0 2
30 3 1 0 2 1 0
11 2 0 0 0 0 1
55 0 1 2 1 1 1
38 1 0 0 2 1 0
83 2 5 2 3 2 0
99 6 1 0 1 1 2
49 3 0 1 2 0 1
13 0 3 1 1 0 0
27 5 1 0 1 0 1
41 0 4 2 3 0 0
27 2 4 2 0 0 1
22 2 0 0 1 1 0
80 1 1 2 1 2 1
98 1 3 0 0 0 2
53 2 4 1 1 1 1
86 5 1 2 1 1 1
62 2 2 0 1 1 1
33 3 2 3 0 1 0
79 4 0 1 1 2 1
22 4 1 0 1 1 0
57 4 2 1 1 0 1
93 1 2 0 3 0 2
47 1 2 0 1 1 1
49 4 3 0 1 2 0
57 4 2 1 1 0 1
96 4 6 3 0 0 2
15 1 0 0 0 1 0
38 4 2 2 0 0 1
5 0 0 0 1 0 0
99 4 3 2 1 1 1
53 2 2 1 0 1 1
97 2 1 1 0 1 2
38 0 1 0 0 0 1
23 0 0 0 0 1 1
84 2 3 4 2 0 1
60 4 1 2 1 0 1
92 3 0 0 1 2 1
80 12 6 2 2 1 1
77 1 6 3 0 1 1
50 1 0 0 0 0 1
94 0 3 1 0 1 2
64 1 0 0 0 2 1
93 3 3 6 2 1 1
39 3 2 0 1 1 1
65 0 1 2 0 0 2
44 0 1 0 2 0 1
53 3 4 4 1 0 1
66 5 2 0 0 0 2
50 2 2 0 2 1 1
69 2 1 1 1 2 1
45 5 0 1 1 1 1
96 9 4 4 3 1 1
82 2 2 2 0 1 1
40 2 2 0 1 0 1
30 1 4 0 2 0 1
56 3 1 2 0 0 1
19 1 0 0 1 1 0
88 3 5 0 3 2 1
95 5 1 4 2 0 1
49 1 2 1 2 0 1
59 3 0 2 1 0 1
36 3 5 4 0 0 1
36 3 4 0 0 1 1
38 1 2 0 1 2 0
72 1 1 0 0 2 1
64 4 0 0 1 2 1
91 3 4 1 3 0 1
78 0 4 0 1 2 1
3 2 0 1 0 0 0
63 4 1 0 0 2 1
37 1 0 1 0 1 1
77 1 4 3 1 2 1
53 4 2 1 2 0 1
47 2 0 1 0 1 1
55 3 6 2 1 0 1
74 5 3 0 3 2 0
97 2 4 3 0 2 1
8 1 0 0 0 1 0
58 1 0 0 2 2 0
17 0 0 1 0 1 0
97 2 1 0 1 0 2
44 1 3 0 1 2 0
93 1 3 3 1 0 2
68 3 2 2 2 2 0
15 0 4 1 0 0 1
81 1 0 0 0 0 2
28 1 1 0 1 0 1
96 6 0 2 0 2 1
48 3 2 0 0 0 1
60 1 4 1 4 0 1
84 3 2 0 1 1 1
36 2 1 1 1 1 0
17 1 0 0 0 1 0
31 1 0 0 0 0 1
91 4 8 1 0 0 2
18 3 1 1 0 0 1
55 3 1 1 2 1 1
44 3 0 4 1 0 1
33 2 1 1 1 1 0
25 2 2 2 0 1 0
75 4 2 3 2 0 1
57 1 1 0 1 1 1
80 0 1 1 2 1 1
98 1 4 2 2 3 0
49 1 0 0 0 0 1
46 5 1 0 2 0 1
34 0 0 0 0 0 1
93 2 3 3 3 1 1
92 0 3 0 1 2 1
80 3 0 0 0 2 1
61 2 2 1 2 0 1
89 4 3 0 1 1 1
89 0 3 0 1 0 2
47 0 0 0 1 0 1
86 7 2 5 3 0 1
99 5 2 4 1 1 1
49 3 1 1 1 0 1
56 3 0 0 0 1 1
76 1 2 2 0 0 2
91 2 1 2 1 1 1
74 2 2 2 3 0 1
98 2 1 3 0 2 1
27 0 0 0 0 2 0
25 0 1 0 0 0 1
37 1 0 0 0 1 1
93 4 5 1 2 2 1
63 1 0 1 0 1 1
40 1 0 0 2 0 1
70 0 2 0 1 1 1
74 3 0 1 1 1 1
85 3 2 2 2 1 1
27 2 1 1 0 1 0
82 7 7 2 1 0 1
42 2 2 2 1 1 0
86 3 4 2 3 2 0
80 1 0 0 0 3 1
76 3 1 0 2 3 0
53 1 0 1 1 0 1
53 3 2 2 0 1 1
43 2 3 1 0 0 1
29 5 1 1 0 1 0
69 0 4 0 1 0 2
50 1 2 1 1 2 0
12 0 1 0 0 0 1
56 2 7 0 2 0 1
37 4 1 1 0 0 1
47 1 0 2 1 0 1
80 6 3 3 1 1 1
36 2 0 1 0 0 1
17 1 3 0 0 0 1
56 2 2 0 0 3 0
28 1 1 2 0 0 1
24 0 3 2 0 0 1
40 0 0 1 1 0 1
68 2 4 1 1 2 1
81 0 1 0 2 1 1
69 1 4 8 1 0 1
48 6 2 2 0 1 1
99 1 5 1 2 2 1
80 1 2 2 4 1 1
26 4 3 2 0 0 1
16 2 1 0 0 1 0
89 6 5 2 2 0 1
46 6 5 1 2 0 1
69 4 3 4 0 2 0
51 5 2 0 1 1 1
76 3 3 1 1 1 1
52 2 3 3 1 1 0
13 2 4 0 0 0 1
86 6 2 1 1 1 1
58 2 0 0 0 1 1
79 4 1 2 0 3 1
32 1 1 0 0 0 1
58 2 2 1 0 0 1
57 4 2 0 3 0 1
93 1 2 1 1 2 1
34 2 0 0 1 0 1
59 3 1 1 0 0 1
91 5 2 4 3 2 0
92 2 3 2 3 1 1
79 2 1 3 0 1 1
54 5 0 0 4 0 1
40 3 2 1 0 0 1
85 2 3 1 1 1 1
92 2 3 0 0 1 2
5 1 1 1 0 0 0
96 4 2 2 1 1 1
15 0 1 0 0 1 0
45 3 0 2 1 0 1
83 3 2 2 2 2 1
90 4 8 1 4 1 1
35 0 1 2 0 2 0
31 3 2 2 1 0 1
67 4 2 1 0 2 1
71 2 1 0 1 0 2
99 3 4 2 3 2 1
50 2 2 0 1 0 1
20 0 1 0 0 0 1
75 1 2 0 3 0 1
55 4 2 2 0 1 1
13 2 0 1 1 0 0
26 1 1 1 2 0 0
73 4 0 1 0 2 1
66 2 1 3 2 0 1
91 1 2 2 3 0 1
41 0 1 0 0 0 1
93 4 0 0 0 2 1
79 4 3 3 2 1 1
99 2 1 0 1 1 2
63 0 0 3 1 1 1
71 3 0 0 3 0 1
54 4 1 2 1 0 1
21 3 2 0 0 0 1
66 0 4 2 1 1 1
64 1 1 0 0 1 1
55 4 0 2 2 0 1
62 1 2 1 3 1 1
18 4 0 0 0 0 1
15 2 1 1 1 0 0
56 3 2 1 0 3 0
99 4 2 1 0 1 2
93 4 3 2 0 1 2
83 1 1 1 0 1 2
70 2 0 2 0 1 1
92 2 4 1 1 1 1
30 1 0 1 0 1 1
31 1 0 0 0 0 1
83 0 3 1 2 1 1
70 4 3 1 3 1 1
49 1 2 0 0 1 1
95 3 1 0 5 1 1
42 0 5 0 2 0 1
88 2 1 1 3 1 1
62 5 4 1 1 0 1
68 3 4 1 1 1 1
85 5 2 3 0 1 1
80 2 2 1 1 0 2
55 1 0 1 0 0 1
88 4 5 3 4 0 1
82 6 4 0 2 1 1
26 2 0 0 0 0 1
21 2 1 0 0 1 0
42 1 1 0 0 0 1
68 6 1 0 0 0 2
64 4 2 2 1 0 1
21 5 2 0 0 0 1
81 0 1 0 1 1 1
76 6 2 0 0 1 1
33 2 2 2 0 1 0
91 4 4 1 1 2 1
65 0 0 0 0 0 2
78 2 4 4 2 0 1
52 0 0 0 1 3 0
50 3 3 2 1 1 1
96 4 0 4 0 1 2
72 2 0 1 2 1 1
97 3 1 2 0 1 2
63 9 1 1 0 1 1
29 2 1 0 0 0 1
83 2 2 1 0 0 2
87 4 6 1 1 0 2
26 7 2 0 2 0 0
59 3 3 0 1 1 1
75 1 2 2 2 0 1
20 1 1 0 1 0 1
51 4 1 1 0 0 1
65 1 1 1 1 0 1
56 4 1 3 2 0 1
77 1 1 1 0 0 2
34 0 1 2 0 1 1
45 1 0 3 0 0 1
53 6 4 1 2 0 1
32 2 4 1 2 0 0
70 0 5 1 0 2 1
82 1 3 4 0 1 1
39 0 0 0 0 0 1
74 1 1 3 2 1 1
70 5 2 3 2 0 1
83 4 2 4 1 0 1
75 0 3 2 4 1 0
5 1 1 0 0 1 0
95 3 3 2 2 3 0
47 1 0 0 0 0 1
28 3 0 0 1 0 1
82 5 4 2 2 1 1
24 4 3 1 0 0 1
72 1 5 5 2 0 1
71 0 6 2 0 0 1
53 4 6 3 1 0 1
79 4 3 1 1 2 1
60 2 1 0 1 2 1
33 1 2 1 1 0 1
81 2 2 1 3 1 1
64 2 2 2 0 0 1
48 3 3 1 0 1 1
82 2 2 1 1 4 0
66 3 2 0 3 0 1
44 3 1 1 0 1 1
75 4 3 3 0 1 1
77 4 1 2 2 1 1
85 2 1 0 0 0 2
68 1 2 1 2 1 1
78 7 5 0 2 1 1
94 1 1 2 3 2 1
7 2 1 0 0 1 0
36 1 1 1 1 0 1
43 6 3 1 3 0 0
42 2 3 1 1 0 1
97 5 4 2 2 3 0
32 2 0 0 0 0 1
55 1 3 2 2 0 1
50 0 1 1 0 0 1
91 6 1 1 0 1 2
84 2 4 2 1 1 1
43 1 2 3 0 0 1
97 1 0 0 1 0 2
74 2 1 3 1 1 1
66 0 0 2 3 2 0
94 3 4 3 0 2 1
8 1 0 2 0 0 0
41 2 2 0 0 1 1
40 0 2 1 0 0 1
97 2 0 0 5 1 1
63 1 2 1 0 0 2
67 3 0 1 0 1 1
45 0 2 1 1 0 1
93 3 3 4 1 0 2
25 0 1 2 1 0 1
46 2 1 1 2 1 0
74 1 0 1 1 1 1
80 0 3 3 2 0 1
95 3 3 2 0 1 2
32 2 3 0 1 1 0
21 0 1 0 0 0 1
7 0 2 0 0 0 1
31 2 1 1 1 0 1
77 1 2 2 1 1 1
33 1 1 0 1 0 1
68 1 1 1 0 1 1
42 1 1 2 0 0 1
30 1 1 0 0 0 1
94 1 0 0 0 1 2
95 4 1 2 3 0 1
29 3 1 1 0 0 1
83 2 3 2 0 2 1
31 3 5 0 1 0 1
33 2 3 1 0 0 1
73 3 2 1 3 1 1
70 2 2 0 3 1 1
56 4 4 5 0 1 0
68 3 2 2 3 2 0
88 1 1 2 0 1 2
70 6 0 1 0 0 2
62 6 3 0 0 1 1
42 1 0 0 0 0 1
96 2 0 1 0 1 2
59 3 2 0 1 1 1
50 3 2 3 0 2 0
16 3 1 1 0 0 1
76 3 4 3 0 1 1
91 1 1 0 1 0 2
48 1 2 0 0 0 1
99 8 3 1 3 3 0
43 3 1 0 0 1 1
99 1 2 0 2 0 2
46 1 0 0 0 0 1
63 1 3 3 0 1 1
46 4 3 2 0 0 1
28 3 2 0 1 0 1
80 3 1 0 0 1 2
69 5 2 1 2 1 1
64 3 2 0 1 0 1
41 4 0 1 0 0 1
81 5 4 2 1 2 1
35 2 2 0 1 0 1
91 1 6 2 0 1 1
29 3 2 0 0 2 0
90 5 2 7 1 0 1
14 2 1 1 1 0 0
47 3 2 0 0 0 1
11 1 1 1 0 0 1
71 5 1 1 2 1 1
38 2 0 2 1 0 1
93 7 0 2 3 1 1
61 1 1 0 2 0 1
87 2 3 2 1 1 1
40 2 1 1 1 2 0
56 2 1 0 0 0 2
84 1 5 4 1 0 1
60 3 1 0 1 1 1
67 3 3 5 2 0 1
57 4 5 1 1 0 1
15 1 2 0 0 0 1
66 7 7 3 2 0 1
65 5 2 2 0 2 1
62 2 0 1 1 0 1
35 7 1 1 1 0 1
66 5 4 0 2 1 1
59 7 4 0 1 1 1
28 1 0 0 1 0 1
65 2 0 4 1 1 1
39 1 0 0 3 0 1
91 6 4 1 1 1 1
45 2 0 2 0 0 1
57 2 1 1 2 1 1
9 1 1 1 0 0 1
46 1 1 0 2 1 1
34 2 0 0 1 1 1
61 2 1 2 2 0 1
61 3 1 0 1 3 0
46 2 1 0 0 0 1
94 6 2 3 1 0 2
34 3 2 1 1 0 1
93 9 7 4 2 1 1
28 1 3 0 1 1 0
39 4 6 1 0 0 1
63 1 4 0 6 0 0
30 2 1 0 0 0 1
48 5 4 2 1 0 1
68 3 1 2 2 2 0
75 3 1 0 1 2 1
58 1 0 1 0 1 1
66 5 1 4 0 1 1
62 1 2 2 0 1 1
93 3 4 1 1 0 2
73 5 3 1 1 2 1
44 1 1 0 3 1 0
75 1 3 0 2 2 1
89 3 2 4 3 0 1
36 0 3 1 0 0 1
98 5 0 2 2 1 1
94 5 5 1 3 2 1
55 2 0 0 1 1 1
67 1 1 0 2 0 1
47 5 2 0 2 1 0
36 0 1 1 1 1 0
67 4 1 5 3 1 0
22 4 2 0 2 0 0
47 4 5 0 1 1 1
88 0 1 1 0 1 2
54 4 0 1 1 0 1
22 2 1 0 2 0 0
65 3 1 1 0 1 1
33 2 4 4 1 0 0
77 1 4 0 2 0 1
82 4 1 1 1 0 2
34 4 2 4 0 0 1
60 6 0 2 1 0 1
11 4 0 1 1 0 0
48 7 4 5 1 0 0
71 2 3 4 0 1 1
28 2 0 1 0 0 1
72 3 1 2 0 1 1
52 2 0 2 1 0 1
8 0 1 0 0 0 1
27 1 0 2 1 0 1
41 3 0 1 0 0 1
60 2 0 3 2 0 1
78 3 0 1 0 2 1
40 0 0 0 0 0 1
77 1 1 3 0 1 1
83 8 1 2 2 2 1
97 8 3 3 3 1 1
98 5 2 3 0 1 2
52 1 2 2 0 0 1
35 1 2 0 0 1 1
49 2 0 2 1 0 1
39 3 2 1 2 1 0
92 5 2 1 1 1 1
25 3 1 3 1 0 0
93 1 1 2 0 0 2
30 2 2 1 0 1 0
19 0 0 2 0 1 0
88 5 3 1 1 0 2
86 2 2 0 0 2 1
28 1 1 0 0 0 1
26 2 0 0 1 0 1
56 1 0 0 1 0 1
49 3 1 0 0 0 1
66 0 1 3 1 1 1
50 3 1 1 0 1 1
7 4 0 0 1 0 0
58 1 1 2 1 0 1
92 3 3 1 1 2 1
40 0 1 0 0 0 1
72 1 0 4 0 1 1
41 3 1 1 3 0 1
95 2 0 1 2 1 1
50 3 2 1 1 0 1
60 3 4 1 1 0 1
4 2 0 1 0 0 0
52 1 2 1 1 2 0
53 4 0 5 0 0 1
99 4 3 5 0 1 1
82 2 2 1 0 4 0
44 5 1 1 2 0 1
28 0 0 0 0 0 1
46 3 1 0 0 0 1
54 4 2 1 0 1 1
67 1 2 1 2 2 0
19 0 0 0 0 0 1
60 0 1 1 0 2 1
57 6 2 1 3 0 1
45 2 0 1 0 1 1
63 3 1 3 0 1 1
95 6 2 0 3 0 2
60 3 2 1 0 0 1
27 4 0 1 0 0 1
17 1 0 0 0 0 1
70 3 3 2 2 2 0
86 4 1 3 0 1 1
65 2 1 0 0 1 1
34 0 1 1 1 0 1
37 3 1 0 2 1 0
99 7 3 0 2 2 1
74 2 6 3 2 2 0
50 3 1 2 0 2 0
30 2 1 1 2 0 1
63 1 4 2 2 0 1
64 1 0 1 1 0 1
25 0 0 0 2 0 1
76 3 4 0 1 1 1
44 0 1 1 1 1 1
72 2 2 1 0 0 2
86 3 0 1 3 2 1
53 3 0 1 0 1 1
64 3 2 1 1 2 1
35 0 0 0 0 0 1
29 1 1 1 1 0 1
66 1 0 0 1 2 1
28 3 3 2 0 0 1
97 3 3 1 1 1 2
13 4 3 0 0 1 0
46 2 0 1 1 0 1
40 1 2 0 1 0 1
37 4 2 0 1 0 1
51 2 0 1 3 0 1
78 2 5 1 1 2 1
9 2 2 0 0 1 0
23 1 1 0 0 0 1
94 5 4 3 4 0 1
59 2 2 1 2 0 1
19 1 0 0 1 1 0
99 2 4 2 2 2 1
61 2 2 0 1 1 1
94 1 3 3 2 1 1
93 6 0 2 1 2 1
76 0 0 2 0 1 1
38 1 1 0 0 0 1
26 2 2 0 0 0 1
43 1 1 2 1 0 1
28 1 3 3 0 1 0
67 1 0 1 1 1 1
41 4 3 1 1 0 1
45 1 2 1 0 1 1
88 3 2 3 0 1 1
28 3 1 3 1 0 0
69 1 3 1 1 1 1
51 4 2 3 1 0 1
71 1 0 1 0 3 1
51 2 2 3 0 1 1
46 1 1 1 1 0 1
84 2 4 5 1 1 1
48 1 1 0 4 0 1
72 2 3 0 1 2 1
65 4 0 0 0 0 2
72 0 0 0 0 3 1
47 1 2 3 1 0 1
28 1 2 1 1 1 0
62 3 4 3 1 1 1
89 1 0 2 1 1 1
45 1 3 3 1 0 1
59 4 1 0 0 1 1
22 1 1 2 1 0 0
70 0 0 0 0 0 2
61 0 2 2 1 0 1
82 1 3 2 2 1 1
40 3 0 1 1 0 1
97 1 1 2 2 3 1
45 1 0 0 0 0 1
95 10 4 2 3 1 1
63 3 5 1 1 1 1
91 3 3 3 0 0 2
99 3 2 2 2 0 2
99 1 0 1 0 0 2
61 4 4 0 0 2 1
57 1 1 0 0 0 2
33 0 3 0 0 0 1
40 2 2 1 0 0 1
71 0 0 0 1 2 1
44 1 1 1 1 1 1
67 0 1 2 1 1 1
62 4 3 3 0 2 0
90 1 3 0 0 2 1
50 1 1 0 1 0 1
79 4 1 4 2 1 1
34 1 2 0 1 1 0
97 2 2 2 0 2 1
59 1 1 0 0 0 2
43 4 2 1 0 1 1
25 2 0 2 2 0 0
24 2 0 0 1 0 1
95 2 2 5 1 2 1
26 2 1 1 0 0 1
81 3 2 2 2 0 1
81 3 1 0 2 0 2
75 2 3 1 2 0 1
57 0 1 2 1 1 1
10 0 1 0 0 1 0
91 1 4 3 0 1 1
33 3 1 0 0 2 0
79 3 0 5 1 1 1
72 1 2 2 1 3 0
82 3 2 0 0 0 2
57 5 1 0 0 1 1
52 1 2 4 1 0 1
63 2 0 0 0 0 2
69 2 2 2 2 0 1
52 3 2 0 0 0 1
32 1 0 0 0 0 1
88 2 1 1 0 0 2
99 4 2 8 1 3 0
12 0 2 1 0 0 1
92 4 2 0 1 1 2
27 3 2 2 0 0 1
48 0 1 2 1 0 1
51 1 0 1 2 1 1
46 0 1 1 0 0 1
95 2 2 3 2 3 0
84 3 0 4 3 2 0
47 6 1 2 0 0 1
25 0 1 1 0 0 1
79 4 4 2 1 1 1
76 2 4 1 2 0 1
7 2 2 0 0 1 0
50 2 0 3 0 1 1
81 0 2 1 1 1 1
24 0 0 0 0 0 1
55 0 0 1 0 2 1
16 3 2 2 0 0 0
47 2 2 0 1 0 1
67 3 4 2 2 1 1
9 1 1 0 0 0 1
80 4 3 2 1 2 1
53 2 4 5 0 1 0
73 1 0 3 1 1 1
18 2 0 0 0 0 1
29 5 1 0 0 2 0
22 3 0 0 0 1 0
77 3 0 0 1 2 1
49 3 1 2 1 0 1
79 4 6 1 3 1 1
54 5 2 1 0 1 1
79 2 0 0 1 2 1
20 2 1 1 1 0 1
70 2 0 0 1 1 1
92 3 2 0 3 2 1
47 3 0 1 1 2 0
20 1 2 0 1 1 0
72 4 0 0 2 1 1
11 3 0 0 0 1 0
68 5 5 2 1 0 1
78 6 3 2 3 0 1
46 0 1 3 2 0 1
59 4 0 1 2 0 1
48 4 0 1 2 1 0
34 2 1 0 0 0 1
49 2 1 1 2 0 1
33 1 2 0 1 1 0
76 1 2 2 2 1 1
78 5 2 5 0 1 1
31 1 0 1 0 1 1
56 2 2 0 1 0 1
31 1 0 0 0 0 1
92 0 0 1 0 0 2
69 5 4 1 1 3 0
77 4 3 3 1 3 0
69 2 0 2 0 1 1
44 2 2 1 3 0 1
20 2 0 3 0 0 1
64 4 0 0 2 0 1
66 3 1 2 1 0 1
57 4 2 6 2 0 0
79 3 3 1 3 2 0
81 4 3 0 2 1 1
94 4 1 1 0 2 1
76 1 5 3 2 0 1
20 2 1 0 0 0 1
91 3 4 1 0 1 2
59 1 1 0 0 0 2
11 0 0 0 0 0 1
41 0 1 1 1 0 1
52 0 2 1 1 0 1
44 2 0 3 2 1 0
43 1 0 1 2 1 0
69 1 0 2 1 1 1
82 2 2 2 5 1 0
34 0 1 3 1 0 1
36 4 1 2 0 0 1
73 2 2 2 3 0 1
62 2 3 1 0 0 1
47 1 1 0 3 0 1
94 2 2 1 3 0 2
56 0 0 2 2 0 1
52 1 2 0 0 0 1
47 1 1 1 2 0 1
55 1 0 0 1 1 1
39 4 6 1 0 0 1
72 1 1 2 2 2 0
33 1 0 0 0 0 1
20 2 0 1 0 0 1
21 2 2 1 0 1 0
29 0 0 1 0 0 1
98 4 1 0 1 0 2
71 2 0 1 1 2 1
46 2 1 1 0 1 1
81 1 1 1 1 0 2
86 1 4 2 3 1 1
69 2 2 3 0 1 1
92 2 0 3 0 4 0
25 1 0 1 1 0 1
11 1 0 0 0 0 1
72 1 1 2 0 0 2
49 0 0 0 0 0 1
73 6 2 1 1 1 1
60 0 1 0 1 1 1
39 4 3 0 0 1 1
43 2 2 3 2 1 0
61 7 2 4 0 1 1
83 2 4 3 0 0 2
86 1 0 0 1 3 1
55 5 1 1 0 1 1
38 2 6 0 0 0 1
36 1 1 1 0 1 1
25 2 1 1 1 1 0
96 1 0 1 0 1 2
79 1 4 3 2 1 1
18 0 2 1 0 0 1
29 6 4 1 0 0 1
57 5 1 0 2 0 1
36 5 1 0 0 2 0
11 1 1 1 0 1 0
42 0 1 1 0 1 1
77 1 0 1 0 4 0
96 4 0 0 0 0 2
61 6 2 0 3 0 1
82 4 2 1 0 0 2
10 1 0 1 0 0 1
16 0 1 0 0 0 1
25 3 1 0 0 0 1
51 2 0 0 2 2 0
90 3 0 1 3 0 2
84 2 1 0 0 0 2
66 1 2 3 0 0 1
44 2 1 0 0 0 1
77 2 2 5 2 1 1
75 4 4 6 1 0 1
43 4 1 3 2 0 1
82 1 0 1 1 2 1
87 7 1 2 1 0 2
84 0 0 0 1 0 2
23 3 4 1 1 0 0
54 4 0 1 1 0 1
84 2 3 3 2 1 1
54 3 1 1 1 1 1
27 1 1 2 2 0 0
56 2 2 1 2 2 0
54 3 3 0 0 3 0
35 1 1 2 1 0 1
40 1 2 2 1 0 1
28 1 0 0 1 0 1
64 2 1 5 0 0 1
31 2 1 1 0 0 1
80 3 3 1 2 1 1
43 1 3 0 1 0 1
36 3 3 2 2 0 0
90 4 3 1 1 2 1
35 1 0 1 1 0 1
28 2 1 0 0 0 1
82 1 4 2 2 1 1
63 5 1 0 0 1 1
27 2 1 0 1 0 1
97 2 0 0 1 0 2
80 5 3 2 0 1 1
74 6 1 0 1 0 2
16 0 2 0 0 0 1
46 2 1 0 0 1 1
88 6 3 3 2 3 0
97 2 2 2 2 0 2
79 4 1 0 1 0 2
62 1 2 2 2 0 1
33 1 3 2 1 1 0
51 0 1 0 1 1 1
74 4 3 2 0 0 2
36 2 1 0 0 0 1
29 2 1 0 1 1 0
63 1 3 1 3 0 1
40 0 1 1 1 0 1
77 3 3 1 2 1 1
54 3 2 3 0 0 1
61 1 2 0 1 1 1
77 0 1 1 1 1 1
98 2 2 2 2 1 1
70 3 4 2 1 0 1
65 6 8 2 1 1 1
63 4 3 3 1 2 0
53 0 2 1 0 1 1
96 5 3 0 2 2 1
95 0 5 1 3 3 0
81 4 1 0 1 1 1
18 0 0 0 1 0 1
46 2 3 1 1 0 1
81 7 2 0 2 1 1
93 6 6 1 1 1 1
36 1 0 0 0 0 1
78 2 1 1 1 1 1
14 2 1 1 0 0 1
36 1 0 0 1 0 1
15 3 0 1 0 0 1
62 5 1 4 2 0 1
42 5 2 3 0 0 1
81 7 0 3 1 0 1
