88 4 14 9 4 57
1000
12 0 0 0 0 0 1
12 0 0 0 0 0 1
12 0 0 0 0 0 1
12 0 0 0 0 0 1
12 0 0 0 0 0 1
13 3 0 0 1 0 0
52 2 1 1 0 0 1
12 0 0 0 0 0 1
12 0 0 0 0 0 1
65 4 3 1 0 2 1
35 5 1 0 0 0 1
30 3 4 0 1 0 1
55 4 1 1 0 0 1
12 0 0 0 0 0 1
12 0 0 0 0 0 1
97 2 5 2 2 0 2
34 2 3 3 1 1 0
99 2 0 2 1 0 2
12 0 0 0 0 0 1
12 0 0 0 0 0 1
12 0 0 0 0 0 1
14 2 2 1 1 0 0
50 3 1 2 2 0 1
83 1 2 0 0 1 2
92 1 1 0 0 1 2
46 3 2 3 1 0 1
12 0 0 0 0 0 1
73 1 1 2 1 1 1
13 4 2 0 0 0 1
12 0 0 0 0 0 1
68 2 2 3 4 1 0
12 0 0 0 0 0 1
54 2 4 1 2 0 1
19 1 5 2 0 0 0
61 6 3 3 1 2 0
12 0 0 0 0 0 1
79 7 1 0 2 0 1
33 1 1 1 2 0 1
74 4 5 2 1 2 0
63 4 3 2 0 2 1
54 4 0 0 0 0 1
12 0 0 0 0 0 1
39 12 1 3 1 0 0
12 0 0 0 0 0 1
46 1 5 1 2 1 0
12 0 0 0 0 0 1
12 0 0 0 0 0 1
57 3 2 4 2 1 0
34 5 3 2 1 0 1
12 0 0 0 0 0 1
12 0 0 0 0 0 1
50 4 1 3 0 1 1
28 4 1 2 0 1 0
90 4 4 2 0 0 2
12 0 0 0 0 0 1
30 1 0 0 0 0 1
81 1 1 1 1 1 1
12 0 0 0 0 0 1
12 0 0 0 0 0 1
12 0 0 0 0 0 1
12 0 0 0 0 0 1
12 0 0 0 0 0 1
12 0 0 0 0 0 1
12 0 0 0 0 0 1
54 7 3 0 1 1 1
67 1 4 2 1 0 1
40 3 2 0 0 1 1
12 0 0 0 0 0 1
12 0 0 0 0 0 1
12 0 0 0 0 0 1
12 0 0 0 0 0 1
78 4 0 3 1 0 1
71 4 6 1 0 0 1
62 4 1 4 0 1 1
12 0 0 0 0 0 1
41 2 1 0 1 0 1
60 2 0 1 0 0 2
53 2 3 1 1 0 1
12 0 0 0 0 0 1
12 0 0 0 0 0 1
12 0 0 0 0 0 1
30 0 0 0 1 1 0
12 0 0 0 0 0 1
99 5 2 3 2 0 2
12 0 0 0 0 0 1
59 2 3 2 1 1 1
89 3 4 1 0 2 1
52 2 0 0 1 2 0
12 0 0 0 0 0 1
12 0 0 0 0 0 1
48 2 0 1 0 1 1
21 1 0 0 0 1 0
12 0 0 0 0 0 1
85 3 1 4 0 1 1
12 0 0 0 0 0 1
12 0 0 0 0 0 1
12 0 0 0 0 0 1
9 1 1 0 0 0 1
12 0 0 0 0 0 1
12 0 0 0 0 0 1
22 1 0 1 1 0 1
56 3 3 1 0 0 1
12 0 0 0 0 0 1
12 0 0 0 0 0 1
68 1 0 0 0 0 2
79 6 5 2 2 2 0
71 2 1 1 1 2 1
92 3 0 0 2 0 2
12 0 0 0 0 0 1
80 0 2 0 0 2 1
56 4 1 2 2 1 0
71 1 2 3 3 0 1
12 0 0 0 0 0 1
25 0 2 1 0 1 0
57 0 2 1 1 1 1
12 0 0 0 0 0 1
12 0 0 0 0 0 1
12 0 0 0 0 0 1
12 0 0 0 0 0 1
69 0 1 1 0 0 2
92 1 1 3 0 1 2
12 0 0 0 0 0 1
36 1 4 2 2 0 0
9 1 0 1 1 0 0
45 3 7 2 1 1 0
12 0 0 0 0 0 1
17 3 2 0 1 0 0
12 0 0 0 0 0 1
31 1 0 0 1 1 0
93 5 4 0 3 0 1
12 0 0 0 0 0 1
7 2 1 1 0 0 0
3 3 0 0 0 0 0
97 5 4 3 2 0 1
27 4 6 2 1 0 0
12 0 0 0 0 0 1
98 0 2 1 0 0 2
26 3 2 1 1 0 1
16 3 0 0 1 0 1
82 3 3 3 1 2 1
32 2 1 0 1 0 1
6 4 1 0 0 0 0
76 3 4 2 3 2 0
80 3 4 1 0 2 1
12 0 0 0 0 0 1
62 1 1 0 1 2 1
12 0 0 0 0 0 1
75 5 2 0 0 0 2
12 0 0 0 0 0 1
12 0 0 0 0 0 1
12 0 0 0 0 0 1
97 2 1 1 0 1 2
12 0 0 0 0 0 1
64 4 3 2 1 2 0
43 5 1 1 2 1 0
12 0 0 0 0 0 1
12 0 0 0 0 0 1
64 4 3 3 1 0 1
54 4 3 1 1 2 0
50 7 3 4 2 0 0
62 6 5 1 1 1 1
12 0 0 0 0 0 1
43 2 1 1 1 0 1
88 3 5 1 3 1 1
12 0 0 0 0 0 1
12 0 0 0 0 0 1
31 5 3 2 1 0 0
47 3 2 1 1 0 1
12 0 0 0 0 0 1
65 3 4 3 1 1 1
71 2 4 1 1 1 1
12 0 0 0 0 0 1
12 0 0 0 0 0 1
73 3 0 4 0 0 1
7 0 1 1 0 0 0
12 0 0 0 0 0 1
12 0 0 0 0 0 1
32 3 3 2 0 0 1
12 0 0 0 0 0 1
72 3 2 4 2 1 1
12 0 0 0 0 0 1
51 2 2 0 2 0 1
39 5 3 0 2 1 0
12 0 0 0 0 0 1
12 0 0 0 0 0 1
56 5 3 2 1 2 0
12 0 0 0 0 0 1
22 3 0 1 1 1 0
81 2 2 0 0 0 2
12 0 0 0 0 0 1
7 1 1 1 0 0 0
63 2 2 1 0 1 1
12 0 0 0 0 0 1
49 4 1 1 0 0 1
70 0 1 0 0 1 1
12 0 0 0 0 0 1
12 0 0 0 0 0 1
98 2 3 1 0 1 2
12 0 0 0 0 0 1
78 2 7 0 1 0 2
12 0 0 0 0 0 1
49 5 2 3 0 0 1
12 0 0 0 0 0 1
77 2 3 4 2 0 1
12 0 0 0 0 0 1
99 4 4 6 1 1 1
9 5 0 1 0 0 0
17 3 2 0 1 0 0
39 4 5 0 1 1 0
61 2 2 2 2 0 1
12 0 0 0 0 0 1
12 0 0 0 0 0 1
48 4 4 1 2 1 0
46 6 0 1 1 1 1
87 2 5 3 1 0 1
12 0 0 0 0 0 1
12 0 0 0 0 0 1
12 0 0 0 0 0 1
52 2 1 1 1 0 1
12 0 0 0 0 0 1
98 3 1 1 1 1 2
12 0 0 0 0 0 1
12 0 0 0 0 0 1
44 8 2 1 2 1 0
12 0 0 0 0 0 1
10 5 1 1 0 0 0
12 0 0 0 0 0 1
19 1 6 2 0 0 0
79 2 5 0 2 1 1
65 1 1 1 1 3 0
12 0 0 0 0 0 1
19 2 1 0 0 0 1
12 0 0 0 0 0 1
12 0 0 0 0 0 1
79 4 0 2 1 0 2
77 3 6 3 0 1 1
25 0 1 2 0 1 0
97 1 1 3 6 1 0
23 3 0 0 0 1 0
45 3 1 3 1 0 1
98 5 4 2 1 2 1
91 1 4 0 1 2 1
60 2 3 3 3 1 0
28 2 1 0 0 0 1
19 0 0 0 0 0 1
21 0 2 2 1 0 0
76 3 4 1 0 1 1
66 3 2 0 1 1 1
12 0 0 0 0 0 1
12 0 0 0 0 0 1
53 0 2 0 0 1 1
37 2 3 2 1 0 1
12 0 0 0 0 0 1
12 0 0 0 0 0 1
61 1 2 3 1 1 1
12 0 0 0 0 0 1
61 0 4 3 1 2 0
19 3 3 2 0 0 0
90 3 4 4 2 1 1
12 0 0 0 0 0 1
12 0 0 0 0 0 1
12 0 0 0 0 0 1
12 0 0 0 0 0 1
38 1 1 1 1 1 0
12 0 0 0 0 0 1
97 3 2 1 0 1 2
14 0 0 0 0 0 1
91 3 2 2 0 3 1
96 4 3 1 2 1 1
12 0 0 0 0 0 1
98 3 1 1 1 1 2
12 0 0 0 0 0 1
62 3 1 3 1 2 0
89 4 6 1 0 1 1
12 0 0 0 0 0 1
56 2 2 1 0 1 1
73 2 1 3 0 0 2
12 0 0 0 0 0 1
12 0 0 0 0 0 1
12 0 0 0 0 0 1
11 1 0 0 1 0 0
61 1 2 0 0 1 1
56 4 1 0 1 0 1
12 0 0 0 0 0 1
12 0 0 0 0 0 1
69 4 0 5 2 1 0
87 1 0 1 2 0 2
62 2 0 0 1 0 1
78 1 1 1 2 0 1
12 0 0 0 0 0 1
12 0 0 0 0 0 1
12 0 0 0 0 0 1
12 0 0 0 0 0 1
12 0 0 0 0 0 1
57 1 3 0 2 2 0
12 0 0 0 0 0 1
39 1 3 0 0 1 1
86 2 2 1 0 1 2
42 1 3 0 4 0 0
12 0 0 0 0 0 1
9 0 2 1 0 0 0
75 4 1 0 3 1 1
85 3 2 4 1 0 1
85 4 5 4 1 3 0
54 6 2 1 1 2 0
12 0 0 0 0 0 1
12 0 0 0 0 0 1
13 2 2 1 1 0 0
12 0 0 0 0 0 1
75 1 2 2 1 0 1
12 0 0 0 0 0 1
70 0 1 2 1 0 1
12 0 0 0 0 0 1
12 0 0 0 0 0 1
73 4 2 1 4 1 0
12 0 0 0 0 0 1
36 2 6 2 1 1 0
9 0 0 0 0 0 1
12 0 0 0 0 0 1
12 0 0 0 0 0 1
12 0 0 0 0 0 1
34 3 1 0 0 1 1
12 0 0 0 0 0 1
35 1 1 1 1 0 1
42 2 0 3 0 1 1
74 1 4 3 0 1 1
16 1 2 0 1 1 0
12 0 0 0 0 0 1
21 2 1 0 2 0 0
37 0 0 0 1 0 1
12 0 0 0 0 0 1
30 3 3 0 0 0 1
12 0 0 0 0 0 1
12 0 0 0 0 0 1
56 2 1 1 2 0 1
12 0 0 0 0 0 1
22 0 1 0 0 1 0
42 1 1 2 0 0 1
12 0 0 0 0 0 1
12 0 0 0 0 0 1
48 4 6 4 2 0 0
88 6 2 2 1 2 1
59 0 2 0 0 1 1
12 0 0 0 0 0 1
46 2 2 0 2 1 0
49 5 5 1 2 1 0
90 2 1 1 2 3 1
12 0 0 0 0 0 1
12 0 0 0 0 0 1
12 0 0 0 0 0 1
88 1 2 2 1 2 1
17 2 0 0 1 0 1
45 2 4 4 0 1 0
12 0 0 0 0 0 1
27 6 2 1 0 0 1
64 5 1 0 0 1 1
12 0 0 0 0 0 1
12 0 0 0 0 0 1
91 3 2 0 4 1 1
43 3 1 0 0 0 1
12 0 0 0 0 0 1
61 4 2 3 0 1 1
71 2 1 1 1 1 1
12 0 0 0 0 0 1
77 3 3 3 1 1 1
77 3 2 0 0 1 1
6 3 2 0 0 0 0
12 0 0 0 0 0 1
12 0 0 0 0 0 1
12 0 0 0 0 0 1
56 5 2 4 1 0 1
12 0 0 0 0 0 1
75 3 1 5 1 2 0
33 4 3 0 0 0 1
34 4 2 1 0 0 1
38 2 2 1 3 0 0
93 1 0 5 2 0 1
65 6 1 1 1 0 1
64 1 4 2 2 2 0
48 4 2 0 1 0 1
12 0 0 0 0 0 1
79 5 3 2 2 0 1
12 0 0 0 0 0 1
75 4 3 1 2 2 0
12 0 0 0 0 0 1
55 2 1 2 1 1 1
36 3 1 0 0 0 1
12 0 0 0 0 0 1
76 4 4 1 3 2 0
34 2 1 1 0 0 1
4 1 2 0 0 0 0
36 3 2 1 0 1 1
31 3 1 0 1 0 1
12 0 0 0 0 0 1
59 3 4 1 1 2 0
54 4 3 2 1 0 1
50 3 2 0 1 0 1
72 3 2 1 1 0 1
61 1 3 3 1 1 1
97 4 3 2 1 2 1
66 4 2 1 1 3 0
24 2 2 3 1 0 0
12 0 0 0 0 0 1
12 0 0 0 0 0 1
57 4 3 0 1 2 0
12 0 0 0 0 0 1
61 1 2 0 1 0 1
59 1 0 2 0 2 1
12 0 0 0 0 0 1
12 0 0 0 0 0 1
54 6 1 1 2 1 1
49 0 0 1 0 0 1
12 0 0 0 0 0 1
12 0 0 0 0 0 1
12 0 0 0 0 0 1
95 7 4 4 3 2 0
96 1 2 0 0 0 2
72 1 0 1 0 2 1
31 8 3 0 1 1 0
12 0 0 0 0 0 1
12 0 0 0 0 0 1
78 4 0 3 0 1 1
12 0 0 0 0 0 1
12 0 0 0 0 0 1
12 0 0 0 0 0 1
94 3 3 3 0 1 1
48 4 0 4 2 1 0
12 0 0 0 0 0 1
12 0 0 0 0 0 1
12 0 0 0 0 0 1
21 1 3 1 0 1 0
70 2 0 1 0 0 2
12 0 0 0 0 0 1
75 2 5 0 0 1 1
46 3 6 1 1 1 0
40 2 1 0 1 2 0
71 2 3 1 3 0 1
12 0 0 0 0 0 1
7 2 1 0 0 0 1
12 0 0 0 0 0 1
34 1 3 0 2 1 0
12 0 0 0 0 0 1
12 0 0 0 0 0 1
12 0 0 0 0 0 1
43 1 3 0 1 0 1
12 0 0 0 0 0 1
72 2 0 0 0 0 2
92 1 1 4 0 4 0
12 0 0 0 0 0 1
12 0 0 0 0 0 1
76 3 5 3 3 0 1
12 0 0 0 0 0 1
74 4 2 4 2 1 1
49 4 3 2 1 1 0
53 0 0 2 0 1 1
12 0 0 0 0 0 1
36 3 2 0 1 0 1
12 0 0 0 0 0 1
12 0 0 0 0 0 1
12 0 0 0 0 0 1
12 0 0 0 0 0 1
48 4 2 0 0 2 0
84 5 2 1 0 1 1
93 1 5 1 1 0 2
12 0 0 0 0 0 1
14 1 3 1 1 0 0
12 0 0 0 0 0 1
12 0 0 0 0 0 1
16 4 5 1 0 0 0
12 0 0 0 0 0 1
12 0 0 0 0 0 1
95 2 2 4 0 1 1
55 3 1 0 1 0 1
12 0 0 0 0 0 1
12 0 0 0 0 0 1
21 0 0 0 2 0 1
98 7 2 2 2 1 1
66 2 5 2 1 2 0
12 0 0 0 0 0 1
53 0 1 0 1 3 0
12 0 0 0 0 0 1
4 2 1 0 0 0 0
12 0 0 0 0 0 1
70 6 5 1 2 2 0
12 0 0 0 0 0 1
42 4 6 0 0 0 1
12 0 0 0 0 0 1
93 4 2 1 2 3 0
32 1 3 1 2 0 0
78 1 3 2 2 1 1
58 3 3 1 0 0 1
12 0 0 0 0 0 1
12 0 0 0 0 0 1
35 5 0 2 2 0 0
12 0 0 0 0 0 1
77 2 2 1 0 1 1
15 1 1 0 1 0 1
12 0 0 0 0 0 1
23 1 1 0 2 0 0
12 0 0 0 0 0 1
55 0 3 0 1 1 1
1 1 0 0 0 0 0
12 0 0 0 0 0 1
4 3 1 0 0 0 0
12 0 0 0 0 0 1
72 2 3 1 0 1 1
91 3 3 1 3 1 1
69 2 1 4 1 0 1
12 0 0 0 0 0 1
12 0 0 0 0 0 1
12 0 0 0 0 0 1
18 0 3 2 1 0 0
19 2 1 1 1 0 0
12 0 0 0 0 0 1
72 5 1 1 1 0 1
12 0 0 0 0 0 1
12 0 0 0 0 0 1
40 1 2 0 0 2 0
68 3 5 1 3 1 0
12 0 0 0 0 0 1
50 3 4 1 2 0 1
12 0 0 0 0 0 1
12 0 0 0 0 0 1
12 0 0 0 0 0 1
51 3 4 2 1 1 0
49 2 0 0 0 0 1
30 3 1 2 1 1 0
12 0 0 0 0 0 1
12 0 0 0 0 0 1
12 0 0 0 0 0 1
12 0 0 0 0 0 1
95 3 2 5 2 1 1
12 0 0 0 0 0 1
22 0 0 0 0 0 1
46 4 1 2 1 0 1
90 3 0 3 2 2 1
34 5 3 2 0 1 0
73 4 2 3 3 1 0
76 2 4 1 1 1 1
39 2 2 1 0 0 1
64 1 0 1 1 2 1
12 0 0 0 0 0 1
12 0 0 0 0 0 1
85 1 2 2 2 0 1
12 0 0 0 0 0 1
64 3 3 3 2 1 0
96 1 0 1 3 3 0
12 0 0 0 0 0 1
54 3 4 1 2 0 1
12 0 0 0 0 0 1
12 0 0 0 0 0 1
12 0 0 0 0 0 1
12 0 0 0 0 0 1
95 2 3 3 1 0 2
54 4 2 1 3 1 0
12 0 0 0 0 0 1
15 3 1 2 0 0 0
12 0 0 0 0 0 1
48 2 4 3 1 0 1
83 2 0 1 1 1 1
22 3 2 1 1 0 0
84 2 1 2 0 1 1
9 3 2 1 0 0 0
12 0 0 0 0 0 1
12 0 0 0 0 0 1
12 0 0 0 0 0 1
19 0 2 1 1 0 0
52 0 0 1 0 0 1
94 3 3 0 0 0 2
12 0 0 0 0 0 1
97 2 5 2 1 4 0
18 2 3 0 1 0 0
34 4 0 2 0 1 0
88 2 1 3 3 2 0
88 4 2 2 2 0 1
12 0 0 0 0 0 1
88 3 1 4 1 0 2
12 0 0 0 0 0 1
88 3 6 3 1 1 1
84 2 2 1 4 0 1
42 2 3 2 1 0 1
69 4 2 2 1 2 1
63 1 0 2 3 1 1
12 0 0 0 0 0 1
89 2 1 2 2 3 0
46 1 2 2 0 2 0
70 0 1 5 1 0 1
39 2 3 4 1 1 0
12 0 0 0 0 0 1
12 0 0 0 0 0 1
92 2 0 2 2 3 0
93 1 1 0 2 1 1
39 1 2 2 0 0 1
42 0 3 2 1 0 1
45 0 2 1 1 0 1
12 0 0 0 0 0 1
54 3 3 1 1 2 0
12 0 0 0 0 0 1
63 0 2 1 3 2 0
62 5 4 0 2 0 1
15 3 0 0 1 0 1
81 3 1 1 0 1 2
76 0 1 0 3 0 1
83 1 1 1 2 1 1
92 2 0 0 0 0 2
12 0 0 0 0 0 1
50 6 2 1 0 1 1
12 0 0 0 0 0 1
83 3 4 4 1 3 0
12 0 0 0 0 0 1
63 1 1 1 0 1 1
6 2 1 0 0 0 1
83 1 1 1 0 0 2
52 7 3 0 3 0 1
45 3 0 2 0 2 0
12 0 0 0 0 0 1
12 0 0 0 0 0 1
12 0 0 0 0 0 1
73 1 1 1 2 0 1
12 0 0 0 0 0 1
89 0 1 2 1 4 0
42 4 2 4 0 1 0
12 0 0 0 0 0 1
74 5 2 1 1 0 1
12 0 0 0 0 0 1
47 0 5 0 1 0 1
57 2 2 1 1 1 1
12 0 0 0 0 0 1
12 0 0 0 0 0 1
85 4 1 3 0 1 1
12 0 0 0 0 0 1
86 1 0 1 0 0 2
12 0 0 0 0 0 1
90 0 1 0 3 0 2
70 0 1 3 1 0 1
97 2 1 1 1 0 2
12 0 0 0 0 0 1
54 4 0 1 0 1 1
12 0 0 0 0 0 1
43 1 2 2 0 0 1
12 0 0 0 0 0 1
12 0 0 0 0 0 1
49 2 1 1 2 1 0
64 2 4 3 2 1 0
28 0 0 1 1 0 1
48 2 3 2 0 0 1
35 2 4 0 0 1 1
12 0 0 0 0 0 1
62 1 5 6 1 0 1
72 1 2 1 2 0 1
12 0 0 0 0 0 1
49 4 1 5 1 0 1
12 0 0 0 0 0 1
66 5 3 5 2 0 1
58 1 2 3 1 2 0
12 1 3 0 0 0 1
67 2 4 1 1 3 0
12 0 0 0 0 0 1
82 3 1 4 2 0 1
21 4 1 1 1 0 0
12 0 0 0 0 0 1
58 5 2 1 3 0 1
12 0 0 0 0 0 1
44 1 4 1 1 1 0
12 0 0 0 0 0 1
56 2 2 1 1 2 0
12 0 0 0 0 0 1
83 1 3 1 2 1 1
12 0 0 0 0 0 1
12 0 0 0 0 0 1
12 0 0 0 0 0 1
96 0 0 0 0 2 2
44 3 3 1 1 1 0
12 0 0 0 0 0 1
52 6 3 3 2 0 1
97 3 4 1 0 2 1
12 0 0 0 0 0 1
12 0 0 0 0 0 1
26 2 4 2 0 0 1
12 0 0 0 0 0 1
45 3 3 2 1 1 0
12 0 0 0 0 0 1
12 0 0 0 0 0 1
54 4 6 1 0 0 1
58 2 1 1 2 1 1
55 1 2 0 3 1 0
94 4 2 1 1 0 2
40 8 4 1 1 1 0
12 0 0 0 0 0 1
12 0 0 0 0 0 1
92 8 3 1 1 3 1
51 3 4 2 2 1 0
12 0 0 0 0 0 1
72 5 2 4 0 0 1
12 0 0 0 0 0 1
12 0 0 0 0 0 1
12 0 0 0 0 0 1
76 1 2 1 1 2 1
24 3 0 0 2 0 1
42 5 2 4 1 0 1
29 1 3 1 0 1 0
41 4 2 2 0 0 1
5 4 1 0 0 0 0
77 3 2 1 0 0 2
12 0 0 0 0 0 1
12 0 0 0 0 0 1
86 1 0 0 0 0 2
33 1 1 1 0 0 1
13 1 1 2 0 0 0
96 6 1 2 3 3 0
31 2 3 1 1 0 1
73 2 2 2 0 0 2
28 1 2 1 1 0 1
12 0 0 0 0 0 1
12 0 0 0 0 0 1
89 3 2 1 2 0 2
12 0 0 0 0 0 1
65 0 1 0 0 0 2
12 0 0 0 0 0 1
13 2 0 0 0 0 1
49 2 0 0 2 0 1
12 0 0 0 0 0 1
86 3 2 5 3 1 1
6 3 2 0 0 0 0
12 0 1 2 0 0 0
54 3 3 3 1 1 0
12 0 0 0 0 0 1
59 5 4 1 1 0 1
12 0 0 0 0 0 1
36 2 1 2 2 1 0
12 0 0 0 0 0 1
23 4 2 1 1 0 0
56 1 1 1 2 1 1
69 3 0 0 1 1 1
59 5 4 1 2 0 1
82 4 1 1 0 1 2
37 2 0 0 0 0 1
55 2 4 3 1 1 0
12 0 0 0 0 0 1
95 2 4 1 2 1 1
12 0 0 0 0 0 1
12 0 0 0 0 0 1
52 3 2 3 1 1 0
98 7 0 3 3 2 1
6 2 0 1 0 0 0
99 7 10 1 7 0 0
31 1 1 3 0 0 1
12 0 0 0 0 0 1
60 0 0 0 2 2 0
33 1 2 0 1 0 1
12 0 0 0 0 0 1
94 2 6 2 3 2 0
95 8 5 5 2 1 1
12 0 0 0 0 0 1
19 5 0 2 1 0 0
39 3 0 1 2 0 1
36 2 1 0 1 0 1
18 4 2 2 0 0 0
12 0 0 0 0 0 1
17 5 1 2 0 0 0
78 4 3 3 3 2 0
12 0 0 0 0 0 1
12 0 0 0 0 0 1
12 0 0 0 0 0 1
36 5 3 1 2 0 0
90 4 6 4 3 2 0
48 5 2 0 1 2 0
12 0 0 0 0 0 1
72 6 2 4 2 2 0
76 2 0 0 1 1 1
12 0 0 0 0 0 1
24 5 3 2 0 1 0
93 3 2 1 1 2 1
90 3 1 1 0 0 2
12 0 0 0 0 0 1
12 0 0 0 0 0 1
12 0 0 0 0 0 1
34 2 4 3 1 0 0
12 0 0 0 0 0 1
51 5 1 1 0 1 1
87 2 4 0 2 2 1
12 0 0 0 0 0 1
78 3 2 0 0 1 2
66 1 2 1 1 0 1
11 1 0 0 0 0 1
45 3 0 1 1 1 1
31 2 3 4 1 0 0
93 5 4 2 2 3 0
36 1 2 1 0 0 1
84 1 2 3 3 0 1
12 0 0 0 0 0 1
32 2 1 1 0 0 1
12 0 0 0 0 0 1
12 0 0 0 0 0 1
38 5 4 3 1 0 0
9 2 2 0 0 1 0
12 0 0 0 0 0 1
12 0 0 0 0 0 1
89 3 1 2 2 0 2
86 0 3 1 1 0 2
83 6 5 2 0 0 2
12 0 0 0 0 0 1
3 3 0 0 0 0 0
12 0 0 0 0 0 1
12 0 0 0 0 0 1
12 0 0 0 0 0 1
42 3 3 2 1 1 0
50 1 1 0 1 0 1
12 0 0 0 0 0 1
12 2 1 2 0 0 0
39 2 1 3 1 0 1
92 3 5 4 1 0 1
12 0 0 0 0 0 1
12 0 0 0 0 0 1
53 2 1 1 2 1 1
12 0 0 0 0 0 1
42 3 2 0 1 0 1
33 4 2 3 1 0 0
56 3 3 1 1 0 1
81 0 1 0 0 2 1
12 0 0 0 0 0 1
58 4 0 2 2 2 0
20 0 0 0 0 1 0
12 0 0 0 0 0 1
49 5 4 5 1 1 0
63 2 1 3 2 2 0
46 1 0 0 0 0 1
12 0 0 0 0 0 1
12 0 0 0 0 0 1
16 5 3 0 0 0 1
21 0 3 0 0 1 0
12 0 0 0 0 0 1
12 0 0 0 0 0 1
12 0 0 0 0 0 1
12 0 0 0 0 0 1
58 1 1 1 1 0 1
55 3 5 3 2 1 0
98 7 3 3 2 2 1
12 0 0 0 0 0 1
88 0 2 2 1 1 1
59 3 2 2 0 0 1
12 0 0 0 0 0 1
78 1 5 4 2 0 1
88 4 2 2 2 0 1
12 0 0 0 0 0 1
12 0 0 0 0 0 1
37 3 2 1 0 1 1
12 0 0 0 0 0 1
12 0 0 0 0 0 1
95 4 3 1 1 1 1
99 1 4 3 0 3 1
12 0 0 0 0 0 1
15 0 1 0 1 0 1
65 2 3 2 3 0 1
12 0 0 0 0 0 1
13 2 1 0 0 0 1
37 0 3 2 1 1 0
62 1 3 1 2 0 1
48 2 4 2 1 1 0
86 2 1 2 2 3 0
12 0 0 0 0 0 1
28 0 1 0 0 0 1
40 4 2 2 0 2 0
12 0 0 0 0 0 1
12 0 0 0 0 0 1
48 3 3 1 1 2 0
12 0 0 0 0 0 1
12 0 0 0 0 0 1
12 0 0 0 0 0 1
12 0 0 0 0 0 1
12 0 0 0 0 0 1
18 3 5 1 0 0 0
46 1 4 4 0 1 0
99 4 4 1 1 0 2
12 0 0 0 0 0 1
12 0 0 0 0 0 1
12 0 0 0 0 0 1
81 2 2 1 1 3 0
12 0 0 0 0 0 1
12 0 0 0 0 0 1
94 4 4 6 3 2 0
12 0 0 0 0 0 1
90 3 2 3 0 0 2
12 0 0 0 0 0 1
43 2 0 0 0 0 1
99 5 2 2 3 0 1
49 5 2 2 1 0 1
67 3 0 1 0 0 2
12 0 0 0 0 0 1
92 2 3 1 0 1 2
77 6 3 2 1 1 1
85 2 4 1 1 1 1
19 3 1 2 1 0 0
53 2 2 2 0 0 1
4 0 2 0 0 0 0
12 0 0 0 2 0 0
62 2 5 0 2 0 1
4 2 1 0 0 0 0
12 0 0 0 0 0 1
28 1 0 1 0 0 1
70 5 5 2 1 0 1
12 0 0 0 0 0 1
12 0 0 0 0 0 1
12 0 0 0 0 0 1
12 0 0 0 0 0 1
12 0 0 0 0 0 1
12 0 0 0 0 0 1
38 4 2 0 0 1 1
92 5 3 4 1 0 2
12 0 0 0 0 0 1
40 2 1 0 0 1 1
12 0 0 0 0 0 1
59 3 1 3 3 1 0
37 0 0 2 0 0 1
30 0 1 0 1 0 1
79 4 2 1 2 0 1
72 3 4 4 0 1 1
69 6 3 2 0 3 0
22 2 5 2 0 0 0
82 3 2 2 2 2 1
67 0 0 2 0 0 2
12 0 0 0 0 0 1
30 8 1 4 0 0 0
90 4 4 2 1 1 1
12 0 0 0 0 0 1
12 0 0 0 0 0 1
74 1 2 2 1 2 1
84 3 1 1 0 2 1
48 2 1 0 1 1 1
12 2 0 0 1 0 0
12 0 0 0 0 0 1
97 5 6 6 3 1 0
92 7 0 1 1 1 1
71 9 5 3 0 2 0
12 0 0 0 0 0 1
91 2 0 1 2 2 1
90 2 2 2 3 0 1
82 4 2 2 1 1 1
65 0 0 1 1 0 1
77 1 1 0 0 0 2
12 0 0 0 0 0 1
12 0 0 0 0 0 1
84 5 2 1 2 1 1
27 0 1 3 1 0 0
50 1 4 3 2 1 0
45 5 5 2 0 1 0
10 0 0 0 0 0 1
12 0 0 0 0 0 1
12 0 0 0 0 0 1
62 0 0 1 1 1 1
87 2 1 1 0 2 1
64 1 0 1 1 0 1
12 0 0 0 0 0 1
11 0 3 1 0 0 0
12 0 0 0 0 0 1
12 0 0 0 0 0 1
42 1 0 3 0 1 1
12 0 0 0 0 0 1
12 0 0 0 0 0 1
12 0 0 0 0 0 1
95 3 5 3 2 1 1
89 2 2 1 2 1 1
48 2 3 1 2 0 1
12 0 0 0 0 0 1
12 0 0 0 0 0 1
40 2 4 2 2 0 0
12 0 0 0 0 0 1
42 1 0 0 0 1 1
12 0 0 0 0 0 1
12 0 0 0 0 0 1
72 2 3 0 0 1 1
43 4 2 3 2 0 0
78 1 0 1 0 2 1
12 0 0 0 0 0 1
43 5 5 1 0 2 0
43 3 3 0 0 1 1
96 0 2 1 0 3 1
58 3 3 3 3 0 1
12 0 0 0 0 0 1
1 1 0 0 0 0 0
12 0 0 0 0 0 1
12 0 0 0 0 0 1
83 4 2 1 1 0 2
62 3 2 4 0 1 1
81 1 1 0 1 0 2
65 1 1 2 2 0 1
49 2 1 1 1 0 1
12 0 0 0 0 0 1
12 0 0 0 0 0 1
91 3 3 1 0 0 2
81 2 4 2 2 1 1
38 4 2 0 1 0 1
69 3 3 1 1 1 1
12 0 0 0 0 0 1
12 0 0 0 0 0 1
40 2 2 1 0 0 1
60 5 2 1 2 0 1
12 0 0 0 0 0 1
92 3 2 1 1 1 1
51 1 4 1 3 0 1
