9 5 4 8 2 7
1000
81 3 4 0 1 1 1
70 1 2 2 2 2 0
28 0 0 0 0 0 1
80 2 2 2 1 2 1
16 1 1 1 0 1 0
12 3 0 0 0 0 1
55 4 1 1 2 0 1
52 3 0 1 1 1 1
22 1 0 0 1 1 0
25 1 6 0 1 0 1
28 2 2 0 0 1 1
76 4 0 0 1 0 2
65 4 1 2 0 2 1
94 4 3 2 1 1 1
77 5 5 2 2 1 1
76 7 1 0 2 0 1
88 1 4 0 4 2 0
12 3 0 0 1 0 0
45 0 0 0 0 0 1
81 4 1 1 1 2 1
82 1 4 1 2 1 1
76 3 0 2 0 0 2
63 2 2 2 4 0 1
25 6 3 1 0 0 1
51 3 1 2 0 0 1
47 2 4 4 1 0 1
15 1 1 0 0 0 1
5 3 0 0 0 0 1
32 2 1 1 0 0 1
44 2 3 0 2 0 1
42 2 1 0 1 0 1
24 3 0 1 0 0 1
92 1 1 4 2 1 1
75 3 1 3 2 1 1
95 1 1 4 1 0 2
61 2 1 1 1 3 0
94 6 3 1 1 2 1
84 2 1 1 2 2 1
98 1 0 0 1 0 2
61 2 2 2 1 1 1
51 1 1 0 0 3 0
20 2 2 0 1 1 0
33 2 0 2 0 0 1
61 2 1 1 2 1 1
83 3 1 1 1 0 2
55 0 4 0 2 2 0
89 1 0 2 1 1 1
31 4 2 2 1 0 1
68 2 0 1 1 1 1
60 2 1 0 0 1 1
71 2 4 1 1 0 1
50 8 4 2 0 1 1
69 4 4 3 2 1 1
25 1 1 0 0 0 1
68 7 5 3 2 0 1
99 2 1 1 1 0 2
29 4 1 0 0 0 1
67 0 0 1 1 1 1
96 1 2 0 1 1 2
87 0 2 1 0 0 2
77 7 4 3 1 0 1
74 0 1 0 2 0 2
60 3 1 1 1 1 1
93 6 4 3 4 2 0
19 1 1 1 0 1 0
65 3 3 2 1 1 1
77 2 4 2 2 1 1
41 2 3 0 1 0 1
25 4 2 1 0 0 1
75 5 5 3 0 1 1
43 3 2 1 2 1 0
71 2 3 1 0 1 1
34 2 0 1 1 1 0
61 2 2 0 1 0 1
35 4 1 4 0 0 1
81 3 6 1 1 1 1
89 2 1 2 0 0 2
41 3 1 1 1 2 0
40 4 0 1 0 0 1
51 5 1 1 0 1 1
51 7 3 2 0 2 0
31 1 0 1 1 0 1
52 6 2 2 1 2 0
96 6 1 2 1 4 0
46 2 0 0 2 0 1
59 2 5 2 1 0 1
65 1 2 2 2 0 1
99 6 7 3 3 2 0
69 5 0 2 0 1 1
55 4 1 0 1 0 1
3 0 0 0 0 1 0
37 1 1 0 0 0 1
1 0 0 0 0 1 0
22 3 2 2 0 0 1
98 5 3 3 2 2 1
48 4 5 0 0 1 1
59 3 1 2 0 1 1
33 5 2 1 2 0 0
56 1 1 0 0 1 1
33 1 0 2 0 1 1
29 2 1 0 1 1 0
53 2 2 0 0 0 1
11 1 1 0 0 0 1
33 1 0 1 0 0 1
57 3 0 1 0 2 1
40 3 2 4 0 0 1
16 1 3 0 1 0 0
23 4 0 1 1 0 1
90 3 1 1 2 1 1
51 2 1 0 1 1 1
45 0 0 0 0 0 1
69 1 1 2 2 0 1
33 1 1 1 0 0 1
80 10 4 2 1 0 1
89 3 4 2 2 1 1
52 2 6 3 2 0 1
37 2 1 1 0 0 1
16 1 4 0 0 0 1
80 4 3 2 0 1 1
39 2 4 2 1 0 1
84 1 3 3 1 2 1
99 4 4 1 0 1 2
71 1 1 1 0 1 1
67 2 3 0 1 1 1
42 3 1 0 0 0 1
7 3 0 0 0 1 0
16 1 0 0 1 0 1
25 2 3 0 1 1 0
16 3 1 1 0 1 0
37 1 2 1 0 0 1
83 1 5 2 0 2 1
25 2 1 1 0 0 1
8 0 1 1 0 0 1
96 5 2 0 3 2 1
4 0 1 0 0 1 0
95 3 3 2 1 2 1
94 1 0 2 0 0 2
96 3 8 4 3 0 1
78 1 5 0 0 2 1
96 0 6 3 2 1 1
30 4 0 4 1 0 0
79 3 3 1 1 2 1
90 2 2 2 0 0 2
96 2 3 1 1 2 1
20 0 1 1 0 0 1
25 2 1 1 0 0 1
4 1 0 0 1 0 0
66 2 2 4 0 1 1
96 4 3 1 3 2 1
61 0 1 1 0 1 1
53 6 3 1 1 0 1
64 0 3 1 1 3 0
99 8 1 6 1 0 1
45 0 4 1 2 1 0
70 1 0 0 1 0 2
42 1 1 1 2 1 0
10 2 0 1 0 0 1
43 1 2 0 0 1 1
89 2 0 2 0 0 2
69 6 2 2 2 2 0
76 6 2 2 3 0 1
58 1 1 0 0 0 2
32 2 1 1 2 0 1
18 2 2 0 0 0 1
99 2 3 1 1 1 2
58 1 0 0 0 2 1
95 0 2 2 1 0 2
57 0 0 0 0 1 1
60 2 1 1 1 2 1
38 10 0 2 0 1 0
74 3 2 1 2 2 1
49 2 4 4 1 0 1
41 1 0 1 1 0 1
16 0 0 0 0 0 1
50 2 2 1 0 0 1
40 5 2 3 2 0 0
29 2 0 0 0 1 1
9 3 1 0 0 0 1
69 1 1 3 2 1 1
60 2 1 1 1 0 1
96 3 2 2 0 1 2
16 0 0 0 1 0 1
85 1 2 2 1 2 1
66 1 3 3 0 0 1
90 2 4 1 2 1 1
68 6 2 0 3 0 1
18 1 0 0 0 0 1
65 1 1 0 3 0 1
83 3 5 1 1 1 1
80 1 0 3 0 2 1
72 6 4 3 1 2 0
65 2 1 5 1 0 1
51 0 1 3 1 0 1
89 6 7 2 3 1 1
14 4 3 1 0 0 0
56 3 2 2 1 2 0
79 7 3 2 1 2 1
98 0 5 2 2 0 2
64 2 3 2 1 0 1
70 2 1 0 1 1 1
59 5 2 0 2 0 1
89 4 1 3 2 2 1
42 2 2 0 3 1 0
25 2 1 0 1 0 1
41 0 1 2 0 1 1
52 1 3 2 1 1 1
92 2 1 0 0 1 2
82 2 2 4 0 0 2
44 3 4 1 1 0 1
26 2 1 1 0 0 1
59 0 0 1 2 1 1
38 1 1 1 0 0 1
52 0 0 1 1 0 1
45 2 1 1 1 0 1
54 3 1 1 1 1 1
73 4 3 1 2 1 1
32 2 1 2 0 0 1
85 3 1 1 0 0 2
97 3 1 1 3 1 1
20 0 1 0 0 1 0
69 4 2 3 0 0 1
91 2 2 2 3 0 1
69 3 1 1 1 1 1
95 3 3 2 2 1 1
48 0 1 0 2 0 1
87 2 2 2 2 1 1
53 5 2 2 1 0 1
13 6 3 0 0 0 1
75 1 3 0 0 0 2
42 0 1 0 0 1 1
77 2 0 4 4 0 1
7 2 0 0 0 1 0
99 2 4 1 2 2 1
38 1 0 0 0 0 1
11 1 0 0 0 0 1
99 3 2 4 5 1 1
74 6 5 2 0 1 1
30 3 0 1 1 1 0
41 2 1 0 1 0 1
39 0 0 1 1 0 1
76 1 0 0 0 0 2
7 1 0 0 1 0 0
34 1 2 1 1 0 1
17 2 1 0 1 1 0
42 2 6 0 2 0 1
23 5 2 0 0 0 1
69 1 2 2 3 2 0
76 0 2 1 1 1 1
50 1 8 1 1 0 1
95 1 3 3 2 2 1
64 0 1 1 1 0 1
87 0 2 1 1 2 1
73 6 4 2 1 0 1
66 1 1 0 1 0 2
20 2 1 0 0 1 0
97 3 3 0 2 1 1
68 5 3 2 3 0 1
51 1 1 2 0 1 1
75 3 0 2 0 1 1
38 4 1 4 0 1 0
28 2 1 3 0 1 0
37 0 1 0 0 0 1
33 2 2 2 0 0 1
65 5 2 2 2 0 1
90 4 2 4 2 2 1
84 5 6 2 0 1 1
82 1 1 0 0 0 2
34 3 2 1 1 1 0
39 1 0 1 0 0 1
89 8 1 3 1 1 1
64 3 2 0 0 1 1
68 6 1 1 3 0 1
74 3 4 2 0 1 1
94 6 7 3 2 1 1
42 3 1 1 1 0 1
33 0 0 1 0 1 1
99 1 7 1 1 1 1
7 0 0 0 0 0 1
47 2 3 2 2 1 0
60 3 2 3 2 0 1
58 3 3 1 0 1 1
45 2 1 1 1 0 1
26 2 1 0 1 0 1
70 3 0 3 1 1 1
45 3 3 3 2 0 1
88 2 1 0 0 3 1
80 2 2 1 1 1 1
81 4 7 0 1 1 1
91 3 2 3 0 1 1
18 2 2 0 0 0 1
32 2 0 0 0 0 1
54 4 2 3 0 1 1
45 1 1 1 1 2 0
78 0 2 5 3 0 1
71 4 1 0 2 0 1
37 4 2 1 3 0 0
55 5 3 1 0 0 1
82 4 3 1 2 2 1
12 0 4 0 1 0 0
96 1 0 0 0 1 2
88 1 4 1 1 1 1
42 2 0 0 1 0 1
8 3 1 0 0 0 1
47 1 0 0 2 1 1
44 1 0 1 1 1 1
13 4 4 0 1 0 0
95 0 4 2 2 1 1
19 3 0 0 1 0 1
43 1 3 2 1 0 1
14 0 1 1 0 1 0
42 3 0 2 0 0 1
71 1 5 1 2 1 1
42 4 1 3 0 1 1
88 5 0 1 0 1 2
75 3 3 2 1 1 1
96 1 2 0 2 1 2
16 3 0 0 2 0 0
66 1 4 1 1 1 1
46 2 3 1 1 1 1
43 5 1 0 0 1 1
32 1 1 1 0 0 1
74 1 0 1 0 0 2
41 1 3 1 2 0 1
24 3 3 0 2 0 0
24 0 0 0 0 0 1
75 4 2 1 0 2 1
20 1 2 0 0 1 0
54 2 4 1 4 0 0
46 0 1 0 0 2 1
18 3 1 0 0 0 1
13 1 3 1 0 0 1
39 1 1 0 1 0 1
67 3 2 2 2 1 1
37 0 3 2 0 0 1
86 2 1 3 1 3 0
70 3 3 1 1 1 1
71 0 5 0 2 0 1
86 1 2 0 2 2 1
75 4 1 0 1 1 1
59 1 2 1 0 0 1
27 2 2 0 0 0 1
86 2 1 1 3 0 1
83 1 2 1 3 3 0
49 1 2 0 0 1 1
99 1 5 0 0 0 2
34 0 1 1 0 1 1
48 1 4 0 2 0 1
97 0 4 2 1 1 1
12 2 0 1 0 0 1
53 2 3 2 1 1 1
43 4 1 2 1 0 1
38 3 1 0 1 0 1
55 5 2 2 1 1 1
50 4 1 4 3 0 0
48 1 2 1 0 0 1
62 5 5 1 0 3 0
72 1 2 2 1 0 1
57 4 1 0 1 0 1
40 5 3 0 0 1 1
55 3 5 2 1 0 1
43 1 1 0 1 0 1
86 4 2 2 2 0 1
87 2 3 1 2 1 1
36 2 1 1 0 0 1
63 1 0 0 0 1 1
92 4 4 1 0 0 2
99 0 0 0 0 1 2
12 1 0 0 0 1 0
15 0 1 0 1 0 1
58 2 1 0 2 1 1
69 3 2 4 1 1 1
95 0 3 1 3 0 2
80 1 2 3 2 0 1
29 4 2 0 0 2 0
96 2 4 1 1 3 1
81 2 1 1 0 0 2
41 6 1 2 0 1 1
89 1 1 1 4 3 0
73 4 4 2 1 0 1
33 2 0 1 1 1 0
53 0 2 1 1 1 1
23 1 0 1 0 0 1
48 1 2 3 1 1 0
69 3 1 2 4 1 0
51 4 1 0 0 0 1
48 1 1 0 0 1 1
42 2 2 1 2 0 1
51 7 0 5 0 0 1
57 2 1 1 0 0 1
98 4 5 1 3 1 1
73 2 1 0 0 1 1
17 2 1 1 0 0 1
27 3 1 0 0 0 1
53 2 2 0 0 2 1
38 1 1 1 0 1 1
76 3 1 0 1 1 1
93 3 0 3 0 0 2
37 1 3 1 0 0 1
72 5 3 1 2 0 1
77 3 1 1 0 4 0
53 1 1 0 2 0 1
22 1 2 2 0 0 1
84 1 0 0 0 0 2
90 4 4 1 0 3 1
80 3 2 0 1 1 1
67 3 1 1 1 1 1
53 3 1 2 0 1 1
85 4 4 3 2 1 1
79 0 1 1 0 2 1
78 3 1 1 1 2 1
79 3 2 3 0 2 1
16 1 0 1 0 0 1
59 3 5 3 0 1 1
93 6 3 4 3 1 1
37 1 1 0 3 0 1
72 3 5 3 2 0 1
50 1 3 2 1 2 0
87 3 10 4 2 1 1
62 1 1 3 2 1 1
55 4 4 5 1 0 1
28 2 2 2 0 0 1
37 1 2 0 0 2 0
92 2 5 0 3 1 1
89 0 2 0 0 5 0
45 3 2 1 1 0 1
35 1 0 1 2 0 1
98 2 4 5 3 1 1
98 3 2 3 0 0 2
24 2 0 0 0 0 1
86 1 3 1 3 3 0
20 4 2 1 1 0 0
32 1 0 2 0 1 1
39 3 1 2 0 0 1
76 1 3 2 2 1 1
43 2 0 1 1 0 1
14 3 1 0 0 0 1
93 2 1 0 0 1 2
52 1 3 3 1 0 1
91 2 5 1 1 2 1
75 3 3 2 1 2 1
35 4 1 1 1 0 1
89 3 4 3 2 2 1
30 4 0 2 0 0 1
62 2 0 1 2 2 0
40 0 1 2 0 2 0
53 2 1 1 2 0 1
81 2 1 2 2 0 1
13 1 3 0 0 0 1
64 2 2 0 0 0 2
2 1 0 0 0 0 1
30 2 1 2 1 0 1
77 4 1 1 1 0 2
31 2 3 0 0 2 0
40 1 1 1 2 0 1
81 3 1 2 4 0 1
76 2 0 1 1 1 1
93 2 1 2 0 2 1
43 3 1 2 0 0 1
30 5 2 0 1 0 1
77 0 4 0 1 3 0
61 3 4 0 0 1 1
32 3 2 1 0 0 1
45 1 0 1 1 1 1
93 1 3 2 2 0 2
97 4 0 3 1 2 1
31 4 0 1 1 0 1
24 2 1 0 0 0 1
41 2 2 0 0 0 1
43 2 1 1 1 0 1
81 2 3 0 1 1 1
43 4 2 1 0 1 1
73 1 6 2 1 1 1
32 2 0 1 0 2 0
42 1 2 2 0 0 1
52 1 1 1 0 0 1
73 2 2 2 2 1 1
51 3 1 1 1 0 1
16 2 0 1 0 0 1
33 2 0 0 3 1 0
11 0 1 0 0 0 1
32 4 3 1 0 0 1
64 2 1 3 2 0 1
67 1 7 1 2 0 1
22 2 3 1 1 0 0
50 9 3 3 1 0 1
25 1 2 0 0 0 1
47 4 4 0 1 0 1
77 2 0 0 0 0 2
70 3 1 1 0 1 1
11 1 1 0 0 0 1
92 3 1 0 1 1 2
63 6 3 1 3 1 0
11 3 1 0 0 0 1
57 1 1 3 1 0 1
61 0 1 2 2 0 1
75 0 1 3 1 0 1
44 4 1 0 1 0 1
94 2 1 2 2 2 1
37 1 0 1 0 0 1
88 3 4 5 2 0 1
54 1 3 0 0 3 0
65 0 4 2 2 1 1
81 3 6 4 0 1 1
79 4 0 1 1 0 2
69 1 1 2 0 0 2
19 3 0 0 2 0 0
51 2 3 1 2 0 1
33 1 0 0 1 0 1
78 2 2 2 1 3 0
22 1 2 0 1 0 1
56 0 0 1 0 1 1
16 0 1 0 0 0 1
57 3 2 3 4 0 0
74 2 2 0 2 1 1
47 2 4 1 0 2 0
72 1 6 2 1 1 1
76 4 1 1 0 0 2
21 6 2 1 0 0 1
64 2 1 3 0 3 0
33 0 2 2 0 0 1
24 0 2 1 0 0 1
64 1 1 1 1 3 0
31 2 3 0 0 1 1
48 1 0 1 2 1 1
35 1 1 0 1 1 1
87 3 2 3 1 0 2
44 2 1 1 1 0 1
42 4 1 1 1 1 1
35 5 2 1 0 0 1
54 3 0 1 1 1 1
7 0 0 0 0 0 1
76 1 2 2 0 2 1
51 1 0 1 0 0 1
20 2 2 1 0 0 1
63 1 2 1 2 2 0
74 2 1 1 1 1 1
79 1 0 1 3 1 1
86 4 5 5 3 0 1
57 10 0 0 3 1 0
45 4 2 2 1 0 1
42 1 0 2 0 1 1
51 0 0 0 0 1 1
71 1 2 1 1 1 1
94 2 1 5 0 3 1
84 5 1 2 4 0 1
95 1 4 3 2 1 1
58 1 3 1 1 0 1
77 4 4 2 2 1 1
65 5 2 3 1 0 1
99 3 2 2 1 1 2
38 0 0 1 1 0 1
56 4 5 5 1 1 0
78 3 3 1 3 1 1
57 3 1 0 0 1 1
35 3 2 1 2 1 0
45 1 1 1 1 1 1
46 2 2 3 0 1 1
29 4 2 1 1 0 1
17 3 3 0 0 0 1
40 3 2 1 2 0 1
15 4 0 0 1 0 1
57 4 1 0 2 2 0
44 2 2 2 0 0 1
38 3 1 2 0 1 1
31 2 1 1 0 1 1
30 1 0 1 0 0 1
85 3 2 1 3 2 1
89 2 1 1 2 2 1
34 4 2 0 0 0 1
24 3 0 3 1 0 0
76 4 1 1 0 1 1
18 2 2 0 0 0 1
74 3 0 3 1 1 1
46 1 3 0 1 0 1
78 7 1 6 2 0 1
43 0 5 0 1 2 0
89 4 3 4 0 1 1
71 3 3 0 2 0 1
78 1 5 6 2 1 0
54 8 2 4 2 1 0
51 3 0 0 2 2 0
95 8 2 1 1 0 2
79 1 0 3 1 0 2
57 6 3 1 2 0 1
33 2 1 1 1 0 1
91 0 1 0 0 1 2
88 1 3 0 1 2 1
10 1 1 0 0 0 1
30 6 1 1 1 0 1
87 0 3 3 2 0 1
63 4 4 0 1 1 1
52 3 1 1 3 0 1
92 8 2 1 2 1 1
86 3 7 3 1 0 1
54 1 4 0 2 0 1
79 0 3 2 0 1 1
45 3 0 0 0 0 1
74 2 0 1 1 1 1
69 1 4 1 0 1 1
70 3 1 0 1 1 1
18 0 0 1 2 0 0
24 1 0 2 1 0 1
77 2 3 1 1 0 2
43 4 3 3 2 0 0
92 9 3 1 1 2 1
65 5 3 1 1 0 1
68 4 6 1 1 1 1
72 5 1 3 2 2 0
87 3 4 1 1 4 0
82 1 0 0 4 1 1
26 5 0 1 0 1 0
31 2 0 0 0 0 1
28 1 3 0 0 1 1
41 3 1 4 2 0 0
36 3 4 2 1 0 1
43 0 0 1 1 2 0
57 2 3 1 2 1 1
88 3 2 2 2 2 1
40 0 0 0 0 0 1
7 0 1 0 0 0 1
35 3 0 1 2 0 1
34 0 4 2 2 0 0
75 2 1 1 2 1 1
97 4 2 1 2 1 1
33 2 2 1 0 0 1
73 6 4 2 0 2 1
84 4 2 1 1 1 1
24 0 1 1 1 1 0
47 4 1 2 0 2 0
39 1 0 2 1 0 1
47 1 0 0 0 0 1
34 6 0 0 1 0 1
57 1 0 0 0 1 1
53 0 4 2 1 0 1
24 2 0 0 0 0 1
99 4 2 3 0 0 2
21 1 2 0 0 0 1
86 3 7 2 0 1 1
45 3 2 1 0 1 1
28 1 2 0 0 0 1
24 1 1 2 1 0 1
34 0 0 0 0 0 1
75 1 4 2 3 0 1
44 2 1 2 2 0 1
76 0 2 2 1 2 1
27 5 0 1 0 1 0
65 3 1 2 2 1 1
57 2 1 0 1 1 1
85 2 2 0 0 0 2
86 2 0 1 1 3 1
99 4 3 3 1 2 1
51 0 3 2 1 0 1
40 5 6 0 0 0 1
35 1 2 0 0 1 1
77 4 4 5 2 0 1
89 0 0 1 2 3 1
93 1 1 0 2 4 0
47 2 3 1 2 0 1
53 4 6 1 1 0 1
51 0 0 1 2 1 1
98 1 0 1 0 1 2
72 1 2 2 1 3 0
99 5 1 3 1 1 1
23 4 4 1 1 0 0
52 3 0 1 0 0 1
73 1 2 1 3 1 1
58 0 3 1 0 1 1
99 2 0 1 0 1 2
87 4 3 2 1 2 1
38 3 1 0 1 0 1
71 1 0 1 2 2 1
47 2 1 1 1 1 1
95 3 1 1 0 3 1
47 1 2 2 0 0 1
79 1 1 0 1 0 2
59 5 3 4 0 1 1
90 0 2 1 1 2 1
54 1 2 1 1 1 1
79 2 3 3 2 0 1
76 1 2 0 0 0 2
84 1 6 0 0 1 2
81 3 1 3 0 4 0
91 6 5 0 2 1 1
85 2 0 2 3 1 1
47 1 2 2 0 1 1
66 4 5 0 3 0 1
73 4 0 1 0 0 2
45 1 2 0 1 0 1
97 4 1 1 4 1 1
91 4 0 4 2 1 1
79 4 4 2 1 1 1
29 2 3 0 3 0 0
78 1 3 0 4 2 0
72 6 6 3 1 2 0
57 2 3 1 2 0 1
68 2 1 1 1 1 1
55 2 1 0 1 1 1
50 2 2 1 1 2 0
33 0 2 1 0 0 1
90 4 4 4 2 1 1
43 1 0 2 1 0 1
51 8 1 4 2 0 1
59 4 3 4 0 1 1
57 4 2 2 0 1 1
57 1 1 2 0 0 1
51 2 1 1 1 2 0
59 1 1 0 0 1 1
94 2 2 6 2 0 1
67 2 1 3 0 1 1
58 1 2 2 0 1 1
86 3 4 0 2 0 2
42 1 5 1 0 0 1
82 3 2 3 2 1 1
6 3 1 0 0 0 1
32 3 1 1 1 0 1
84 2 2 3 1 1 1
30 1 1 0 2 0 1
37 2 4 1 2 0 1
50 4 2 2 1 2 0
31 1 2 0 0 0 1
66 2 3 0 2 0 1
99 1 1 1 0 1 2
49 0 0 0 0 1 1
89 3 1 1 2 2 1
55 2 5 1 3 0 1
98 0 1 0 1 1 2
59 2 1 2 0 0 1
39 2 3 1 1 0 1
77 2 1 2 3 0 1
93 2 2 0 1 2 1
59 2 0 3 2 1 1
35 2 3 1 0 0 1
37 2 2 3 0 0 1
16 1 0 1 0 0 1
36 4 2 4 1 0 0
13 1 0 0 2 0 0
46 5 2 0 1 0 1
35 0 0 1 1 0 1
25 0 0 1 1 1 0
96 2 4 1 1 0 2
53 2 1 1 0 1 1
41 2 1 0 1 0 1
94 4 3 3 0 0 2
52 4 3 0 0 2 1
18 4 0 1 0 1 0
59 1 2 1 2 0 1
85 3 3 1 1 2 1
40 3 1 3 0 0 1
62 7 3 2 0 1 1
57 4 3 0 1 1 1
16 8 2 0 1 0 0
55 2 5 1 1 2 0
75 1 2 4 0 2 1
21 0 0 1 0 1 0
53 0 1 2 0 1 1
12 0 0 0 0 0 1
99 2 1 0 3 3 1
44 1 0 1 1 0 1
70 4 4 3 1 0 1
51 1 0 0 0 2 1
39 6 2 0 1 0 1
16 0 0 0 0 1 0
65 0 3 3 3 1 0
59 1 0 2 2 0 1
43 0 4 0 1 0 1
89 2 5 1 1 1 1
63 3 3 2 0 2 1
42 1 0 3 0 0 1
86 0 3 1 1 3 1
89 7 3 2 2 1 1
65 4 1 2 1 1 1
76 7 1 2 1 1 1
44 1 3 2 3 0 0
48 2 2 2 1 0 1
68 4 3 5 3 0 1
36 3 4 0 0 0 1
86 5 2 3 1 0 2
51 2 3 2 1 0 1
24 2 2 1 1 0 1
22 1 0 1 1 0 1
66 3 3 1 1 0 1
41 4 2 3 1 0 1
21 1 1 2 1 0 0
86 0 1 3 1 1 1
29 6 0 1 1 0 1
65 2 1 2 1 1 1
51 2 2 1 1 1 1
45 3 3 2 0 0 1
61 4 1 2 0 1 1
52 4 3 0 0 2 1
37 2 0 0 1 0 1
21 1 0 0 0 0 1
89 0 3 1 1 1 1
34 2 0 2 1 1 0
22 1 2 0 0 0 1
87 2 0 2 1 1 1
14 0 2 0 0 1 0
74 4 2 1 1 1 1
16 2 1 2 1 0 0
77 4 5 1 1 0 1
46 1 1 3 1 1 0
78 1 1 2 0 1 1
64 1 3 0 1 1 1
87 2 3 0 0 0 2
33 2 1 0 2 0 1
94 3 7 2 1 2 1
54 2 1 1 0 0 1
84 5 1 5 0 1 1
87 2 1 0 0 0 2
19 1 0 0 0 1 0
78 2 1 1 2 0 1
77 1 0 0 2 2 1
73 3 5 2 2 0 1
12 0 1 0 0 0 1
54 3 2 3 1 0 1
55 4 2 1 1 0 1
47 4 0 0 1 1 1
65 0 1 0 1 1 1
70 6 1 1 0 1 1
84 4 0 0 1 0 2
83 2 2 1 2 2 1
3 1 0 0 0 1 0
65 3 2 2 2 0 1
95 3 3 3 1 0 2
66 2 1 0 1 0 2
91 1 3 2 0 1 2
2 1 0 0 0 0 1
32 2 1 2 0 0 1
78 7 4 3 0 2 1
22 1 2 0 1 0 1
97 6 3 2 4 2 0
65 4 3 2 0 2 1
88 5 1 2 2 1 1
7 2 1 1 0 0 0
97 2 1 0 1 0 2
42 2 2 0 0 0 1
13 0 0 0 0 0 1
66 2 2 2 2 0 1
50 0 6 2 1 1 0
82 4 6 2 3 2 0
50 3 0 0 0 0 1
82 4 2 4 1 0 1
77 2 3 2 0 1 1
87 1 0 1 0 0 2
10 1 2 0 1 0 0
28 1 2 0 1 0 1
64 2 5 1 0 3 0
76 0 1 1 0 0 2
92 4 7 1 0 1 1
10 2 3 0 0 0 1
62 4 1 1 0 1 1
83 1 2 4 1 2 1
94 4 2 3 1 0 2
16 1 1 1 1 0 0
32 2 2 1 2 1 0
12 1 2 0 0 0 1
37 0 0 0 1 0 1
73 5 1 2 1 0 1
52 2 0 0 0 3 0
25 7 3 0 0 0 1
86 3 6 0 1 2 1
47 0 1 1 3 0 1
97 5 6 2 3 0 1
55 2 0 1 1 0 1
25 2 1 0 1 0 1
24 0 0 0 0 2 0
22 1 0 1 0 0 1
91 3 4 1 1 1 1
59 1 2 1 1 2 0
42 0 5 1 1 1 0
76 5 5 2 2 2 0
57 0 0 3 1 2 0
64 3 4 1 0 1 1
34 2 6 1 1 0 1
30 3 4 1 1 0 1
59 2 3 0 1 0 1
82 3 2 3 2 1 1
43 2 3 0 1 1 1
75 1 2 1 0 1 1
79 5 5 2 1 2 1
64 2 2 2 0 1 1
96 1 0 1 0 0 2
90 0 1 1 1 2 1
4 1 1 0 0 0 1
66 6 2 3 0 1 1
52 2 3 2 1 2 0
62 1 6 2 0 1 1
65 0 1 3 3 1 0
8 2 0 0 0 0 1
86 3 2 4 0 1 1
26 4 1 2 0 0 1
90 3 7 4 3 1 1
89 6 3 2 0 2 1
95 4 1 1 2 2 1
43 2 1 0 2 0 1
85 4 0 2 0 3 1
78 2 1 1 1 3 0
78 5 3 0 4 2 0
12 0 1 0 0 0 1
92 3 1 0 2 2 1
93 3 2 0 1 0 2
92 2 8 6 2 1 1
21 1 1 0 0 0 1
70 7 5 6 1 1 0
15 1 0 0 0 1 0
65 3 1 0 1 1 1
26 2 0 1 2 0 0
3 1 0 1 0 0 0
89 4 2 4 4 1 1
35 1 1 1 1 1 0
66 5 5 1 2 2 0
84 4 1 0 0 2 1
30 4 2 3 0 0 1
65 1 1 0 3 2 0
15 5 2 1 0 0 1
33 0 1 0 1 0 1
56 2 1 2 1 2 0
25 2 2 0 0 0 1
23 0 0 0 1 1 0
67 2 1 2 3 1 1
99 3 3 3 2 3 0
19 4 3 1 0 0 1
39 3 0 0 0 1 1
24 4 2 0 0 0 1
16 2 1 1 0 0 1
38 2 2 2 1 1 0
85 4 3 2 2 0 1
46 2 1 1 1 0 1
64 4 5 3 2 0 1
40 3 1 1 0 0 1
90 1 1 0 1 3 1
72 2 3 1 2 0 1
35 3 1 1 0 0 1
62 2 1 1 0 1 1
36 3 1 0 1 0 1
90 1 0 3 1 4 0
52 3 5 2 2 0 1
9 0 0 0 0 1 0
92 1 2 3 3 0 1
46 2 0 1 1 1 1
65 1 2 1 1 0 1
70 2 2 1 1 2 1
90 3 0 2 1 1 1
95 1 4 2 0 3 1
94 2 4 1 2 2 1
77 2 1 1 0 0 2
95 2 2 0 0 1 2
98 2 1 4 3 0 1
41 2 1 1 1 0 1
91 4 2 1 2 2 1
16 1 4 1 0 1 0
31 0 0 1 2 0 1
47 2 0 0 0 0 1
74 5 4 4 3 0 1
30 5 1 0 1 1 0
66 4 0 2 0 3 0
58 0 1 3 0 1 1
15 3 3 0 0 0 1
41 0 3 0 2 0 1
79 0 1 5 1 1 1
2 1 0 0 0 1 0
22 1 1 0 1 1 0
74 4 2 2 0 1 1
86 1 0 0 0 2 1
74 1 2 1 3 1 1
20 2 0 1 0 0 1
18 0 1 1 0 0 1
89 2 0 1 1 1 2
6 0 0 0 1 0 0
18 1 2 0 0 0 1
44 3 1 1 0 0 1
68 5 5 3 1 0 1
82 4 3 4 3 0 1
15 1 1 0 0 0 1
38 2 3 1 0 0 1
93 1 2 1 0 2 1
43 0 1 1 1 1 1
86 2 0 0 0 0 2
97 1 1 0 0 1 2
89 2 2 0 5 2 0
97 8 4 2 0 3 1
93 1 5 3 1 1 1
93 3 2 4 1 0 2
85 3 0 3 1 1 1
38 1 0 0 1 0 1
43 5 1 2 1 0 1
73 6 2 2 1 0 1
68 2 1 1 1 0 1
23 0 1 0 0 0 1
72 6 3 0 1 3 0
95 3 1 2 0 0 2
27 1 2 1 1 0 1
83 3 2 0 1 2 1
48 1 2 0 1 0 1
86 2 2 2 1 1 1
34 2 2 0 0 1 1
41 1 1 0 0 1 1
69 3 4 6 3 0 0
46 1 0 1 0 0 1
96 1 3 3 1 1 1
