5 3 4 3 1 5
1000
75 4 4 2 1 3 0
50 1 3 1 2 1 0
50 3 0 0 0 3 0
54 4 4 3 2 0 1
68 1 0 2 0 0 2
96 4 2 2 3 0 1
86 2 3 1 0 0 2
35 4 2 2 1 1 0
48 6 3 2 0 1 1
30 3 1 1 1 0 1
92 4 2 4 1 0 2
69 2 2 3 2 0 1
33 2 1 1 2 1 0
95 0 3 0 0 0 2
61 1 1 0 0 0 2
73 5 3 3 0 1 1
35 3 2 2 0 1 0
48 1 2 1 1 0 1
12 2 2 1 0 1 0
40 3 0 0 0 1 1
65 1 1 1 0 1 1
99 3 0 0 1 1 2
72 4 0 3 3 0 1
66 5 3 1 1 1 1
46 4 4 2 0 2 0
26 1 0 2 1 0 1
70 5 3 4 4 0 0
68 1 0 1 1 2 1
65 1 2 2 0 1 1
32 2 1 0 0 1 1
50 4 0 1 0 1 1
14 4 3 1 0 0 0
28 3 0 0 0 0 1
64 4 2 1 2 0 1
29 1 0 0 1 0 1
47 4 2 3 2 0 1
51 0 2 2 1 0 1
96 4 3 0 0 2 1
63 4 2 2 2 1 1
46 1 4 1 4 0 0
10 4 0 0 0 0 1
80 4 4 5 1 1 1
70 1 3 2 1 2 1
73 1 0 0 2 1 1
58 1 0 2 1 0 1
46 1 0 0 0 1 1
89 4 3 2 0 1 1
77 0 0 0 0 2 1
66 2 2 1 0 2 1
99 4 3 0 2 4 0
65 3 3 5 0 1 1
89 7 0 2 1 0 2
16 1 1 0 2 0 0
30 5 1 1 0 1 0
56 3 2 2 1 1 1
99 5 3 4 2 2 1
79 0 3 0 0 1 2
43 1 2 1 0 0 1
53 0 1 1 0 1 1
56 0 3 0 1 0 1
80 2 1 2 2 0 1
58 1 2 1 1 1 1
61 5 0 0 0 2 1
52 2 2 1 3 1 0
69 2 1 2 2 0 1
41 1 1 2 0 1 1
44 9 4 1 1 0 1
40 1 1 2 0 1 1
71 3 2 1 0 1 1
23 6 4 1 0 0 1
29 4 1 0 0 0 1
77 4 3 1 2 1 1
29 2 1 1 0 0 1
43 1 3 1 1 0 1
46 3 1 2 0 0 1
49 3 4 1 0 1 1
93 2 1 0 1 0 2
71 5 1 0 2 0 1
51 1 0 1 1 1 1
69 1 1 2 1 0 1
97 0 1 0 2 0 2
44 1 1 0 2 1 1
52 0 0 1 2 1 1
56 2 1 1 0 2 1
30 2 3 0 0 0 1
81 3 2 1 2 1 1
71 6 6 6 2 0 1
28 0 0 0 0 0 1
41 1 1 2 1 1 0
71 1 0 0 0 0 2
38 4 4 0 0 0 1
45 3 4 2 0 2 0
77 0 3 1 0 1 1
56 2 6 1 1 1 1
32 1 2 1 0 1 1
22 3 3 1 0 1 0
72 0 2 1 0 1 1
51 2 2 0 3 1 0
85 0 1 0 1 0 2
92 2 3 0 2 2 1
67 1 0 0 1 0 2
15 0 0 0 0 0 1
96 0 3 1 1 0 2
70 3 2 3 1 0 1
16 0 0 0 0 0 1
10 3 1 0 1 0 0
41 1 1 1 1 2 0
76 1 3 0 0 1 1
48 5 0 2 1 0 1
83 1 2 0 0 2 1
5 1 0 0 0 0 1
65 3 3 4 1 2 0
67 1 1 1 1 2 1
48 1 0 2 1 1 1
61 1 2 3 1 0 1
33 1 2 2 0 0 1
38 1 5 1 2 1 0
23 0 0 0 0 0 1
52 3 1 1 2 0 1
35 3 1 3 1 1 0
80 3 3 3 1 3 0
36 0 0 0 0 0 1
52 3 1 1 0 0 1
31 2 1 2 1 0 1
48 2 1 2 2 0 1
94 2 1 3 2 2 1
98 5 5 2 1 3 1
34 3 2 1 0 1 1
77 4 4 1 0 1 1
61 0 0 0 1 1 1
40 5 1 0 0 0 1
57 0 0 0 1 1 1
87 6 0 2 2 1 1
84 7 2 1 1 1 1
73 1 2 2 3 2 0
92 4 1 2 1 2 1
89 6 7 2 2 0 1
85 3 3 2 1 2 1
74 4 2 0 0 0 2
81 1 0 5 0 0 2
82 0 1 1 0 0 2
46 1 3 3 0 0 1
34 3 1 1 0 0 1
99 2 4 1 1 1 2
18 2 2 2 0 0 1
89 1 2 1 1 0 2
58 2 6 0 1 2 0
70 2 1 2 0 1 1
83 1 0 0 0 2 1
77 0 2 1 2 1 1
95 1 4 2 1 2 1
58 2 2 2 0 2 1
39 6 0 0 2 1 0
57 2 6 1 1 0 1
63 2 2 5 4 0 0
86 3 2 0 0 0 2
28 0 1 1 0 0 1
83 2 2 2 1 0 2
93 6 5 2 5 1 0
58 5 2 3 1 1 1
58 4 3 1 0 0 1
19 2 1 0 2 0 0
18 2 0 1 0 0 1
26 0 2 0 0 0 1
44 4 4 1 0 1 1
10 0 0 1 1 0 0
73 3 0 0 0 2 1
25 1 0 1 0 1 0
70 2 3 3 0 2 1
40 3 1 1 0 1 1
66 3 7 3 1 0 1
21 0 1 1 0 1 0
72 2 1 1 2 1 1
13 2 0 3 0 0 0
52 2 1 1 0 1 1
88 2 2 1 0 1 2
59 7 5 4 0 0 1
27 0 0 0 0 0 1
34 4 1 2 1 0 1
40 4 4 3 1 0 1
20 2 4 1 1 0 0
97 4 1 2 0 1 2
65 2 3 4 2 0 1
87 5 3 3 1 3 0
37 1 0 0 0 0 1
67 2 1 1 2 1 1
72 4 1 1 1 1 1
98 3 0 0 0 0 2
25 2 1 0 0 1 1
61 2 1 3 1 2 0
37 1 2 0 1 0 1
38 6 3 2 1 0 1
81 3 1 3 1 3 0
33 5 5 1 1 0 1
18 6 3 2 0 0 0
39 5 1 2 0 0 1
38 2 2 1 0 0 1
34 1 2 1 0 1 1
74 4 3 1 2 0 1
63 0 3 0 0 1 1
93 4 0 4 2 1 1
94 1 0 2 1 2 1
16 3 0 0 0 1 0
37 5 2 1 1 1 0
65 2 2 4 0 1 1
94 3 2 0 0 5 0
40 7 2 3 0 0 1
45 2 1 0 0 0 1
49 4 1 1 4 0 0
58 4 3 0 1 1 1
39 1 5 1 0 1 1
22 4 1 0 0 0 1
25 1 1 0 0 0 1
49 6 2 3 2 1 0
80 3 0 0 2 2 1
40 0 0 0 1 0 1
87 1 2 1 0 1 2
35 2 1 1 1 0 1
92 3 2 1 0 0 2
70 5 3 1 0 1 1
62 2 0 2 1 0 1
64 7 5 1 0 3 0
49 5 1 1 1 2 0
38 3 2 2 0 0 1
67 1 1 0 0 1 1
58 4 5 2 3 1 0
5 4 0 0 1 0 0
91 3 1 1 1 1 2
55 2 0 2 1 1 1
23 2 0 3 1 0 0
55 2 0 1 2 0 1
56 4 0 1 2 0 1
67 5 2 1 3 1 1
37 1 2 3 2 0 0
61 7 10 1 3 0 0
66 2 5 1 3 0 1
90 2 1 1 3 1 1
94 1 3 3 3 1 1
58 1 0 0 0 1 1
50 3 3 2 1 0 1
64 4 2 2 1 0 1
31 0 2 0 0 0 1
89 3 1 3 3 2 0
93 6 0 0 2 2 1
10 0 0 0 0 1 0
30 1 4 2 1 1 0
86 7 3 0 0 1 2
81 3 5 1 1 2 1
34 1 1 1 0 1 1
93 8 4 2 0 2 1
45 3 0 0 3 1 0
96 5 1 4 1 1 1
86 2 1 3 1 1 1
41 4 0 0 0 1 1
92 4 4 6 1 0 1
55 0 4 1 0 0 1
57 3 4 2 0 1 1
62 1 0 0 0 0 2
51 2 0 2 2 0 1
80 1 0 1 2 0 2
77 2 3 2 2 1 1
89 3 1 6 1 1 1
74 3 3 1 1 3 0
57 0 4 0 2 2 0
82 2 0 1 1 0 2
56 3 3 2 1 0 1
59 4 1 2 3 0 1
9 2 0 0 1 0 0
41 0 4 2 0 0 1
70 8 3 1 2 2 0
49 0 1 4 1 0 1
39 0 2 1 0 0 1
83 3 2 1 1 0 2
25 3 2 1 0 0 1
80 3 6 0 1 1 1
68 1 0 1 0 0 2
46 7 4 0 1 0 1
6 3 0 0 0 1 0
15 1 1 2 0 1 0
50 3 4 0 0 0 1
68 3 4 0 2 1 1
68 2 3 2 3 0 1
39 2 2 2 0 0 1
72 0 1 1 2 0 1
43 3 2 1 0 2 0
67 3 1 2 0 1 1
66 0 0 0 0 0 2
40 3 7 2 0 1 0
67 3 1 1 2 1 1
18 2 1 0 1 1 0
14 1 1 1 0 1 0
42 5 2 2 0 1 1
58 2 2 1 0 0 1
93 7 2 1 3 3 0
41 1 4 1 0 0 1
60 4 5 5 0 1 1
61 6 3 3 1 0 1
74 3 2 1 0 2 1
95 3 2 1 2 3 1
39 2 0 2 0 0 1
54 1 0 1 1 0 1
86 5 3 1 3 0 1
90 3 1 1 0 1 2
55 1 1 0 1 1 1
62 4 2 1 0 1 1
90 3 4 0 1 2 1
41 1 0 1 1 0 1
35 2 1 0 0 0 1
91 5 5 3 1 1 1
82 0 2 1 2 2 1
28 1 5 0 0 0 1
27 0 1 1 0 0 1
81 2 1 1 0 1 2
93 3 2 2 2 0 2
23 1 1 1 0 1 0
46 2 2 4 0 0 1
51 4 4 2 1 1 0
52 1 1 1 1 0 1
75 5 7 5 0 0 1
31 4 0 2 1 0 1
37 0 0 0 2 1 0
74 2 3 4 3 0 1
78 2 1 4 1 3 0
95 3 0 3 4 2 0
65 5 2 2 4 1 0
95 3 1 0 1 0 2
39 3 2 2 0 0 1
75 5 3 1 3 2 0
58 3 2 1 2 0 1
55 4 0 0 0 0 2
63 3 1 4 1 0 1
22 1 0 0 1 0 1
87 2 2 3 1 0 2
75 4 3 2 0 2 1
69 1 2 0 0 1 1
77 3 2 5 1 1 1
97 2 1 1 2 1 1
68 1 3 1 1 0 1
39 1 3 2 1 0 1
11 3 1 0 0 1 0
53 4 6 1 3 0 1
81 2 2 3 1 3 0
58 2 3 0 2 2 0
87 4 4 2 5 1 0
53 2 1 2 0 1 1
77 2 3 0 0 2 1
77 2 1 0 0 0 2
64 3 3 1 0 1 1
36 3 2 0 1 0 1
37 0 2 0 0 0 1
8 1 2 0 1 0 0
60 3 4 5 1 1 0
42 0 2 1 0 0 1
51 2 1 0 1 2 0
63 0 0 0 1 1 1
72 5 2 5 1 0 1
56 0 0 1 0 1 1
33 3 0 0 0 0 1
87 1 0 2 0 0 2
48 1 0 1 2 2 0
42 3 0 1 1 0 1
69 3 5 3 0 1 1
97 4 3 4 5 1 0
70 6 4 3 2 1 1
51 4 0 1 2 1 1
66 2 1 1 2 0 1
65 5 3 5 1 0 1
43 2 2 2 0 0 1
61 5 0 2 0 1 1
10 2 1 0 0 0 1
73 3 1 0 3 1 1
60 5 2 1 0 2 1
15 1 0 0 0 0 1
80 1 0 1 2 3 0
97 4 3 5 2 2 1
47 2 1 1 1 0 1
82 3 8 1 1 0 1
23 2 5 2 0 0 1
58 3 2 1 2 1 1
95 4 2 4 5 1 0
41 0 0 3 0 1 1
23 5 2 1 0 1 0
20 2 2 0 2 0 0
33 2 1 2 1 1 0
37 0 1 2 0 0 1
39 1 0 1 1 0 1
51 2 1 0 0 1 1
63 1 2 2 0 0 1
42 1 0 1 3 1 0
76 2 4 2 1 1 1
99 3 1 2 2 2 1
90 4 3 1 1 1 1
76 2 4 2 2 2 0
64 6 3 1 2 0 1
28 0 2 0 0 0 1
88 0 2 3 3 0 1
51 4 5 0 2 0 1
72 4 3 1 0 2 1
42 2 1 1 0 2 0
81 2 1 1 1 1 1
5 2 1 0 0 0 1
81 5 1 0 1 1 1
85 4 2 2 0 2 1
48 2 3 1 1 1 1
68 5 2 2 2 0 1
83 7 4 2 1 3 0
96 3 2 4 2 3 0
67 2 3 1 0 0 2
41 4 1 1 2 0 1
57 0 0 0 0 1 1
49 3 2 0 1 1 1
33 1 5 2 1 1 0
78 2 3 2 0 1 1
43 2 2 1 3 0 1
53 4 5 3 0 1 1
94 3 3 3 1 1 1
29 0 0 0 2 0 1
42 2 2 0 0 0 1
73 2 2 4 1 1 1
59 1 2 2 0 1 1
75 1 1 0 3 1 1
68 3 5 3 3 1 0
51 2 2 0 2 1 1
93 1 2 0 2 1 1
53 0 0 1 2 1 1
63 1 1 3 1 2 0
26 3 2 0 1 0 1
48 4 3 1 0 1 1
98 2 2 2 1 1 2
45 1 1 4 0 1 1
61 1 1 0 0 0 2
22 2 3 2 0 1 0
11 0 1 0 0 1 0
29 1 1 0 0 0 1
54 9 3 1 1 1 1
25 2 1 2 0 0 1
75 4 3 3 2 1 1
44 4 0 0 1 0 1
30 1 1 0 1 0 1
92 0 4 0 1 2 1
90 1 1 0 1 2 1
35 2 3 3 2 0 0
87 4 2 3 1 1 1
77 0 4 2 3 1 1
84 1 0 3 0 0 2
86 3 3 2 5 1 0
42 2 1 1 0 0 1
77 1 2 3 1 1 1
84 4 3 2 3 2 0
90 3 4 1 2 1 1
24 2 2 1 1 1 0
82 2 3 1 2 1 1
62 1 6 2 3 0 1
77 0 2 1 2 1 1
84 2 2 3 0 0 2
36 1 1 2 0 0 1
70 6 5 5 2 1 0
21 1 0 0 0 0 1
71 2 3 0 0 1 1
66 0 0 2 1 1 1
57 0 2 1 0 0 1
97 2 3 0 6 2 0
24 2 2 1 0 1 0
83 4 0 1 2 2 1
88 4 2 2 0 0 2
75 3 1 1 2 0 1
81 2 1 3 1 2 1
77 0 3 0 0 2 1
99 4 4 4 2 2 1
71 7 2 3 2 1 1
53 2 2 2 1 2 0
67 5 0 2 1 1 1
37 0 4 0 0 0 1
16 1 1 1 0 1 0
84 4 4 3 3 2 0
53 4 3 2 0 1 1
85 3 1 3 1 2 1
61 0 0 1 1 1 1
58 2 3 1 0 0 1
35 1 2 1 1 1 0
70 2 2 0 1 1 1
39 1 1 1 1 0 1
38 1 3 1 1 0 1
69 3 0 1 1 1 1
50 1 2 2 2 1 0
36 1 1 1 0 0 1
79 4 1 1 0 1 1
99 6 0 1 0 2 1
82 1 4 4 3 1 1
89 5 1 2 2 0 2
59 6 3 1 2 0 1
25 2 2 0 1 0 1
14 1 2 1 0 1 0
48 4 3 0 1 0 1
37 1 3 0 2 0 1
80 1 2 2 2 0 1
31 0 1 0 3 0 0
27 1 1 2 0 0 1
51 0 0 3 0 0 1
46 4 0 2 1 0 1
15 9 1 0 1 0 0
99 2 3 1 0 2 1
65 0 5 2 4 0 1
73 3 3 3 2 1 1
34 2 2 1 0 0 1
17 4 0 0 1 0 1
46 3 2 0 0 0 1
33 1 3 2 1 1 0
97 1 0 2 1 3 1
42 1 0 2 1 1 1
49 3 1 1 0 0 1
96 2 6 2 2 2 1
76 5 2 0 0 1 1
40 0 4 3 1 0 1
31 1 1 0 0 1 1
79 4 4 2 0 1 1
68 1 4 1 2 1 1
81 1 1 2 2 0 1
64 1 0 1 2 2 0
15 3 2 0 0 0 1
54 2 0 1 1 0 1
43 4 2 2 0 0 1
39 0 2 2 0 0 1
76 3 3 0 1 2 1
87 4 3 1 0 1 2
62 1 2 0 0 1 1
63 4 1 4 0 0 1
18 2 2 0 1 1 0
50 1 3 1 1 0 1
85 2 2 0 2 1 1
70 4 0 0 1 0 2
83 5 3 3 1 1 1
62 3 1 5 1 1 1
84 3 6 1 2 3 0
97 4 4 1 1 2 1
31 2 1 0 0 0 1
50 3 0 0 0 3 0
52 1 2 1 2 1 1
66 5 4 3 3 0 1
69 6 0 4 2 0 1
58 1 0 1 1 2 1
53 1 1 1 0 0 1
43 1 0 0 0 0 1
27 1 4 2 0 1 0
90 3 4 3 2 3 0
11 0 2 0 0 0 1
67 2 2 2 2 1 1
27 1 2 2 1 1 0
52 5 1 0 1 1 1
49 0 2 1 1 1 1
32 2 1 2 1 1 0
5 0 0 0 0 0 1
58 1 3 1 4 1 0
58 3 4 3 0 0 1
33 0 2 3 1 0 1
83 4 3 0 1 0 2
70 5 1 2 1 0 1
74 3 1 0 2 1 1
95 4 4 0 1 0 2
14 4 2 1 0 1 0
68 2 1 3 0 1 1
78 2 2 0 0 2 1
38 2 0 0 1 0 1
23 6 0 1 0 1 0
48 2 3 3 2 0 1
45 7 9 1 0 0 1
80 2 2 2 2 1 1
99 5 2 1 0 2 1
49 5 1 1 0 1 1
54 2 5 1 3 1 0
54 4 1 4 0 1 1
65 0 2 2 1 2 1
61 0 6 0 2 2 0
37 3 5 2 0 1 0
28 1 2 1 0 0 1
34 3 0 2 2 0 1
42 2 1 2 2 0 1
74 2 3 0 3 1 1
49 0 0 0 0 0 1
68 2 2 0 0 1 1
40 5 3 1 0 0 1
32 0 0 0 0 0 1
11 3 1 1 0 0 1
36 1 0 0 1 0 1
48 1 2 1 2 1 0
52 2 1 1 1 2 0
48 2 0 8 0 1 0
48 2 2 0 2 0 1
40 2 3 2 0 0 1
39 4 2 1 1 0 1
97 1 3 1 1 0 2
52 0 1 0 0 2 1
63 2 2 1 1 2 1
96 9 5 3 1 0 2
89 2 2 1 2 2 1
72 2 1 1 2 2 1
85 0 4 2 2 0 1
39 2 0 0 0 0 1
15 3 0 1 1 0 0
53 2 2 1 1 1 1
98 4 0 1 2 1 1
74 5 3 0 2 0 1
73 2 1 1 3 0 1
59 3 2 1 1 0 1
96 4 4 0 3 2 1
70 3 2 1 0 1 1
47 2 3 1 0 1 1
91 3 2 0 4 0 1
26 4 2 1 2 0 0
74 5 3 2 4 0 1
30 1 1 1 1 0 1
88 2 3 2 1 2 1
64 4 3 1 2 1 1
84 4 2 2 4 1 1
70 5 1 0 0 2 1
57 4 0 0 2 1 1
63 0 1 1 0 1 1
83 0 3 3 1 0 2
57 5 0 1 0 0 1
40 1 0 0 0 0 1
77 2 1 2 2 0 1
51 1 0 0 1 0 1
76 1 0 0 1 2 1
43 0 4 1 2 1 0
22 3 1 1 0 1 0
38 2 1 1 0 0 1
22 1 1 1 1 0 1
94 3 2 1 0 1 2
17 1 0 0 0 0 1
47 2 2 1 2 1 0
84 3 4 2 1 1 1
28 2 0 1 0 0 1
52 3 2 0 2 2 0
15 1 0 0 1 1 0
92 0 2 1 0 0 2
54 3 2 1 1 0 1
66 1 2 1 0 2 1
68 3 3 2 4 0 1
97 4 0 1 2 0 2
90 0 1 1 1 1 2
45 3 4 3 0 0 1
29 2 1 2 0 0 1
45 1 0 1 1 0 1
59 2 5 4 1 0 1
37 2 2 1 2 0 1
57 4 2 1 2 1 1
59 1 3 1 1 1 1
45 3 1 1 0 0 1
95 4 2 2 1 0 2
78 2 0 1 0 0 2
42 4 4 0 0 0 1
61 1 6 3 2 1 0
84 1 1 1 4 1 1
88 1 2 0 1 2 1
87 5 1 0 2 2 1
76 1 2 0 0 1 2
94 4 4 3 1 2 1
81 4 2 3 0 0 2
64 2 4 1 3 1 0
84 4 1 6 1 1 1
90 3 2 0 0 1 2
51 4 4 2 0 1 1
75 3 0 3 3 2 0
73 2 2 1 3 2 0
57 4 1 0 0 1 1
82 5 3 1 2 1 1
42 1 2 0 1 0 1
69 3 3 1 1 0 1
50 2 1 2 1 0 1
3 1 0 0 0 0 1
36 0 0 1 2 0 1
35 1 0 2 0 2 0
52 3 4 1 1 0 1
75 2 2 1 4 1 1
58 0 0 1 0 2 1
76 1 1 2 0 2 1
82 0 2 1 1 1 1
36 2 4 1 2 0 1
60 0 0 1 1 0 1
75 1 3 2 1 3 0
54 2 3 1 0 2 1
56 6 7 2 2 1 0
13 2 1 0 0 0 1
38 2 2 1 0 1 1
47 3 4 2 0 1 1
31 4 2 2 1 0 1
90 9 5 2 3 2 0
38 1 0 1 0 0 1
41 3 4 1 0 1 1
30 0 2 1 2 1 0
58 1 2 3 0 1 1
47 3 4 4 1 1 0
61 4 0 2 1 1 1
43 1 0 1 1 1 1
37 0 2 0 0 1 1
81 4 0 0 3 3 0
97 2 2 1 1 1 2
57 0 3 0 2 2 0
45 2 5 1 1 0 1
51 2 3 1 1 1 1
72 3 0 0 3 2 0
51 1 2 4 0 1 1
37 1 1 0 0 2 0
95 3 2 1 3 0 2
35 0 4 1 2 0 1
97 1 2 1 4 1 1
41 1 2 1 0 1 1
51 2 1 1 2 0 1
97 6 4 4 1 1 1
95 4 1 2 3 1 1
24 3 2 1 0 0 1
26 2 0 0 0 1 1
64 2 0 3 2 0 1
19 1 1 0 2 0 0
42 1 1 0 1 0 1
79 2 4 4 3 0 1
85 2 3 2 2 1 1
93 2 2 2 2 1 1
45 3 3 2 1 1 0
20 2 0 0 0 0 1
84 1 0 0 0 2 1
70 3 1 1 0 1 1
17 2 2 2 1 0 0
69 2 2 3 2 0 1
98 5 2 1 2 1 1
72 2 3 1 1 0 1
43 3 1 0 0 0 1
98 2 3 1 2 1 1
39 1 2 0 1 1 1
45 5 1 0 1 0 1
69 2 3 3 2 0 1
84 2 0 2 1 2 1
44 4 0 2 1 0 1
55 1 2 1 1 1 1
38 2 1 1 2 1 0
71 3 2 2 2 0 1
21 1 1 0 0 1 0
42 1 2 1 0 1 1
7 0 0 0 0 1 0
54 5 3 1 1 1 1
71 1 1 1 1 1 1
71 0 2 2 0 0 2
18 2 2 0 0 0 1
91 2 1 5 3 1 1
30 1 1 2 0 0 1
71 6 1 3 3 1 0
85 2 4 3 0 0 2
79 6 4 1 0 0 2
69 1 1 2 2 0 1
90 1 3 3 1 1 1
88 2 1 1 2 0 2
93 7 3 2 3 1 1
98 6 2 2 3 3 0
37 1 0 1 1 0 1
50 5 1 4 1 1 0
74 4 2 3 3 0 1
83 6 4 2 1 2 1
57 1 2 1 2 1 1
72 3 2 0 1 2 1
39 2 1 1 0 0 1
31 4 2 1 1 0 1
50 2 2 1 0 2 0
56 3 1 0 1 1 1
9 1 1 1 1 0 0
11 1 0 0 0 1 0
97 3 0 0 3 3 1
52 2 2 1 1 0 1
91 3 5 0 1 4 0
96 0 2 1 0 1 2
44 2 3 1 1 0 1
64 7 2 2 3 0 1
28 1 0 1 0 0 1
55 4 2 2 2 1 0
24 1 1 0 0 0 1
26 3 4 1 0 0 1
96 3 1 0 0 3 1
90 3 0 2 1 1 1
4 0 0 0 0 0 1
20 4 1 3 0 0 0
29 1 1 1 0 1 1
48 0 5 1 1 2 0
77 0 1 2 0 1 1
73 2 1 2 2 0 1
34 4 0 1 1 0 1
15 2 5 0 0 0 1
73 2 6 1 1 1 1
22 2 0 0 0 0 1
93 1 3 1 1 0 2
52 2 4 2 2 0 1
37 3 2 1 2 0 1
87 0 0 0 0 0 2
97 1 3 3 3 2 1
82 3 5 2 1 2 1
98 5 2 1 0 0 2
33 2 1 2 0 1 0
53 2 3 0 0 0 1
99 2 2 1 1 1 2
37 1 2 1 0 1 1
81 2 2 0 3 0 1
45 2 2 2 0 1 1
64 0 0 0 0 1 1
99 1 0 0 2 1 2
64 4 1 1 1 1 1
91 0 0 1 0 1 2
67 4 1 3 2 0 1
75 3 0 3 2 1 1
27 2 1 0 0 2 0
25 1 1 0 1 1 0
89 5 1 3 2 1 1
78 2 1 1 2 1 1
39 4 2 1 0 0 1
11 0 0 0 0 0 1
79 2 1 0 0 3 1
40 1 0 0 2 0 1
58 7 5 2 0 2 0
20 5 1 1 0 1 0
64 0 1 0 1 1 1
98 2 1 0 2 2 1
31 5 1 2 0 1 0
11 1 0 0 0 0 1
40 3 3 2 2 0 1
20 3 0 0 0 0 1
80 0 1 2 0 2 1
91 2 1 2 0 0 2
93 2 0 5 1 1 1
82 2 2 1 1 2 1
48 6 2 1 1 1 1
76 4 4 2 0 0 2
95 2 1 0 1 3 1
90 3 3 2 1 2 1
73 1 2 1 3 0 1
45 3 0 2 2 1 0
38 1 0 0 0 0 1
26 1 2 2 1 0 1
38 3 6 2 0 0 1
99 0 0 1 3 1 1
84 3 2 2 2 2 1
71 5 1 2 0 1 1
87 1 2 0 2 2 1
95 0 1 1 0 3 1
51 5 3 4 0 0 1
90 0 2 1 2 0 2
71 1 0 1 4 0 1
79 3 2 2 2 1 1
81 1 0 1 1 1 1
34 1 1 2 1 0 1
97 4 8 1 1 1 1
77 2 1 0 2 0 2
91 6 5 0 0 0 2
14 0 3 0 1 0 0
59 2 0 1 0 0 2
18 2 1 1 0 0 1
98 3 1 3 1 0 2
97 0 3 2 1 1 2
23 4 1 1 1 0 1
63 6 5 1 2 0 1
67 2 1 0 2 0 1
15 1 0 0 1 1 0
97 1 3 3 3 0 1
20 2 1 2 0 1 0
53 4 1 2 1 0 1
29 3 1 0 0 1 1
32 1 5 1 0 1 0
69 2 1 2 1 0 1
64 3 1 0 1 1 1
64 3 3 3 1 1 1
63 6 7 1 2 0 1
78 1 1 6 4 0 1
89 3 3 2 1 1 1
18 1 0 3 0 1 0
65 2 1 1 2 1 1
36 4 2 0 0 2 0
43 3 3 1 2 1 0
69 1 0 0 2 1 1
65 2 3 3 2 0 1
49 1 0 2 0 2 0
87 8 3 5 2 0 1
45 2 2 2 1 1 0
65 2 2 0 2 1 1
42 3 1 3 1 0 1
75 4 7 1 1 1 1
59 4 1 3 1 1 1
53 2 0 1 2 2 0
32 6 1 0 1 1 0
64 1 3 1 1 0 1
32 2 3 2 1 0 1
97 2 3 3 2 2 1
95 0 1 3 1 1 1
62 5 1 1 1 0 1
57 2 1 4 1 0 1
92 3 1 4 0 0 2
56 0 1 0 1 0 1
71 5 0 1 1 0 2
30 2 0 1 0 0 1
51 2 2 2 2 0 1
80 2 3 0 1 1 1
40 1 0 1 0 1 1
67 2 1 0 4 0 1
93 6 2 0 2 2 1
52 1 1 0 1 1 1
46 5 3 0 2 1 0
97 4 6 2 2 1 1
35 1 3 4 1 0 0
65 2 2 0 1 1 1
10 2 1 1 0 1 0
24 1 0 1 0 0 1
98 1 1 1 0 0 2
30 3 2 1 0 0 1
11 2 1 1 0 1 0
31 1 2 0 0 0 1
8 1 1 0 0 1 0
53 2 4 3 1 0 1
51 1 2 1 0 1 1
54 2 3 0 0 0 1
27 1 1 0 0 0 1
75 1 1 0 1 1 1
56 3 2 2 1 2 0
95 1 2 3 2 3 0
40 0 0 2 0 0 1
51 0 1 0 0 0 1
51 1 0 1 1 1 1
34 0 3 4 0 1 0
90 2 1 2 3 1 1
35 2 1 2 0 0 1
93 5 1 0 0 1 2
39 6 2 1 1 0 1
65 2 2 1 1 1 1
70 0 2 2 1 1 1
49 1 1 0 1 0 1
49 1 3 2 1 1 1
42 1 2 0 2 1 0
95 3 1 1 2 2 1
79 1 0 1 2 1 1
46 1 1 2 0 2 0
40 1 2 1 0 0 1
90 6 4 6 4 0 1
52 1 2 1 2 2 0
85 2 4 2 2 1 1
47 3 2 2 1 0 1
53 1 4 0 0 1 1
45 2 1 1 0 0 1
20 1 2 0 1 0 1
54 1 2 2 2 0 1
49 2 2 0 1 2 0
26 2 0 1 1 0 1
76 2 1 0 0 0 2
36 1 5 2 0 0 1
71 3 0 0 0 2 1
79 3 0 3 1 1 1
96 4 2 2 2 2 1
95 0 2 1 2 3 1
64 2 0 0 2 1 1
63 2 1 4 0 2 0
52 5 1 1 1 1 1
54 3 4 3 2 1 0
27 0 1 0 0 0 1
44 3 2 3 0 2 0
45 1 0 0 0 0 1
74 0 4 1 1 3 0
96 1 6 4 3 0 1
58 3 1 4 3 1 0
72 2 1 1 4 0 1
55 2 1 1 0 1 1
39 3 1 1 1 0 1
32 3 0 1 0 0 1
47 2 2 1 1 0 1
92 2 7 3 2 0 1
58 2 3 0 2 2 0
40 3 2 0 0 0 1
65 4 1 0 0 1 1
85 2 1 0 2 0 2
20 4 0 2 0 0 1
80 4 2 0 1 2 1
45 2 1 1 1 0 1
99 5 3 3 0 3 1
94 3 2 4 1 0 2
10 3 1 0 0 0 1
56 3 2 3 3 0 1
66 0 2 1 1 1 1
98 4 1 1 3 2 1
8 2 0 1 1 0 0
41 0 0 0 0 0 1
42 2 1 2 0 0 1
98 3 2 3 2 2 1
69 2 3 1 1 1 1
85 0 2 1 0 0 2
75 3 1 3 0 0 2
72 0 1 1 2 0 1
79 2 3 3 2 0 1
45 4 0 0 1 1 1
57 5 2 3 2 1 0
52 1 0 1 1 0 1
99 4 3 3 0 1 2
93 6 3 1 0 1 2
28 5 4 1 0 0 1
7 1 0 0 0 0 1
80 5 1 3 1 1 1
55 3 2 1 2 2 0
57 4 1 3 0 0 1
31 0 2 1 1 0 1
