8 8 2 2 5 3
1000
12 0 0 0 0 0 1
24 4 0 0 1 0 1
12 0 0 0 0 0 1
12 0 0 0 0 0 1
76 2 1 2 1 1 1
67 6 4 1 0 1 1
12 0 0 0 0 0 1
12 0 0 0 0 0 1
12 0 0 0 0 0 1
12 0 0 0 0 0 1
52 3 4 1 1 1 1
82 2 1 1 1 2 1
67 3 2 1 1 1 1
27 3 2 1 0 0 1
4 1 2 0 0 0 0
12 0 0 0 0 0 1
12 0 0 0 0 0 1
60 2 3 2 0 0 1
60 2 3 1 1 1 1
95 1 3 2 0 1 2
70 4 5 3 0 2 1
5 0 0 1 0 0 0
12 0 0 0 0 0 1
12 0 0 0 0 0 1
58 2 3 2 0 1 1
61 5 1 1 2 2 0
12 0 0 0 0 0 1
12 0 0 0 0 0 1
23 2 4 0 0 0 1
34 5 3 1 0 1 0
12 0 0 0 0 0 1
12 0 0 0 0 0 1
69 2 3 1 2 2 0
12 0 0 0 0 0 1
55 7 0 3 0 2 0
10 3 4 0 0 0 0
12 0 0 0 0 0 1
93 10 5 3 1 1 1
12 0 0 0 0 0 1
12 0 0 0 0 0 1
12 0 0 0 0 0 1
12 0 0 0 0 0 1
37 3 2 2 2 0 0
46 2 1 1 0 0 1
75 4 3 4 1 2 0
12 0 0 0 0 0 1
12 0 0 0 0 0 1
52 2 0 0 3 1 0
38 1 0 0 1 2 0
47 2 1 1 1 0 1
68 4 4 0 3 0 1
14 0 2 0 1 0 0
98 2 3 4 1 3 0
12 0 0 0 0 0 1
71 1 5 0 4 1 0
67 2 2 2 1 1 1
12 0 0 0 0 0 1
65 2 1 3 2 0 1
12 0 0 0 0 0 1
39 2 3 4 2 0 0
12 0 0 0 0 0 1
54 1 4 3 0 1 1
12 0 0 0 0 0 1
12 0 0 0 0 0 1
51 1 2 1 1 0 1
12 0 0 0 0 0 1
12 0 0 0 0 0 1
50 4 2 2 0 1 1
94 4 4 3 3 2 0
67 3 3 4 0 2 0
93 8 1 1 2 1 1
77 2 0 0 2 0 2
13 1 0 1 0 1 0
81 2 1 2 2 0 1
12 0 0 0 0 0 1
12 0 0 0 0 0 1
12 0 0 0 0 0 1
56 2 2 4 1 1 0
12 0 0 0 0 0 1
12 0 0 0 0 0 1
96 4 1 3 1 1 1
12 0 0 0 0 0 1
80 2 1 1 0 0 2
24 1 1 0 0 0 1
81 3 8 4 0 1 1
60 3 3 2 2 1 1
12 0 0 0 0 0 1
29 4 0 1 1 0 1
78 3 0 1 2 0 1
26 0 2 1 0 0 1
96 0 1 0 0 2 2
18 1 3 1 1 0 0
68 2 3 1 1 0 1
70 8 5 3 2 1 0
28 3 1 0 1 0 1
35 2 1 0 0 0 1
12 0 0 0 0 0 1
79 3 6 5 0 1 1
12 0 0 0 0 0 1
69 7 1 3 2 2 0
12 0 0 0 0 0 1
72 3 5 2 2 0 1
12 0 0 0 0 0 1
86 2 2 0 1 0 2
43 1 0 0 1 1 1
50 0 0 0 0 0 1
8 0 4 0 0 0 0
12 0 0 0 0 0 1
12 0 0 0 0 0 1
12 0 0 0 0 0 1
45 2 3 3 1 0 1
52 3 0 0 1 0 1
12 0 0 0 0 0 1
12 0 0 0 0 0 1
12 0 0 0 0 0 1
12 0 0 0 0 0 1
45 2 1 0 0 2 1
12 0 0 0 0 0 1
28 3 2 1 1 1 0
12 0 0 0 0 0 1
67 3 0 1 1 2 1
44 4 3 1 1 1 0
42 3 5 1 2 0 1
12 0 0 0 0 0 1
12 0 0 0 0 0 1
12 0 0 0 0 0 1
47 3 1 1 0 0 1
12 0 0 0 0 0 1
12 0 0 0 0 0 1
95 3 2 1 0 0 2
12 0 0 0 0 0 1
65 1 7 2 2 1 0
12 0 0 0 0 0 1
58 3 2 3 4 0 0
66 5 4 3 0 1 1
83 1 0 4 2 1 1
18 2 1 1 0 0 1
42 2 5 1 1 0 1
12 0 0 0 0 0 1
12 0 0 0 0 0 1
12 0 0 0 0 0 1
52 4 1 0 2 0 1
34 5 2 1 0 0 1
14 0 2 2 0 0 0
32 1 2 1 1 1 0
79 1 4 2 2 2 0
85 4 3 1 0 0 2
12 0 0 0 0 0 1
12 0 0 0 0 0 1
12 0 0 0 0 0 1
12 0 0 0 0 0 1
93 2 4 1 0 1 2
21 0 0 0 0 0 1
61 2 2 1 1 2 0
12 0 0 0 0 0 1
11 0 1 1 1 0 0
12 0 0 0 0 0 1
12 0 0 0 0 0 1
10 1 3 1 0 0 0
12 0 0 0 0 0 1
21 0 0 0 0 0 1
72 2 3 1 3 1 1
78 2 4 1 0 2 1
77 1 0 0 0 0 2
12 0 0 0 0 0 1
12 0 0 0 0 0 1
12 0 0 0 0 0 1
12 0 0 0 0 0 1
56 4 1 3 1 0 1
12 0 0 0 0 0 1
27 4 3 3 1 0 0
12 0 0 0 0 0 1
90 3 0 1 2 0 2
12 0 0 0 0 0 1
45 1 0 2 1 2 0
27 3 2 2 1 0 0
67 1 3 2 2 1 1
12 0 0 0 0 0 1
12 0 0 0 0 0 1
77 7 5 3 3 1 0
74 1 3 1 2 1 1
12 0 0 0 0 0 1
12 0 0 0 0 0 1
12 0 0 0 0 0 1
53 0 2 1 1 0 1
12 0 0 0 0 0 1
12 0 0 0 0 0 1
54 4 1 3 0 0 1
40 1 2 0 0 2 0
53 4 3 3 0 1 1
32 2 0 0 1 1 0
65 2 2 0 1 1 1
12 0 0 0 0 0 1
12 0 0 0 0 0 1
12 0 0 0 0 0 1
12 0 0 0 0 0 1
75 2 2 2 4 1 0
12 1 3 1 0 0 0
12 0 0 0 0 0 1
12 0 0 0 0 0 1
12 0 0 0 0 0 1
12 0 0 0 0 0 1
12 0 0 0 0 0 1
12 0 0 0 0 0 1
87 4 3 3 1 2 1
75 3 1 5 4 1 0
12 0 0 0 0 0 1
12 0 0 0 0 0 1
12 0 0 0 0 0 1
34 3 3 3 1 0 0
63 5 1 3 0 1 1
44 6 2 1 1 1 0
12 0 0 0 0 0 1
12 0 0 0 0 0 1
72 4 1 2 1 1 1
48 5 6 2 2 1 0
95 2 3 5 2 2 1
12 0 0 0 0 0 1
12 0 0 0 0 0 1
12 0 0 0 0 0 1
66 1 1 2 2 0 1
64 0 3 1 2 1 1
12 0 0 0 0 0 1
90 3 4 3 3 1 1
12 0 0 0 0 0 1
59 2 4 3 0 1 1
12 0 0 0 0 0 1
67 0 0 0 0 0 2
97 4 1 2 1 4 0
85 2 1 0 0 1 2
62 4 5 3 4 0 0
12 0 0 0 0 0 1
12 0 0 0 0 0 1
12 0 0 0 0 0 1
20 1 1 0 0 0 1
47 4 0 0 0 3 0
12 0 0 0 0 0 1
76 2 2 2 1 0 1
12 0 0 0 0 0 1
12 0 0 0 0 0 1
79 3 2 2 3 1 1
85 2 0 1 2 0 2
29 3 2 2 0 1 0
44 2 1 2 0 2 0
12 0 0 0 0 0 1
21 1 1 0 1 1 0
12 0 0 0 0 0 1
96 4 1 4 1 2 1
12 0 0 0 0 0 1
61 1 4 4 1 0 1
50 1 1 0 0 0 1
60 1 0 1 1 3 0
89 4 1 1 0 2 1
12 0 0 0 0 0 1
97 4 4 5 2 2 0
2 1 1 0 0 0 0
12 0 0 0 0 0 1
10 5 3 0 0 0 0
12 0 0 0 0 0 1
86 4 6 0 3 2 0
12 0 0 0 0 0 1
12 0 0 0 0 0 1
74 2 0 3 1 0 1
98 3 0 2 0 0 2
6 1 2 1 0 0 0
56 4 4 6 2 0 0
12 0 0 0 0 0 1
23 5 2 2 1 0 0
12 0 0 0 0 0 1
53 6 1 3 1 1 0
61 3 1 3 1 2 0
98 6 2 2 2 3 0
13 5 1 0 0 1 0
88 4 0 1 0 0 2
53 3 3 1 3 1 0
42 3 4 0 1 2 0
68 5 5 1 2 0 1
61 2 1 1 0 1 1
93 2 2 1 1 3 1
52 5 8 2 1 1 0
12 0 0 0 0 0 1
11 4 1 1 0 0 0
98 7 1 5 2 3 0
12 0 0 0 0 0 1
12 0 0 0 0 0 1
45 6 1 1 0 2 0
28 2 3 1 1 1 0
12 0 0 0 0 0 1
12 0 0 0 0 0 1
72 2 1 2 1 2 1
37 2 2 1 2 0 1
73 2 1 5 2 2 0
56 3 1 1 0 0 1
12 0 0 0 0 0 1
12 0 0 0 0 0 1
12 0 0 0 0 0 1
12 0 0 0 0 0 1
94 1 2 1 4 1 1
12 0 0 0 0 0 1
35 2 1 1 1 0 1
12 0 0 0 0 0 1
96 0 3 2 0 2 1
95 4 3 1 1 1 1
23 2 0 2 1 0 1
90 4 2 0 2 1 1
53 1 3 0 4 1 0
99 1 2 5 0 1 1
50 5 2 1 0 1 1
75 3 0 0 0 2 1
88 1 4 0 2 1 1
39 0 4 1 1 1 0
12 0 0 0 0 0 1
12 0 0 0 0 0 1
74 3 1 1 0 1 1
50 0 0 1 0 2 1
97 4 4 1 1 4 0
43 2 1 2 3 0 0
12 0 0 0 0 0 1
12 0 0 0 0 0 1
73 7 6 5 1 1 0
18 3 0 1 1 0 0
12 0 0 0 0 0 1
63 2 1 0 1 0 1
12 0 0 0 0 0 1
12 0 0 0 0 0 1
96 2 0 0 0 3 1
94 2 0 1 1 3 1
59 1 2 2 1 0 1
12 0 0 0 0 0 1
34 7 1 5 0 0 0
78 3 5 0 0 0 2
29 4 3 0 1 1 0
12 0 0 0 0 0 1
12 0 0 0 0 0 1
79 3 2 6 2 1 1
53 0 4 3 0 2 0
12 0 0 0 0 0 1
12 0 0 0 0 0 1
12 0 0 0 0 0 1
78 4 3 2 2 0 1
55 1 5 2 1 1 1
9 2 0 1 0 0 1
35 1 4 4 0 0 1
50 2 1 1 0 0 1
92 3 2 3 1 3 0
48 0 2 0 1 0 1
17 1 2 2 1 0 0
12 0 0 0 0 0 1
42 2 3 0 1 0 1
87 3 1 0 1 0 2
35 7 2 1 1 1 0
54 3 1 1 0 1 1
37 3 3 1 0 1 1
66 4 1 1 3 2 0
12 0 0 0 0 0 1
31 4 1 1 2 0 0
47 1 0 1 0 1 1
12 0 0 0 0 0 1
12 0 0 0 0 0 1
77 0 1 1 0 1 1
43 2 1 1 1 0 1
12 0 0 0 0 0 1
73 1 1 0 0 1 1
12 0 0 0 0 0 1
12 0 0 0 0 0 1
39 1 2 5 0 0 1
12 0 0 0 0 0 1
12 0 0 0 0 0 1
57 1 4 1 0 0 1
89 3 2 2 1 1 1
88 3 5 1 1 3 0
12 0 0 0 0 0 1
46 7 3 0 1 0 1
8 4 1 0 1 0 0
94 1 1 0 0 3 1
81 3 4 2 2 2 0
99 4 7 2 1 2 1
89 5 4 1 1 1 1
12 0 2 2 0 0 0
12 0 0 0 0 0 1
99 3 3 2 4 2 0
55 4 5 0 1 2 0
23 3 0 1 0 0 1
39 3 5 1 3 0 0
12 0 0 0 0 0 1
41 0 3 1 1 1 0
12 0 0 0 0 0 1
12 0 0 0 0 0 1
12 0 0 0 0 0 1
90 5 4 3 0 2 1
12 0 0 0 0 0 1
12 0 0 0 0 0 1
12 0 0 0 0 0 1
98 7 2 1 1 1 2
83 1 2 1 0 1 2
12 0 0 0 0 0 1
10 3 4 0 0 0 0
62 0 4 2 1 0 1
32 6 3 1 1 0 1
12 0 0 0 0 0 1
12 0 0 0 0 0 1
96 0 1 1 0 1 2
22 5 3 1 0 0 1
12 0 0 0 0 0 1
12 0 0 0 0 0 1
45 1 2 2 2 1 0
12 0 0 0 0 0 1
14 6 3 1 0 0 0
56 2 1 1 3 1 0
56 2 1 1 1 0 1
58 4 3 3 3 1 0
96 7 4 0 3 0 2
85 1 2 2 0 1 1
12 0 0 0 0 0 1
20 0 0 0 0 0 1
12 0 0 0 0 0 1
47 1 6 0 2 0 1
12 0 0 0 0 0 1
24 1 1 2 0 0 1
69 3 1 1 1 2 1
77 2 2 0 1 2 1
12 0 0 0 0 0 1
12 0 0 0 0 0 1
12 0 0 0 0 0 1
93 3 1 3 2 2 1
28 0 0 0 0 0 1
12 0 0 0 0 0 1
50 4 2 0 0 0 1
36 5 3 2 0 1 0
12 0 0 0 0 0 1
12 0 0 0 0 0 1
12 2 0 2 0 0 0
12 0 0 0 0 0 1
53 1 1 0 0 0 1
63 3 0 0 1 1 1
12 0 0 0 0 0 1
12 0 0 0 0 0 1
66 2 3 0 1 0 1
12 0 0 0 0 0 1
12 3 5 0 0 0 0
25 4 1 0 1 1 0
61 2 3 3 2 1 0
89 0 2 1 2 3 0
12 0 0 0 0 0 1
45 6 4 3 2 0 0
57 1 3 1 0 3 0
12 0 0 0 0 0 1
78 8 3 3 1 1 1
12 0 0 0 0 0 1
12 0 0 0 0 0 1
16 2 0 2 0 0 1
34 2 1 0 1 1 0
12 0 0 0 0 0 1
12 0 0 0 0 0 1
12 0 0 0 0 0 1
39 5 2 0 0 1 1
45 3 2 3 0 0 1
12 0 0 0 0 0 1
79 2 3 0 0 0 2
52 5 1 0 0 0 1
92 1 1 4 1 1 1
66 0 0 5 0 0 1
97 7 3 3 1 0 2
20 2 4 0 1 0 0
12 0 0 0 0 0 1
77 2 2 2 1 3 0
2 2 0 0 0 0 0
85 0 0 3 2 0 1
12 0 0 0 0 0 1
47 1 2 1 0 0 1
12 0 0 0 0 0 1
12 0 0 0 0 0 1
82 2 6 0 1 3 0
12 0 0 0 0 0 1
20 1 0 0 2 0 0
12 0 0 0 0 0 1
12 0 0 0 0 0 1
32 0 1 2 0 1 0
12 0 0 0 0 0 1
98 0 2 1 0 5 0
64 2 3 2 1 2 0
35 0 5 1 0 0 1
72 2 4 3 1 1 1
87 5 6 0 0 1 1
94 5 7 1 5 1 0
12 0 0 0 0 0 1
90 4 7 2 0 3 1
67 3 4 2 0 1 1
74 1 3 0 4 1 1
12 0 0 0 0 0 1
92 3 2 1 1 1 1
12 0 0 0 0 0 1
12 0 0 0 0 0 1
33 4 2 1 0 1 0
96 2 2 3 0 2 1
60 2 1 1 5 1 0
96 3 1 2 2 1 1
12 0 0 0 0 0 1
12 0 0 0 0 0 1
41 1 0 0 0 0 1
12 0 0 0 0 0 1
55 0 1 3 1 1 1
51 2 0 0 0 0 1
12 0 0 0 0 0 1
12 0 0 0 0 0 1
12 0 0 0 0 0 1
12 0 0 0 0 0 1
10 4 3 0 0 0 0
12 0 0 0 0 0 1
26 2 0 0 1 1 0
12 0 0 0 0 0 1
12 0 0 0 0 0 1
12 0 0 0 0 0 1
16 2 2 0 1 0 0
23 2 0 1 1 1 0
73 1 3 0 0 3 1
78 3 3 2 1 2 1
12 0 0 0 0 0 1
12 0 0 0 0 0 1
87 1 3 0 0 2 1
87 3 2 2 1 1 1
39 1 2 1 1 0 1
60 3 2 1 3 0 1
69 2 3 2 2 0 1
12 0 0 0 0 0 1
38 2 3 0 1 1 0
22 4 3 2 0 0 1
34 2 3 3 0 1 0
26 1 2 1 0 0 1
34 4 0 2 2 0 0
49 4 3 0 2 1 0
22 2 2 0 2 0 0
12 0 0 0 0 0 1
12 0 0 0 0 0 1
47 3 0 3 1 0 1
12 0 0 0 0 0 1
38 1 0 1 1 0 1
12 0 0 0 0 0 1
12 0 0 0 0 0 1
12 0 0 0 0 0 1
85 2 0 1 1 1 1
82 4 3 2 0 1 1
35 1 0 0 1 2 0
12 0 0 0 0 0 1
12 0 0 0 0 0 1
12 0 0 0 0 0 1
12 0 0 0 0 0 1
58 2 4 0 0 1 1
31 1 2 0 2 1 0
12 0 0 0 0 0 1
12 0 0 0 0 0 1
12 0 0 0 0 0 1
99 3 3 3 2 2 1
18 1 0 0 0 0 1
85 6 2 1 0 1 1
12 0 0 0 0 0 1
49 1 2 1 0 0 1
37 6 1 3 1 1 0
79 5 6 4 4 1 0
12 0 0 0 0 0 1
72 2 3 3 3 0 1
69 2 3 1 2 1 1
89 4 1 2 2 2 1
44 2 1 2 1 1 0
43 1 8 1 1 1 0
18 2 1 0 0 0 1
36 2 2 0 1 1 0
12 0 0 0 0 0 1
69 4 2 2 0 0 2
12 0 0 0 0 0 1
12 0 0 0 0 0 1
12 0 0 0 0 0 1
1 1 0 0 0 0 0
12 0 0 0 0 0 1
13 2 3 1 0 0 0
64 3 5 2 1 1 1
94 4 2 3 2 3 0
10 0 0 0 1 0 0
87 0 3 1 0 0 2
12 0 0 0 0 0 1
79 1 6 2 0 1 1
80 0 1 1 0 1 2
42 1 3 1 1 1 0
66 3 4 5 3 0 0
12 0 0 0 0 0 1
20 2 2 0 0 0 1
56 3 3 3 0 1 1
27 2 0 2 2 0 0
38 4 4 2 2 0 0
47 0 0 3 1 2 0
12 0 0 0 0 0 1
46 1 5 1 1 1 0
91 6 2 1 2 3 0
12 0 0 0 0 0 1
44 3 3 1 2 1 0
22 2 1 1 1 0 1
67 1 0 0 0 0 2
91 5 3 1 3 1 1
19 2 1 2 1 0 0
12 0 0 0 0 0 1
12 0 0 0 0 0 1
8 2 0 1 0 0 1
12 0 0 0 0 0 1
8 2 0 1 0 0 1
12 0 0 0 0 0 1
60 4 3 2 1 2 0
76 0 3 0 0 1 1
12 0 0 0 0 0 1
15 3 6 0 0 0 0
12 0 0 0 0 0 1
52 1 2 0 2 2 0
80 3 1 1 2 0 1
12 0 0 0 0 0 1
52 3 3 4 3 0 0
50 4 3 2 3 0 0
6 2 0 0 0 0 1
12 0 0 0 0 0 1
79 5 4 0 1 0 2
78 0 3 0 1 1 1
81 0 2 0 1 1 1
60 1 1 1 4 1 0
12 0 0 0 0 0 1
22 0 1 0 0 1 0
12 0 0 0 0 0 1
20 5 4 0 0 0 1
12 0 0 0 0 0 1
12 0 0 0 0 0 1
12 0 0 0 0 0 1
12 0 0 0 0 0 1
12 0 0 0 0 0 1
76 4 0 2 0 1 1
47 4 1 0 3 1 0
12 0 0 0 0 0 1
12 0 0 0 0 0 1
90 7 4 0 0 0 2
12 0 0 0 0 0 1
77 1 2 4 1 1 1
61 2 3 0 3 0 1
99 0 2 1 2 0 2
74 6 4 0 1 0 1
93 4 2 2 3 3 0
12 0 0 0 0 0 1
12 0 0 0 0 0 1
89 4 0 1 4 2 0
81 1 0 0 0 0 2
12 0 0 0 0 0 1
12 0 0 0 0 0 1
75 6 0 4 2 2 0
12 0 0 0 0 0 1
12 0 0 0 0 0 1
12 0 0 0 0 0 1
30 4 3 2 1 0 0
38 4 1 2 1 0 1
72 1 2 1 0 3 1
93 0 2 0 2 0 2
44 1 2 3 2 1 0
55 3 0 2 2 0 1
96 4 1 1 2 1 1
12 0 0 0 0 0 1
17 1 1 1 0 0 1
47 5 2 3 3 0 0
69 6 3 3 4 1 0
94 1 4 3 2 2 1
12 0 0 0 0 0 1
12 0 0 0 0 0 1
58 0 2 0 2 1 1
12 0 0 0 0 0 1
67 1 3 4 4 0 0
88 0 3 1 0 2 1
90 3 1 0 0 0 2
34 3 3 2 0 1 0
12 0 0 0 0 0 1
12 0 0 0 0 0 1
12 0 0 0 0 0 1
13 3 0 1 0 1 0
12 0 0 0 0 0 1
12 0 0 0 0 0 1
12 0 0 0 0 0 1
49 6 5 1 2 0 1
89 6 2 6 2 2 0
96 1 2 1 2 1 1
12 0 0 0 0 0 1
23 1 0 1 0 0 1
23 1 2 0 1 1 0
12 0 0 0 0 0 1
59 3 0 0 0 0 2
64 3 1 1 1 0 1
69 2 6 3 3 1 0
25 2 1 0 0 0 1
71 1 8 3 1 0 1
50 2 0 2 2 1 0
80 6 4 1 0 3 1
84 5 2 3 1 0 1
12 2 0 0 1 0 0
86 0 2 0 1 0 2
33 0 2 1 0 0 1
12 0 0 0 0 0 1
46 4 1 2 1 1 0
99 8 0 1 2 3 1
12 0 0 0 0 0 1
42 1 4 1 2 1 0
82 2 1 4 2 2 0
12 0 0 0 0 0 1
12 0 0 0 0 0 1
62 5 0 1 0 0 2
56 5 1 2 1 2 0
12 0 0 0 0 0 1
77 3 2 0 3 2 0
33 1 2 0 0 0 1
50 1 8 1 1 0 1
32 3 4 1 2 0 0
12 0 0 0 0 0 1
44 2 1 0 1 1 1
12 0 0 0 0 0 1
12 0 0 0 0 0 1
48 0 4 0 0 2 0
12 0 0 0 0 0 1
12 0 0 0 0 0 1
12 0 0 0 0 0 1
31 1 7 0 0 1 0
12 0 0 0 0 0 1
25 2 0 1 0 0 1
12 0 0 0 0 0 1
12 0 0 0 0 0 1
12 0 0 0 0 0 1
12 0 0 0 0 0 1
73 5 2 1 2 1 1
12 0 0 0 0 0 1
12 0 0 0 0 0 1
12 0 0 0 0 0 1
81 4 3 2 0 0 2
80 3 1 1 1 3 0
48 1 4 0 1 1 1
12 0 0 0 0 0 1
60 1 1 2 1 1 1
12 0 0 0 0 0 1
12 0 0 0 0 0 1
12 0 0 0 0 0 1
12 0 0 0 0 0 1
89 4 4 3 0 3 1
12 0 0 0 0 0 1
66 6 5 1 0 0 1
88 1 2 6 1 0 1
34 2 1 0 1 1 0
74 4 0 3 1 0 1
12 0 0 0 0 0 1
49 2 1 0 1 1 1
43 0 1 1 0 0 1
59 2 3 2 0 2 1
83 10 3 0 1 2 1
13 3 2 1 0 0 1
65 8 6 3 1 1 0
12 0 0 0 0 0 1
12 0 0 0 0 0 1
12 0 0 0 0 0 1
41 4 1 1 1 1 0
12 0 0 0 0 0 1
17 2 1 2 1 0 0
53 7 3 4 0 1 0
12 0 0 0 0 0 1
92 5 2 4 0 1 1
12 0 0 0 0 0 1
12 0 0 0 0 0 1
12 0 0 0 0 0 1
12 0 0 0 0 0 1
59 3 3 0 1 2 0
79 0 0 0 1 2 1
12 0 0 0 0 0 1
99 1 1 0 0 1 2
72 2 1 4 0 1 1
83 4 4 2 1 0 2
78 1 1 3 1 0 1
12 0 0 0 0 0 1
8 0 0 0 0 0 1
71 5 2 1 2 1 1
12 0 0 0 0 0 1
36 2 4 2 1 1 0
38 1 5 0 1 1 0
12 0 0 0 0 0 1
90 1 3 2 1 4 0
12 0 0 0 0 0 1
99 4 2 0 1 0 2
12 0 0 0 0 0 1
55 2 2 0 1 1 1
12 0 0 0 0 0 1
55 2 4 1 1 1 1
52 0 1 3 1 0 1
60 7 4 0 4 0 1
15 0 1 1 0 0 1
12 0 0 0 0 0 1
51 6 7 2 3 0 0
48 2 5 2 0 1 1
12 0 0 0 0 0 1
38 2 2 1 0 0 1
60 2 5 2 4 0 0
42 5 0 0 0 0 1
71 8 5 3 0 1 1
32 5 2 2 0 1 0
93 3 1 0 1 2 1
18 7 3 1 0 0 0
14 0 1 0 0 0 1
10 3 1 1 0 0 0
97 7 2 1 1 3 1
88 2 1 4 3 1 1
30 1 3 2 2 0 0
73 4 4 1 2 1 1
12 0 0 0 0 0 1
12 0 0 0 0 0 1
15 3 3 1 0 1 0
12 0 0 0 0 0 1
12 0 0 0 0 0 1
66 1 2 3 0 0 1
12 0 0 0 0 0 1
42 1 2 1 0 1 1
67 1 6 3 0 0 1
78 4 5 2 2 2 0
21 2 3 1 0 1 0
12 0 0 0 0 0 1
17 1 1 1 1 0 0
39 1 0 0 1 0 1
19 4 1 0 0 1 0
12 0 0 0 0 0 1
12 0 0 0 0 0 1
12 0 0 0 0 0 1
12 0 0 0 0 0 1
12 0 0 0 0 0 1
73 8 3 0 1 1 1
63 1 1 2 0 0 1
12 0 0 0 0 0 1
90 3 2 1 3 2 1
12 0 0 0 0 0 1
12 0 0 0 0 0 1
12 0 0 0 0 0 1
12 0 0 0 0 0 1
72 2 1 1 0 1 1
52 3 0 0 3 0 1
47 2 2 2 0 1 1
53 1 1 0 0 0 1
19 3 5 0 1 0 0
12 0 0 0 0 0 1
12 0 0 0 0 0 1
12 0 0 0 0 0 1
12 0 0 0 0 0 1
12 0 0 0 0 0 1
12 0 0 0 0 0 1
12 0 0 0 0 0 1
12 0 0 0 0 0 1
12 0 0 0 0 0 1
92 4 2 0 1 1 2
53 1 2 0 4 1 0
72 5 2 2 1 2 1
30 3 1 2 1 1 0
60 1 2 5 0 0 1
25 1 0 1 0 0 1
95 4 4 1 4 1 1
56 3 4 1 1 2 0
12 0 0 0 0 0 1
20 1 1 0 0 0 1
27 1 0 0 0 2 0
12 0 0 0 0 0 1
94 1 5 2 2 2 1
1 1 0 0 0 0 0
53 3 2 0 0 1 1
83 1 6 3 2 1 1
12 0 0 0 0 0 1
6 1 0 1 0 0 0
42 2 3 0 1 0 1
39 2 2 0 0 0 1
12 0 0 0 0 0 1
54 2 4 0 3 0 1
12 0 0 0 0 0 1
12 0 0 0 0 0 1
12 0 0 0 0 0 1
12 0 0 0 0 0 1
91 1 0 2 0 2 1
12 0 0 0 0 0 1
12 0 0 0 0 0 1
12 0 0 0 0 0 1
12 0 0 0 0 0 1
86 2 2 2 1 1 1
12 0 0 0 0 0 1
6 3 2 0 0 0 0
12 0 0 0 0 0 1
54 2 1 1 1 0 1
97 0 3 1 1 2 1
12 0 0 0 0 0 1
82 4 4 2 2 2 0
75 6 4 1 0 3 0
26 4 2 2 0 1 0
61 4 1 3 2 1 0
12 0 0 0 0 0 1
75 1 2 1 2 0 1
71 1 7 0 4 1 0
12 0 0 0 0 0 1
12 0 0 0 0 0 1
12 0 0 0 0 0 1
81 0 3 1 1 0 2
79 5 2 0 0 1 1
54 2 1 0 1 2 0
12 0 0 0 0 0 1
12 0 0 0 0 0 1
29 0 3 2 2 0 0
12 0 0 0 0 0 1
39 3 1 1 2 0 1
94 3 6 0 2 1 1
12 0 0 0 0 0 1
65 3 0 0 1 1 1
34 1 2 0 0 0 1
64 0 2 1 1 2 1
12 0 0 0 0 0 1
92 5 3 4 3 0 1
41 1 2 0 0 1 1
57 4 1 0 1 0 1
33 1 0 0 0 1 1
12 0 0 0 0 0 1
88 3 1 1 3 3 0
89 2 0 0 1 0 2
41 3 1 2 0 0 1
14 2 2 2 0 0 0
12 0 0 0 0 0 1
83 2 2 1 0 0 2
21 2 1 0 1 1 0
65 2 2 1 1 1 1
12 0 0 0 0 0 1
12 0 0 0 0 0 1
12 0 0 0 0 0 1
18 3 4 1 1 0 0
29 2 3 1 1 1 0
12 0 0 0 0 0 1
12 0 0 0 0 0 1
12 0 0 0 0 0 1
12 0 0 0 0 0 1
80 2 4 0 2 0 1
12 0 0 0 0 0 1
8 1 1 1 0 0 0
12 0 0 0 0 0 1
12 0 0 0 0 0 1
63 2 1 1 0 1 1
5 3 1 0 0 0 0
12 0 0 0 0 0 1
12 0 0 0 0 0 1
68 2 4 3 2 2 0
12 0 0 0 0 0 1
42 3 5 1 1 0 1
54 3 0 2 0 1 1
12 0 0 0 0 0 1
36 6 1 0 0 2 0
77 3 2 0 2 0 1
63 2 3 3 2 1 0
12 0 0 0 0 0 1
74 2 1 1 0 1 1
12 0 0 0 0 0 1
78 2 3 0 2 0 1
30 2 0 0 0 0 1
90 4 3 1 1 1 1
23 1 1 0 0 1 0
56 1 2 2 0 1 1
12 0 0 0 0 0 1
12 0 0 0 0 0 1
12 0 0 0 0 0 1
50 0 2 1 0 2 1
79 2 1 0 2 1 1
12 0 0 0 0 0 1
37 5 2 0 0 0 1
73 3 2 0 1 1 1
12 0 0 0 0 0 1
5 0 1 0 0 0 1
51 4 2 2 1 2 0
88 4 8 0 2 1 1
77 4 2 1 2 3 0
93 1 3 2 0 2 1
98 1 4 5 1 2 1
66 4 0 1 1 2 1
83 0 4 3 2 1 1
15 0 1 3 0 0 0
12 0 0 0 0 0 1
27 0 1 2 0 1 0
12 0 0 0 0 0 1
85 3 4 0 1 2 1
12 0 0 0 0 0 1
31 1 1 1 2 1 0
32 2 0 0 0 0 1
64 4 5 2 0 2 0
69 5 3 3 2 2 0
38 4 2 2 2 0 0
99 0 4 2 2 4 0
12 0 0 0 0 0 1
12 0 0 0 0 0 1
6 1 3 0 0 0 0
12 0 0 0 0 0 1
91 4 1 3 2 1 1
12 0 0 0 0 0 1
53 4 0 0 1 1 1
12 0 0 0 0 0 1
50 2 1 2 1 0 1
63 5 6 2 2 1 0
10 2 0 0 0 1 0
22 0 3 0 1 1 0
27 4 4 1 0 0 1
39 6 3 2 0 0 1
