7 6 6 1 7 6
1000
12 0 0 0 0 0 1
73 3 2 0 2 2 1
12 0 0 0 0 0 1
84 3 2 5 5 0 1
26 4 6 0 0 0 1
7 3 2 0 0 0 0
12 0 0 0 0 0 1
12 0 0 0 0 0 1
72 2 5 0 2 2 0
12 0 0 0 0 0 1
41 2 1 6 0 1 0
12 0 0 0 0 0 1
87 1 6 1 2 1 1
12 0 0 0 0 0 1
12 0 0 0 0 0 1
58 5 4 2 3 1 0
83 6 3 1 3 1 1
12 0 0 0 0 0 1
73 6 1 3 1 2 0
12 0 0 0 0 0 1
12 0 0 0 0 0 1
41 4 3 1 1 1 0
73 2 2 4 1 1 1
62 4 0 2 0 0 1
12 0 0 0 0 0 1
72 5 5 2 4 1 0
33 8 3 0 2 0 0
74 0 2 4 2 2 0
12 0 0 0 0 0 1
84 5 2 1 0 1 1
12 0 0 0 0 0 1
66 7 2 3 2 1 0
97 2 1 1 0 1 2
12 0 0 0 0 0 1
12 0 0 0 0 0 1
12 0 0 0 0 0 1
12 0 0 0 0 0 1
86 3 1 1 2 0 2
12 0 0 0 0 0 1
48 7 4 3 0 1 0
85 4 1 1 1 2 1
8 3 1 1 0 0 0
12 0 0 0 0 0 1
34 1 3 0 1 0 1
49 0 2 5 2 0 0
39 0 0 2 1 1 0
51 2 1 0 1 0 1
12 0 0 0 0 0 1
12 0 0 0 0 0 1
34 2 0 1 1 1 0
12 0 0 0 0 0 1
13 3 3 1 0 0 0
59 1 3 1 0 0 1
12 0 0 0 0 0 1
12 0 0 0 0 0 1
12 0 0 0 0 0 1
85 4 1 3 2 0 1
12 0 0 0 0 0 1
61 3 3 5 0 1 1
40 1 1 0 1 0 1
12 0 0 0 0 0 1
12 0 0 0 0 0 1
50 1 3 3 2 1 0
12 0 0 0 0 0 1
47 2 1 3 1 0 1
93 2 0 4 1 1 1
52 0 1 0 3 1 0
12 0 0 0 0 0 1
12 0 0 0 0 0 1
84 3 0 0 3 1 1
38 2 1 0 1 1 1
79 3 4 2 2 1 1
25 5 2 1 0 0 1
68 4 0 2 1 1 1
11 4 1 1 0 0 0
40 2 3 1 2 1 0
12 0 0 0 0 0 1
35 0 0 0 0 0 1
76 3 2 3 2 0 1
86 1 4 2 0 0 2
12 0 0 0 0 0 1
12 0 0 0 0 0 1
12 0 0 0 0 0 1
85 5 2 6 2 0 1
95 4 3 5 6 0 0
29 0 4 5 0 0 0
12 0 0 0 0 0 1
12 0 0 0 0 0 1
46 0 3 2 3 0 0
4 3 1 0 0 0 0
77 3 2 2 2 2 0
12 0 0 0 0 0 1
36 3 2 0 2 0 1
92 2 4 0 2 0 2
47 5 1 2 1 1 0
12 0 0 0 0 0 1
21 5 5 2 0 0 0
12 0 0 0 0 0 1
13 3 1 2 0 0 0
12 0 0 0 0 0 1
12 0 0 0 0 0 1
12 0 0 0 0 0 1
91 2 3 1 1 4 0
59 2 3 0 0 2 1
59 3 3 2 0 2 0
12 0 0 0 0 0 1
12 0 0 0 0 0 1
12 0 0 0 0 0 1
12 0 0 0 0 0 1
12 0 0 0 0 0 1
12 0 0 0 0 0 1
36 1 0 1 0 0 1
12 0 0 0 0 0 1
12 0 0 0 0 0 1
7 0 1 1 0 0 0
7 7 0 0 0 0 0
63 4 1 1 2 1 1
86 2 0 1 2 0 2
18 0 3 1 0 0 1
54 2 1 0 0 0 1
12 0 0 0 0 0 1
12 0 0 0 0 0 1
11 5 0 0 0 0 1
61 1 0 0 0 3 0
12 0 0 0 0 0 1
32 3 1 0 0 0 1
15 4 0 1 1 0 0
64 3 1 1 2 1 1
12 0 0 0 0 0 1
14 5 2 1 0 0 0
12 0 0 0 0 0 1
10 4 0 0 0 0 1
12 0 0 0 0 0 1
36 3 2 1 1 1 0
12 0 0 0 0 0 1
78 2 4 1 1 2 1
12 0 0 0 0 0 1
65 1 0 2 0 1 1
12 0 0 0 0 0 1
12 0 0 0 0 0 1
12 0 0 0 0 0 1
12 0 0 0 0 0 1
12 0 0 0 0 0 1
52 1 1 1 1 0 1
68 4 3 3 4 1 0
94 7 3 1 5 1 1
4 0 2 0 0 0 0
59 2 0 1 1 3 0
12 0 0 0 0 0 1
46 3 0 1 4 0 0
53 5 2 1 2 0 1
12 0 0 0 0 0 1
33 4 0 3 1 0 1
12 0 0 0 0 0 1
12 0 0 0 0 0 1
52 2 1 2 4 0 0
54 3 3 3 1 0 1
98 4 0 2 3 1 1
94 4 2 2 3 2 1
57 2 5 1 2 1 0
72 1 3 4 4 1 0
97 1 0 0 0 0 2
12 0 0 0 0 0 1
22 0 1 1 0 0 1
12 0 0 0 0 0 1
77 2 1 1 2 2 1
12 0 0 0 0 0 1
47 3 2 0 1 0 1
12 0 0 0 0 0 1
39 2 1 5 1 0 0
12 1 0 1 0 1 0
24 3 4 2 1 0 0
15 2 1 0 0 0 1
19 0 2 0 1 1 0
92 2 5 4 2 0 1
12 0 0 0 0 0 1
47 4 0 1 0 0 1
12 0 0 0 0 0 1
12 0 0 0 0 0 1
17 1 2 0 0 1 0
12 0 0 0 0 0 1
76 3 3 1 3 1 1
88 1 2 3 1 1 1
17 1 0 1 0 0 1
68 2 3 0 2 2 0
77 0 1 1 0 1 1
57 3 1 2 2 2 0
68 6 2 1 3 1 1
6 2 0 0 0 0 1
12 0 0 0 0 0 1
12 0 0 0 0 0 1
87 2 1 3 0 1 1
12 0 0 0 0 0 1
14 2 1 0 1 0 0
12 0 0 0 0 0 1
35 4 0 0 0 0 1
12 0 0 0 0 0 1
12 0 0 0 0 0 1
94 1 5 1 1 2 1
12 0 0 0 0 0 1
46 2 2 2 0 1 1
12 0 0 0 0 0 1
12 0 0 0 0 0 1
61 1 3 2 1 1 1
7 0 3 1 0 0 0
38 4 1 0 1 0 1
53 3 3 4 1 1 0
66 1 1 1 0 3 0
57 3 1 5 3 0 0
3 1 0 1 0 0 0
19 2 1 1 1 0 0
12 0 0 0 0 0 1
54 1 1 1 1 0 1
12 0 0 0 0 0 1
12 0 0 0 0 0 1
77 6 1 2 0 3 0
24 2 2 1 0 0 1
12 0 0 0 0 0 1
12 0 0 0 0 0 1
81 2 4 3 2 1 1
12 0 0 0 0 0 1
94 3 6 2 3 1 1
72 2 2 3 1 0 1
50 1 0 0 0 1 1
29 1 0 3 0 1 0
69 3 3 4 2 1 0
35 1 2 2 0 0 1
66 4 0 3 5 0 0
96 3 6 4 2 3 0
13 1 1 0 0 1 0
12 6 3 0 0 0 0
80 5 2 3 1 3 0
12 0 0 0 0 0 1
65 3 1 1 1 0 1
12 0 0 0 0 0 1
37 3 1 0 1 0 1
12 0 0 0 0 0 1
20 3 5 0 1 0 0
33 1 0 1 0 0 1
12 0 0 0 0 0 1
12 0 0 0 0 0 1
62 0 3 0 2 0 1
48 1 2 0 0 0 1
12 0 0 0 0 0 1
12 0 0 0 0 0 1
12 0 0 0 0 0 1
12 0 0 0 0 0 1
12 0 0 0 0 0 1
41 1 3 1 0 1 1
61 1 0 1 1 0 1
12 0 0 0 0 0 1
12 0 0 0 0 0 1
12 0 0 0 0 0 1
53 0 4 1 1 0 1
92 4 6 7 4 1 0
12 0 0 0 0 0 1
28 3 2 0 0 1 1
80 3 6 1 1 1 1
80 2 0 1 2 1 1
12 0 0 0 0 0 1
61 2 2 2 2 2 0
12 0 0 0 0 0 1
28 0 1 2 0 1 0
12 0 0 0 0 0 1
36 2 2 0 1 1 0
39 0 0 1 0 0 1
36 5 2 2 2 0 0
55 3 3 0 2 2 0
12 0 0 0 0 0 1
12 0 1 0 1 0 0
81 5 3 2 2 2 0
57 0 1 7 0 1 0
80 4 1 1 0 4 0
12 0 0 0 0 0 1
73 4 1 0 2 1 1
12 0 0 0 0 0 1
77 0 3 1 0 0 2
48 3 3 1 1 1 1
17 3 4 1 1 0 0
12 0 0 0 0 0 1
58 1 1 2 0 1 1
83 3 0 2 0 1 1
12 0 0 0 0 0 1
12 0 0 0 0 0 1
12 0 0 0 0 0 1
84 3 2 1 0 1 2
12 0 0 0 0 0 1
47 1 1 0 2 0 1
12 0 0 0 0 0 1
49 0 1 1 1 1 1
12 0 0 0 0 0 1
12 0 0 0 0 0 1
43 1 1 0 2 0 1
72 1 5 1 3 2 0
12 0 0 0 0 0 1
12 0 0 0 0 0 1
43 3 2 1 1 0 1
58 1 2 1 0 1 1
84 0 3 1 4 2 0
85 6 4 2 0 3 1
12 0 0 0 0 0 1
91 7 7 6 2 1 0
12 0 0 0 0 0 1
12 0 0 0 0 0 1
48 6 3 3 1 1 0
9 0 2 0 0 1 0
12 0 0 0 0 0 1
12 0 0 0 0 0 1
72 3 1 0 2 0 1
40 6 3 1 0 2 0
12 0 0 0 0 0 1
12 0 0 0 0 0 1
85 1 2 0 0 1 2
12 0 0 0 0 0 1
44 0 0 0 2 0 1
23 5 3 3 0 0 0
42 1 3 2 0 0 1
89 3 3 4 2 2 0
12 0 0 0 0 0 1
69 2 2 1 2 1 1
12 0 0 0 0 0 1
18 6 4 1 0 0 0
12 0 0 0 0 0 1
87 0 1 1 1 4 0
12 0 0 0 0 0 1
50 4 5 3 3 0 0
12 0 0 0 0 0 1
24 4 0 0 0 1 0
77 6 3 5 2 1 0
12 0 0 0 0 0 1
34 0 0 0 0 0 1
19 2 1 2 0 0 1
12 0 0 0 0 0 1
72 2 1 1 2 0 1
14 1 0 0 1 0 1
59 2 1 1 1 2 0
12 0 0 0 0 0 1
67 6 3 3 2 1 0
12 0 0 0 0 0 1
85 5 4 1 2 1 1
12 0 0 0 0 0 1
12 0 0 0 0 0 1
72 2 6 3 0 1 1
32 0 0 2 0 0 1
12 0 0 0 0 0 1
50 1 1 1 2 2 0
12 0 0 0 0 0 1
12 0 0 0 0 0 1
76 2 1 0 1 3 1
72 2 2 3 0 2 1
17 5 3 1 1 0 0
12 0 0 0 0 0 1
43 3 3 0 1 2 0
74 7 5 1 4 1 0
91 2 1 2 1 0 2
11 2 2 1 0 0 0
12 0 0 0 0 0 1
2 1 1 0 0 0 0
12 0 0 0 0 0 1
12 0 0 0 0 0 1
12 0 0 0 0 0 1
17 1 3 2 0 0 0
55 1 1 3 0 0 1
70 1 3 5 2 1 0
99 4 1 3 1 2 1
12 0 0 0 0 0 1
12 0 0 0 0 0 1
59 4 0 1 1 2 0
59 0 2 1 3 1 0
78 5 2 5 4 1 0
42 3 2 0 1 0 1
12 0 0 0 0 0 1
12 0 0 0 0 0 1
12 0 0 0 0 0 1
98 3 7 2 1 1 1
21 0 3 1 0 0 1
12 0 0 0 0 0 1
79 2 1 4 5 1 0
12 0 0 0 0 0 1
43 1 1 0 1 0 1
37 2 1 4 0 0 1
67 2 2 0 1 2 1
5 3 1 0 0 0 0
12 0 0 0 0 0 1
58 2 2 2 0 0 1
20 1 2 2 0 1 0
24 2 3 3 1 0 0
82 4 4 0 4 2 0
12 0 0 0 0 0 1
12 0 0 0 0 0 1
89 5 0 3 3 2 0
12 0 0 0 0 0 1
19 2 3 1 1 0 0
12 0 0 0 0 0 1
12 0 0 0 0 0 1
12 0 0 0 0 0 1
48 0 6 1 3 1 0
42 0 4 2 0 0 1
48 5 4 1 1 1 0
12 0 0 0 0 0 1
14 0 0 0 0 0 1
12 0 0 0 0 0 1
12 0 0 0 0 0 1
66 5 0 1 0 1 1
12 0 0 0 0 0 1
35 3 0 0 1 0 1
12 0 0 0 0 0 1
12 0 0 0 0 0 1
12 0 0 0 0 0 1
98 1 3 1 1 0 2
58 5 2 3 4 0 0
42 2 0 1 0 1 1
68 2 1 3 0 1 1
12 0 0 0 0 0 1
12 0 0 0 0 0 1
41 2 5 2 2 0 0
33 3 2 2 1 0 1
62 1 1 2 0 0 1
12 0 0 0 0 0 1
12 0 0 0 0 0 1
12 0 0 0 0 0 1
97 2 8 3 3 2 0
12 0 0 0 0 0 1
12 0 0 0 0 0 1
12 0 0 0 0 0 1
48 3 0 0 2 1 1
36 1 0 2 3 0 0
12 0 0 0 0 0 1
12 0 0 0 0 0 1
15 3 2 1 1 0 0
79 3 3 4 5 0 0
35 1 4 1 2 1 0
12 0 0 0 0 0 1
41 1 1 0 0 0 1
25 1 4 1 0 1 0
12 0 0 0 0 0 1
41 0 3 1 3 0 0
83 3 5 0 0 1 1
12 0 0 0 0 0 1
21 1 4 3 0 0 0
12 0 0 0 0 0 1
12 0 0 0 0 0 1
12 0 0 0 0 0 1
38 4 4 2 0 1 0
76 1 4 1 2 1 1
12 0 0 0 0 0 1
12 0 0 0 0 0 1
12 0 0 0 0 0 1
12 0 0 0 0 0 1
24 1 0 0 1 0 1
4 2 1 0 0 0 0
53 5 3 0 2 0 1
12 0 0 0 0 0 1
71 1 3 1 0 1 1
12 0 0 0 0 0 1
12 0 0 0 0 0 1
12 0 0 0 0 0 1
86 2 0 0 1 2 1
12 0 0 0 0 0 1
12 0 0 0 0 0 1
42 5 1 0 1 2 0
64 2 1 0 0 0 2
12 0 0 0 0 0 1
82 3 2 1 0 1 1
21 2 1 0 0 1 0
52 5 1 1 0 1 1
12 0 0 0 0 0 1
39 9 5 0 0 1 0
47 8 2 3 0 1 0
12 0 0 0 0 0 1
68 3 0 1 1 0 1
52 2 4 0 1 0 1
12 0 0 0 0 0 1
12 0 0 0 0 0 1
51 2 0 0 2 0 1
34 2 0 1 1 0 1
12 0 0 0 0 0 1
88 3 2 3 1 3 0
49 5 0 2 1 1 1
12 0 0 0 0 0 1
44 1 1 3 1 1 0
12 0 0 0 0 0 1
33 1 1 0 1 1 0
69 6 3 1 0 2 1
33 0 3 1 1 0 1
12 0 0 0 0 0 1
56 3 2 2 1 2 0
53 6 1 0 1 1 1
12 0 0 0 0 0 1
12 0 0 0 0 0 1
12 0 0 0 0 0 1
91 4 4 1 0 2 1
74 0 4 0 1 3 0
42 2 1 2 1 0 1
59 4 3 1 3 0 1
46 3 0 1 0 0 1
12 0 0 0 0 0 1
33 0 1 0 1 0 1
12 0 0 0 0 0 1
50 4 2 2 3 1 0
62 4 1 2 3 1 0
12 0 0 0 0 0 1
92 5 2 2 2 1 1
40 2 2 1 2 1 0
12 0 0 0 0 0 1
12 0 0 0 0 0 1
12 0 0 0 0 0 1
36 0 3 3 1 1 0
12 0 0 0 0 0 1
87 4 2 2 1 1 1
12 0 0 0 0 0 1
51 3 2 0 0 0 1
31 3 1 1 0 0 1
12 0 0 0 0 0 1
12 0 0 0 0 0 1
67 2 1 1 1 2 1
12 0 0 0 0 0 1
93 3 0 3 0 0 2
29 1 2 0 0 0 1
59 0 2 1 1 2 0
12 0 0 0 0 0 1
52 5 1 1 0 0 1
12 0 0 0 0 0 1
89 3 2 4 1 3 0
36 2 2 2 0 1 0
59 2 2 1 1 0 1
93 2 1 1 1 2 1
40 0 0 0 1 0 1
82 1 3 4 2 2 0
87 4 2 0 2 2 1
12 0 0 0 0 0 1
91 2 1 1 0 1 2
86 3 1 1 5 0 1
86 3 4 3 1 0 1
85 3 1 0 3 1 1
35 3 3 3 0 0 1
12 0 0 0 0 0 1
27 1 1 0 0 0 1
88 1 3 0 0 0 2
12 0 0 0 0 0 1
12 0 0 0 0 0 1
12 0 0 0 0 0 1
93 2 2 0 4 3 0
12 0 0 0 0 0 1
87 2 7 1 3 2 0
12 0 0 0 0 0 1
12 0 0 0 0 0 1
69 3 1 1 2 0 1
99 4 3 4 1 1 1
79 13 5 4 2 1 0
12 0 0 0 0 0 1
52 2 0 0 0 0 1
12 0 0 0 0 0 1
12 0 0 0 0 0 1
92 5 5 1 2 3 0
42 2 3 1 1 1 0
12 0 0 0 0 0 1
12 0 0 0 0 0 1
75 1 1 3 1 2 1
63 5 0 0 1 1 1
55 4 1 1 0 1 1
94 6 2 1 0 1 2
12 0 0 0 0 0 1
27 0 0 0 0 0 1
12 0 0 0 0 0 1
63 5 3 1 2 0 1
13 2 2 1 0 1 0
84 3 1 1 4 0 1
41 1 0 0 1 1 1
70 3 2 2 1 0 1
32 2 1 0 0 0 1
85 1 2 2 0 1 1
28 2 0 0 0 0 1
39 2 1 2 0 0 1
12 0 0 0 0 0 1
82 2 3 3 1 0 1
12 0 0 0 0 0 1
38 0 3 0 2 1 0
60 5 3 3 3 0 1
21 2 3 2 1 0 0
12 0 0 0 0 0 1
83 2 3 3 1 2 1
12 0 0 0 0 0 1
53 3 2 2 1 0 1
93 2 4 1 1 1 1
38 1 1 1 1 1 0
12 0 0 0 0 0 1
58 0 1 2 1 1 1
77 3 2 0 2 3 0
93 7 4 5 4 1 0
12 0 0 0 0 0 1
12 0 0 0 0 0 1
12 0 0 0 0 0 1
12 0 0 0 0 0 1
28 4 2 4 0 0 0
12 0 0 0 0 0 1
12 0 0 0 0 0 1
12 0 0 0 0 0 1
32 2 0 1 1 0 1
88 3 0 3 1 3 0
38 2 2 1 2 1 0
72 6 2 1 1 1 1
12 2 3 0 0 0 1
92 2 1 2 0 0 2
37 2 3 1 2 0 1
12 0 0 0 0 0 1
12 0 0 0 0 0 1
4 2 1 0 0 0 0
53 1 1 2 1 1 1
54 5 4 1 2 0 1
56 7 1 1 2 2 0
25 2 4 1 1 0 0
12 0 0 0 0 0 1
63 4 4 2 0 2 1
12 0 0 0 0 0 1
94 6 6 2 1 3 0
12 0 0 0 0 0 1
12 0 0 0 0 0 1
56 3 3 1 0 1 1
58 4 2 5 0 0 1
30 3 1 0 0 0 1
12 0 0 0 0 0 1
36 0 2 1 1 1 0
12 0 0 0 0 0 1
71 7 0 2 1 1 1
12 0 0 0 0 0 1
12 0 0 0 0 0 1
91 2 0 1 1 2 1
94 1 2 0 0 0 2
92 6 6 1 1 0 2
12 0 0 0 0 0 1
57 1 2 0 1 1 1
79 2 0 3 3 1 1
42 1 1 2 0 2 0
12 0 0 0 0 0 1
21 2 2 0 1 0 1
12 0 0 0 0 0 1
12 0 0 0 0 0 1
92 3 6 2 1 0 2
12 0 0 0 0 0 1
73 4 4 5 2 1 0
29 1 2 2 0 0 1
27 1 3 0 0 0 1
54 2 1 0 0 0 1
79 5 3 1 1 1 1
12 0 0 0 0 0 1
36 2 5 0 0 2 0
73 1 3 7 3 1 0
31 1 0 0 1 1 0
12 0 0 0 0 0 1
60 3 0 2 1 2 0
12 0 0 0 0 0 1
12 0 0 0 0 0 1
35 4 1 3 2 0 0
69 2 1 1 0 3 0
67 2 6 2 0 3 0
12 0 0 0 0 0 1
12 0 0 0 0 0 1
12 0 0 0 0 0 1
12 0 0 0 0 0 1
23 6 1 1 1 0 0
12 0 0 0 0 0 1
85 1 2 2 1 3 0
12 0 0 0 0 0 1
12 0 0 0 0 0 1
40 4 4 0 0 0 1
17 0 1 2 1 0 0
12 0 0 0 0 0 1
75 2 1 3 1 0 1
12 0 0 0 0 0 1
10 3 3 1 0 0 0
88 1 2 0 1 1 2
17 0 1 0 0 0 1
94 4 1 1 2 2 1
12 0 0 0 0 0 1
24 2 1 1 0 0 1
12 0 0 0 0 0 1
39 2 0 0 0 0 1
68 1 0 0 1 0 2
12 0 0 0 0 0 1
12 0 0 0 0 0 1
33 0 2 0 1 0 1
66 3 4 5 3 0 0
1 1 0 0 0 0 0
44 6 1 2 2 0 1
12 0 0 0 0 0 1
12 0 0 0 0 0 1
28 2 2 1 1 1 0
1 1 0 0 0 0 0
76 4 1 3 5 1 0
12 0 0 0 0 0 1
12 0 0 0 0 0 1
54 2 0 1 0 1 1
52 1 3 1 1 2 0
12 0 0 0 0 0 1
57 3 3 4 0 1 1
12 0 0 0 0 0 1
68 4 0 2 0 1 1
25 0 3 0 0 0 1
12 0 0 0 0 0 1
18 0 0 0 0 0 1
72 4 6 4 1 1 1
63 0 1 0 0 0 2
45 2 4 1 2 0 1
88 2 2 1 0 0 2
12 0 0 0 0 0 1
48 1 1 0 0 0 1
12 0 0 0 0 0 1
12 0 0 0 0 0 1
63 1 1 0 1 0 1
3 1 1 0 0 0 0
12 0 0 0 0 0 1
74 2 2 2 2 1 1
75 3 1 2 1 0 1
52 1 2 2 1 0 1
97 2 1 1 3 1 1
66 1 2 3 0 2 1
22 2 0 0 0 1 0
12 0 0 0 0 0 1
87 1 0 1 1 0 2
7 1 1 0 0 0 1
12 0 0 0 0 0 1
12 0 0 0 0 0 1
12 0 0 0 0 0 1
89 2 3 2 1 0 2
18 3 2 0 1 1 0
72 1 2 2 0 1 1
12 0 0 0 0 0 1
70 3 1 1 4 1 0
12 0 0 0 0 0 1
12 0 0 0 0 0 1
12 0 0 0 0 0 1
71 3 1 2 0 0 2
53 2 3 0 3 1 0
23 1 0 1 1 0 1
96 2 4 0 3 2 1
43 1 0 0 1 0 1
12 0 0 0 0 0 1
12 0 0 0 0 0 1
2 1 1 0 0 0 0
45 1 1 2 0 2 0
92 3 2 5 2 0 1
12 0 0 0 0 0 1
12 0 0 0 0 0 1
26 2 4 3 1 0 0
62 5 1 1 0 0 1
12 0 0 0 0 0 1
54 1 0 2 0 1 1
71 2 3 8 0 1 1
43 3 3 1 1 0 1
12 0 0 0 0 0 1
81 0 0 2 1 1 1
42 1 0 2 0 2 0
12 0 0 0 0 0 1
12 0 0 0 0 0 1
12 0 0 0 0 0 1
42 3 0 1 1 0 1
53 1 4 1 2 1 0
29 0 3 0 1 0 1
56 1 4 1 0 1 1
13 1 1 1 1 0 0
24 1 3 0 1 1 0
32 2 4 3 0 0 1
36 1 0 1 0 1 1
12 0 0 0 0 0 1
42 0 1 2 1 1 0
12 0 0 0 0 0 1
65 3 1 0 2 2 0
12 0 0 0 0 0 1
72 5 1 3 0 0 1
12 0 0 0 0 0 1
12 0 0 0 0 0 1
12 0 0 0 0 0 1
30 1 1 2 1 1 0
24 1 0 0 1 0 1
12 0 0 0 0 0 1
53 2 2 3 4 0 0
70 4 3 2 1 2 0
12 0 0 0 0 0 1
12 0 0 0 0 0 1
12 0 0 0 0 0 1
12 0 0 0 0 0 1
87 3 3 6 1 2 0
97 4 3 0 1 0 2
49 5 3 3 2 0 1
12 0 0 0 0 0 1
99 2 2 5 3 1 1
62 3 2 2 2 0 1
7 0 1 0 0 1 0
32 2 4 2 1 1 0
44 5 4 3 0 1 0
87 4 6 3 2 1 1
84 3 4 6 2 1 1
87 5 5 1 2 1 1
12 0 0 0 0 0 1
99 4 0 5 0 1 1
36 0 2 1 1 1 0
79 3 1 3 0 1 1
81 3 0 2 3 0 1
96 2 1 1 2 2 1
2 0 1 0 0 0 0
12 0 0 0 0 0 1
49 2 1 0 1 1 1
12 0 0 0 0 0 1
12 0 0 0 0 0 1
25 1 0 1 0 1 0
72 5 8 3 0 2 0
12 0 0 0 0 0 1
12 0 0 0 0 0 1
81 3 2 4 1 2 1
67 4 1 0 1 1 1
68 1 4 1 0 0 2
69 3 2 1 1 0 1
12 0 0 0 0 0 1
90 5 5 2 3 1 1
37 3 4 0 0 1 1
95 4 2 3 0 1 2
12 0 0 0 0 0 1
12 0 0 0 0 0 1
92 1 0 0 0 0 2
56 0 2 4 0 0 1
98 5 1 0 2 0 2
52 4 3 1 1 2 0
77 1 2 1 1 0 2
11 3 4 0 0 0 0
12 0 0 0 0 0 1
12 0 0 0 0 0 1
12 0 0 0 0 0 1
95 1 2 2 1 1 1
60 3 3 3 2 1 0
12 3 1 0 0 0 1
73 3 0 2 1 0 1
87 9 3 4 1 1 1
12 0 0 0 0 0 1
98 6 1 2 1 1 1
71 3 2 2 3 1 1
92 2 2 0 0 1 2
12 0 0 0 0 0 1
93 1 1 1 1 0 2
38 3 1 1 1 1 0
71 5 0 4 1 0 1
12 0 0 0 0 0 1
58 2 0 0 1 0 1
12 0 0 0 0 0 1
12 0 0 0 0 0 1
94 7 1 4 2 3 0
12 0 0 0 0 0 1
54 0 2 0 0 0 1
85 2 0 0 1 4 0
12 0 0 0 0 0 1
12 0 0 0 0 0 1
14 5 1 0 0 1 0
12 0 0 0 0 0 1
36 0 0 1 1 0 1
12 0 0 0 0 0 1
12 0 0 0 0 0 1
12 0 0 0 0 0 1
49 1 1 1 0 1 1
13 3 1 0 0 1 0
12 0 0 0 0 0 1
12 0 0 0 0 0 1
91 1 0 0 0 0 2
53 1 5 1 1 2 0
35 0 0 1 1 1 0
48 3 5 1 2 1 0
12 0 0 0 0 0 1
80 6 5 2 1 0 1
12 0 0 0 0 0 1
12 0 0 0 0 0 1
12 0 0 0 0 0 1
52 1 3 1 3 1 0
12 0 0 0 0 0 1
93 3 0 0 0 0 2
41 2 7 4 1 0 0
59 1 0 1 3 0 1
12 0 0 0 0 0 1
76 2 1 1 2 1 1
12 0 0 0 0 0 1
12 0 0 0 0 0 1
77 3 5 1 5 1 0
15 5 5 0 0 0 0
12 0 0 0 0 0 1
12 0 0 0 0 0 1
12 0 0 0 0 0 1
12 0 0 0 0 0 1
54 3 1 3 3 1 0
12 0 0 0 0 0 1
10 1 1 1 0 0 1
30 1 2 2 1 1 0
7 7 0 0 0 0 0
72 1 4 0 1 1 1
43 0 0 0 0 1 1
40 7 0 1 0 0 1
12 0 0 0 0 0 1
91 2 2 3 0 1 1
81 1 1 0 0 0 2
77 4 2 2 1 0 1
12 0 0 0 0 0 1
12 0 0 0 0 0 1
71 3 2 2 1 2 1
12 0 0 0 0 0 1
80 8 1 3 1 0 1
12 0 0 0 0 0 1
66 1 3 0 0 2 1
86 4 5 0 1 0 2
12 0 0 0 0 0 1
12 0 0 0 0 0 1
12 0 0 0 0 0 1
64 4 2 1 0 1 1
26 5 4 1 0 0 1
12 0 0 0 0 0 1
12 0 0 0 0 0 1
40 4 1 4 2 0 0
93 3 5 0 3 0 1
25 2 2 1 1 0 1
51 1 2 2 1 0 1
75 1 0 0 1 1 1
98 4 3 3 2 1 1
98 4 2 1 2 2 1
12 0 0 0 0 0 1
51 5 2 5 1 0 1
12 0 0 0 0 0 1
43 0 1 0 2 0 1
12 0 0 0 0 0 1
72 3 2 1 1 0 1
12 0 0 0 0 0 1
65 8 3 1 1 1 1
61 3 1 0 3 1 1
33 3 5 2 1 0 0
12 0 0 0 0 0 1
73 3 0 4 3 1 0
12 0 0 0 0 0 1
11 2 2 0 1 0 0
12 0 0 0 0 0 1
12 0 0 0 0 0 1
12 0 0 0 0 0 1
35 3 0 3 0 0 1
52 1 4 3 1 1 0
68 7 3 2 2 2 0
41 2 0 2 1 0 1
32 2 0 1 1 1 0
37 5 4 1 0 0 1
12 0 0 0 0 0 1
11 0 3 0 0 1 0
31 2 3 1 1 1 0
12 0 0 0 0 0 1
12 0 0 0 0 0 1
12 0 0 0 0 0 1
12 0 0 0 0 0 1
12 0 0 0 0 0 1
90 5 1 8 3 0 1
12 0 0 0 0 0 1
12 0 0 0 0 0 1
56 2 2 0 1 2 0
12 0 0 0 0 0 1
63 4 5 1 0 1 1
46 0 4 2 0 1 1
83 4 2 1 1 2 1
12 0 0 0 0 0 1
3 1 1 0 0 0 0
99 0 3 3 3 0 1
67 2 2 4 0 0 1
71 2 2 1 2 2 0
55 3 3 4 0 2 0
12 0 0 0 0 0 1
29 2 3 2 0 0 1
74 2 1 2 1 3 0
83 4 2 3 1 0 1
62 0 1 0 1 0 1
71 6 2 1 1 0 1
26 3 2 0 0 0 1
34 2 2 1 0 1 1
55 3 1 0 0 1 1
52 2 2 2 2 1 0
12 0 0 0 0 0 1
96 1 2 1 1 0 2
68 2 1 1 0 1 1
99 4 5 1 1 2 1
21 2 1 0 2 0 0
29 4 1 2 2 0 0
69 2 0 2 1 1 1
54 1 1 0 0 1 1
38 0 0 0 1 0 1
12 0 0 0 0 0 1
12 0 0 0 0 0 1
48 1 1 4 2 1 0
12 0 0 0 0 0 1
55 3 1 0 2 1 1
12 0 0 0 0 0 1
23 4 5 0 1 0 0
35 4 1 2 2 0 0
52 1 0 1 1 0 1
33 5 4 2 1 0 0
73 1 7 0 0 3 0
12 0 0 0 0 0 1
12 0 0 0 0 0 1
12 0 0 0 0 0 1
12 0 0 0 0 0 1
12 0 0 0 0 0 1
12 0 0 0 0 0 1
