87 41 1 2 30 44
550
12 0 0 0 0 0 1
70 6 1 3 4 0 1
98 2 4 3 4 0 1
55 3 3 0 0 1 1
12 0 0 0 0 0 1
79 6 6 5 1 2 0
12 0 0 0 0 0 1
50 1 3 2 1 0 1
12 0 0 0 0 0 1
74 3 3 1 2 1 1
79 2 1 1 0 2 1
32 2 2 1 1 0 1
12 0 0 0 0 0 1
12 0 0 0 0 0 1
97 4 3 2 0 0 2
12 0 0 0 0 0 1
12 0 0 0 0 0 1
42 2 4 2 0 0 1
64 6 3 1 0 1 1
12 0 0 0 0 0 1
64 4 5 0 2 0 1
12 0 0 0 0 0 1
12 0 0 0 0 0 1
12 0 0 0 0 0 1
12 0 0 0 0 0 1
12 0 0 0 0 0 1
84 3 2 2 3 2 0
12 0 0 0 0 0 1
18 0 0 0 2 0 0
15 1 1 1 0 0 1
77 5 4 1 2 0 1
24 3 1 4 0 0 0
88 5 3 3 3 2 0
93 6 4 1 3 2 1
12 0 0 0 0 0 1
12 0 0 0 0 0 1
89 3 4 5 0 3 0
12 0 0 0 0 0 1
12 0 0 0 0 0 1
12 0 0 0 0 0 1
12 0 0 0 0 0 1
63 2 5 2 2 2 0
12 0 0 0 0 0 1
40 3 1 1 2 1 0
12 0 0 0 0 0 1
12 0 0 0 0 0 1
48 5 5 3 2 0 0
99 3 6 2 1 1 1
25 3 2 0 0 1 0
43 1 3 2 2 1 0
65 2 1 2 1 1 1
99 2 4 0 1 1 2
12 0 0 0 0 0 1
12 0 0 0 0 0 1
92 2 6 3 1 3 0
42 3 0 1 1 2 0
66 8 5 0 1 2 0
10 2 3 1 0 0 0
56 3 4 1 1 0 1
12 0 0 0 0 0 1
77 3 4 0 0 1 1
12 0 0 0 0 0 1
44 6 4 3 0 1 0
12 0 0 0 0 0 1
12 0 0 0 0 0 1
48 2 5 3 3 0 0
28 1 3 2 1 1 0
81 2 0 1 1 1 1
58 4 0 1 0 1 1
50 4 1 1 3 1 0
12 0 0 0 0 0 1
12 0 0 0 0 0 1
13 1 3 1 1 0 0
24 4 1 0 0 0 1
63 2 1 0 0 0 2
12 0 0 0 0 0 1
48 5 2 2 2 1 0
12 0 0 0 0 0 1
44 1 2 0 0 0 1
28 3 0 1 1 0 1
12 0 0 0 0 0 1
99 7 5 1 2 3 0
12 0 0 0 0 0 1
60 2 4 2 3 1 0
78 5 3 3 1 1 1
31 1 0 1 1 1 0
12 0 0 0 0 0 1
86 4 2 0 4 1 1
96 6 4 8 3 1 0
91 1 6 4 1 2 1
12 0 0 0 0 0 1
66 7 0 3 4 1 0
12 0 0 0 0 0 1
12 0 0 0 0 0 1
12 0 0 0 0 0 1
12 0 0 0 0 0 1
12 0 0 0 0 0 1
12 0 0 0 0 0 1
2 1 1 0 0 0 0
12 0 0 0 0 0 1
12 0 0 0 0 0 1
26 0 5 1 2 0 0
3 2 1 0 0 0 0
12 0 0 0 0 0 1
75 2 5 4 4 1 0
46 4 3 4 0 1 0
12 0 0 0 0 0 1
4 4 0 0 0 0 0
74 4 4 4 0 0 1
22 3 3 2 1 0 0
82 4 5 1 3 0 1
28 4 5 0 1 1 0
12 0 0 0 0 0 1
12 0 0 0 0 0 1
12 0 0 0 0 0 1
79 1 2 1 0 1 1
61 2 2 0 2 1 1
45 1 1 2 2 0 1
50 5 3 0 1 2 0
77 4 3 2 1 0 1
12 0 0 0 0 0 1
25 4 2 2 1 0 0
12 0 0 0 0 0 1
76 3 3 0 3 1 1
54 6 2 1 0 2 0
97 1 4 1 2 0 2
60 6 2 2 3 1 0
12 0 0 0 0 0 1
21 1 1 0 1 1 0
68 1 3 1 2 1 1
37 5 3 2 0 1 0
12 0 0 0 0 0 1
43 4 1 2 2 1 0
39 4 3 1 3 0 0
55 3 3 3 2 1 0
63 4 3 4 4 0 0
29 0 3 2 1 0 1
12 0 0 0 0 0 1
12 0 0 0 0 0 1
18 2 3 0 0 0 1
12 0 0 0 0 0 1
95 6 3 3 1 3 0
12 0 0 0 0 0 1
44 1 1 0 1 1 1
76 4 1 0 0 2 1
75 2 2 1 1 3 0
50 0 2 0 1 0 1
12 0 0 0 0 0 1
12 0 0 0 0 0 1
28 4 0 2 1 1 0
23 2 1 1 0 1 0
82 0 2 1 1 2 1
70 5 1 2 2 2 0
12 0 0 0 0 0 1
53 4 0 0 1 0 1
41 2 1 0 0 2 0
63 6 3 5 1 1 0
27 1 1 1 0 1 0
3 3 0 0 0 0 0
12 0 0 0 0 0 1
12 0 0 0 0 0 1
12 0 0 0 0 0 1
51 5 3 3 1 1 0
85 7 2 4 1 2 1
12 0 0 0 0 0 1
12 0 0 0 0 0 1
10 0 2 0 0 1 0
45 4 2 3 3 0 0
12 0 0 0 0 0 1
92 2 2 2 0 0 2
74 3 2 3 2 0 1
85 4 3 1 2 2 1
12 0 0 0 0 0 1
12 0 0 0 0 0 1
12 0 0 0 0 0 1
85 5 4 4 3 2 0
12 0 0 0 0 0 1
12 0 0 0 0 0 1
48 1 1 3 0 1 1
12 0 0 0 0 0 1
12 0 0 0 0 0 1
12 0 0 0 0 0 1
18 2 1 1 1 0 0
84 2 1 3 3 0 1
84 3 1 2 0 2 1
37 1 5 1 1 1 0
61 2 1 2 3 1 0
45 3 1 1 2 1 0
3 2 1 0 0 0 0
12 0 0 0 0 0 1
81 2 0 2 3 2 0
29 6 5 1 1 0 0
12 0 0 0 0 0 1
12 0 0 0 0 0 1
67 5 2 2 0 1 1
43 1 0 0 1 0 1
12 0 0 0 0 0 1
12 0 0 0 0 0 1
12 0 0 0 0 0 1
28 3 4 3 1 0 0
12 0 0 0 0 0 1
56 6 3 2 2 1 0
12 0 0 0 0 0 1
45 1 3 4 1 1 0
9 2 4 0 0 0 0
35 4 1 1 0 1 1
56 6 4 1 0 2 0
79 0 2 2 2 2 1
14 3 1 0 1 0 0
90 6 4 1 2 1 1
76 2 6 1 3 2 0
12 0 0 0 0 0 1
48 2 2 2 1 0 1
96 5 4 2 2 2 1
12 0 0 0 0 0 1
46 3 2 0 2 1 0
12 0 0 0 0 0 1
12 0 0 0 0 0 1
12 0 0 0 0 0 1
12 0 0 0 0 0 1
97 2 2 3 1 1 1
8 1 2 1 0 0 0
12 0 0 0 0 0 1
9 2 4 0 0 0 0
13 2 1 2 0 0 0
12 0 0 0 0 0 1
32 1 1 1 2 1 0
12 0 0 0 0 0 1
12 0 0 0 0 0 1
61 7 6 3 3 0 0
98 5 2 4 1 3 0
12 0 0 0 0 0 1
80 1 2 3 4 0 1
12 0 0 0 0 0 1
48 2 5 0 2 1 0
15 1 3 2 0 0 0
12 0 0 0 0 0 1
12 0 0 0 0 0 1
12 0 0 0 0 0 1
12 0 0 0 0 0 1
77 8 5 3 3 1 0
61 1 1 6 1 1 0
12 0 0 0 0 0 1
46 2 2 1 0 2 0
12 0 0 0 0 0 1
12 0 0 0 0 0 1
48 0 5 2 3 0 0
12 0 0 0 0 0 1
27 5 0 1 0 1 0
32 1 4 2 0 1 0
12 0 0 0 0 0 1
48 2 2 3 0 1 1
52 5 4 2 2 1 0
44 3 1 4 2 0 0
94 2 2 2 1 3 1
77 1 1 0 1 1 1
84 3 5 4 3 2 0
15 3 1 1 1 0 0
12 0 0 0 0 0 1
12 0 0 0 0 0 1
88 6 5 1 0 3 1
12 0 0 0 0 0 1
58 4 4 1 1 1 1
62 2 1 0 1 1 1
12 0 0 0 0 0 1
12 0 0 0 0 0 1
12 0 0 0 0 0 1
8 7 1 0 0 0 0
12 0 0 0 0 0 1
49 2 1 2 1 2 0
12 0 0 0 0 0 1
6 2 1 1 0 0 0
35 8 1 0 0 0 1
12 0 0 0 0 0 1
87 3 3 1 1 0 2
12 0 0 0 0 0 1
90 5 2 3 3 2 0
2 1 1 0 0 0 0
74 3 3 1 1 2 1
12 0 0 0 0 0 1
79 3 1 0 1 2 1
96 1 2 3 2 3 0
12 0 0 0 0 0 1
12 0 0 0 0 0 1
28 0 0 1 1 1 0
67 4 1 3 1 2 0
83 3 6 5 2 2 0
79 2 3 2 1 2 1
29 3 2 2 1 1 0
33 3 7 0 0 1 0
36 5 2 1 1 1 0
56 4 1 1 0 2 1
57 4 2 2 3 0 1
76 1 4 1 0 1 1
12 0 0 0 0 0 1
31 0 3 0 0 0 1
36 2 3 2 2 0 0
32 2 2 1 2 0 1
99 4 4 3 2 1 1
75 4 2 3 1 1 1
49 7 2 0 1 0 1
25 5 1 0 0 1 0
12 0 0 0 0 0 1
12 0 0 0 0 0 1
94 5 1 3 1 3 1
80 5 4 7 3 1 0
68 4 1 2 1 2 1
36 2 3 1 0 2 0
48 2 0 1 3 0 1
43 4 1 0 1 2 0
12 0 0 0 0 0 1
51 2 4 1 2 1 0
12 0 0 0 0 0 1
84 2 2 1 1 1 1
12 0 0 0 0 0 1
12 0 0 0 0 0 1
12 0 0 0 0 0 1
52 0 2 1 0 1 1
68 4 1 1 1 2 1
12 0 0 0 0 0 1
92 2 1 2 4 0 1
12 0 0 0 0 0 1
82 0 3 0 2 2 1
33 1 2 0 2 1 0
12 0 0 0 0 0 1
12 0 0 0 0 0 1
12 0 0 0 0 0 1
12 0 0 0 0 0 1
12 0 0 0 0 0 1
27 2 1 2 1 1 0
12 0 0 0 0 0 1
12 0 0 0 0 0 1
12 0 0 0 0 0 1
12 0 0 0 0 0 1
4 3 1 0 0 0 0
12 0 0 0 0 0 1
12 0 0 0 0 0 1
64 0 0 0 1 1 1
71 1 0 2 1 1 1
97 6 4 3 2 1 1
12 0 0 0 0 0 1
12 0 0 0 0 0 1
80 4 2 3 2 1 1
12 0 0 0 0 0 1
45 4 2 1 1 1 1
2 1 1 0 0 0 0
80 2 3 1 3 1 1
12 0 0 0 0 0 1
93 4 2 2 3 3 0
82 3 1 1 0 2 1
12 0 0 0 0 0 1
12 0 0 0 0 0 1
12 0 0 0 0 0 1
56 5 2 3 2 1 0
82 2 5 1 3 2 0
12 0 0 0 0 0 1
12 0 0 0 0 0 1
4 3 1 0 0 0 0
48 2 0 1 0 1 1
34 5 6 0 0 1 0
12 0 0 0 0 0 1
12 0 0 0 0 0 1
12 0 0 0 0 0 1
16 2 1 3 0 0 0
12 0 0 0 0 0 1
12 0 0 0 0 0 1
64 0 0 2 1 1 1
25 2 3 0 0 0 1
12 0 0 0 0 0 1
55 3 3 1 1 2 0
12 0 0 0 0 0 1
41 6 7 3 1 0 0
28 1 2 2 1 1 0
37 6 1 0 1 1 0
12 0 0 0 0 0 1
12 0 0 0 0 0 1
12 0 0 0 0 0 1
29 3 1 1 0 1 0
16 3 3 2 0 0 0
51 1 0 1 0 0 1
12 0 0 0 0 0 1
58 3 6 7 0 1 0
91 1 2 0 2 3 1
69 1 2 1 0 0 2
12 0 0 0 0 0 1
65 3 3 2 2 2 0
25 2 1 0 0 0 1
21 4 3 3 0 0 0
50 0 3 1 1 2 0
55 3 3 4 0 0 1
94 3 2 1 3 2 1
44 0 4 1 2 1 0
72 7 3 4 1 0 1
12 0 0 0 0 0 1
98 7 6 4 4 1 0
69 3 5 0 3 2 0
12 0 0 0 0 0 1
84 9 4 5 3 1 0
12 0 0 0 0 0 1
99 11 5 1 4 0 1
12 0 0 0 0 0 1
31 2 4 4 1 0 0
12 0 0 0 0 0 1
12 0 0 0 0 0 1
12 0 0 0 0 0 1
29 5 0 1 1 1 0
68 6 2 3 2 1 1
55 1 3 1 2 2 0
2 2 0 0 0 0 0
12 0 0 0 0 0 1
72 0 1 3 1 0 1
98 1 0 0 1 0 2
12 0 0 0 0 0 1
82 4 4 3 3 2 0
5 0 1 1 0 0 0
77 3 2 2 3 0 1
12 0 0 0 0 0 1
12 0 0 0 0 0 1
57 2 1 1 0 2 1
18 1 1 0 0 0 1
52 3 1 1 0 0 1
90 1 3 4 1 1 1
12 0 0 0 0 0 1
8 1 0 1 1 0 0
46 1 0 1 1 2 0
57 0 2 2 1 1 1
12 0 0 0 0 0 1
13 3 3 1 0 0 0
10 1 1 0 0 0 1
12 0 0 0 0 0 1
12 0 0 0 0 0 1
12 0 0 0 0 0 1
12 0 0 0 0 0 1
66 8 2 4 3 1 0
5 1 1 0 0 0 1
12 0 0 0 0 0 1
66 0 3 0 2 1 1
12 0 0 0 0 0 1
58 2 5 1 3 1 0
98 4 1 1 1 1 2
22 2 4 2 1 0 0
12 0 0 0 0 0 1
12 0 0 0 0 0 1
31 1 0 1 1 0 1
81 4 2 4 1 1 1
95 1 0 0 1 0 2
85 3 0 0 1 0 2
12 0 0 0 0 0 1
82 3 4 3 0 3 0
51 1 0 0 0 2 1
12 0 0 0 0 0 1
12 0 0 0 0 0 1
79 3 3 1 1 1 1
94 3 3 1 0 0 2
19 5 2 1 1 0 0
26 1 0 1 1 1 0
12 0 0 0 0 0 1
37 7 4 2 0 1 0
22 3 4 1 1 0 0
36 3 2 3 0 1 0
12 0 0 0 0 0 1
12 0 0 0 0 0 1
46 1 0 2 0 2 0
12 0 0 0 0 0 1
83 2 3 1 3 0 1
40 0 0 1 0 2 0
12 0 0 0 0 0 1
12 0 0 0 0 0 1
94 3 5 1 0 0 2
69 3 1 3 0 0 1
12 0 0 0 0 0 1
12 0 0 0 0 0 1
91 4 5 2 4 2 0
47 1 0 2 1 2 0
12 0 0 0 0 0 1
12 0 0 0 0 0 1
12 0 0 0 0 0 1
12 0 0 0 0 0 1
12 0 0 0 0 0 1
28 7 2 1 2 0 0
96 4 5 5 2 0 1
12 0 0 0 0 0 1
12 0 0 0 0 0 1
12 0 0 0 0 0 1
29 3 2 1 2 0 0
12 0 0 0 0 0 1
82 6 1 2 3 0 1
6 1 0 0 1 0 0
99 8 5 2 2 2 1
12 0 0 0 0 0 1
12 0 0 0 0 0 1
92 0 2 0 1 2 1
8 4 0 1 0 0 0
33 3 2 2 0 1 0
43 1 0 2 2 0 1
44 5 0 1 0 2 0
21 0 0 1 0 0 1
63 3 5 2 1 0 1
30 0 0 0 0 0 1
12 0 0 0 0 0 1
12 0 0 0 0 0 1
12 0 0 0 0 0 1
12 0 0 0 0 0 1
71 3 3 1 1 3 0
12 0 0 0 0 0 1
39 0 4 3 2 0 0
73 4 1 1 1 1 1
12 0 0 0 0 0 1
12 0 0 0 0 0 1
45 1 0 1 0 1 1
12 0 0 0 0 0 1
12 0 0 0 0 0 1
94 2 3 2 1 1 1
13 1 2 2 0 0 0
12 0 0 0 0 0 1
12 0 0 0 0 0 1
12 0 0 0 0 0 1
45 1 4 1 0 2 0
12 0 0 0 0 0 1
15 5 3 1 0 0 0
12 0 0 0 0 0 1
12 0 0 0 0 0 1
49 3 4 3 3 0 0
9 2 2 1 0 0 0
12 0 0 0 0 0 1
35 4 1 0 1 1 0
12 0 0 0 0 0 1
12 0 0 0 0 0 1
12 0 0 0 0 0 1
39 3 3 2 0 0 1
94 4 4 1 3 1 1
43 7 4 5 1 0 0
7 1 2 1 0 0 0
86 4 1 0 1 0 2
12 0 0 0 0 0 1
68 5 4 2 1 1 1
21 2 2 0 2 0 0
40 1 3 2 2 1 0
12 0 0 0 0 0 1
12 0 0 0 0 0 1
12 0 0 0 0 0 1
53 6 5 0 1 0 1
26 3 3 1 1 1 0
12 0 0 0 0 0 1
12 0 0 0 0 0 1
12 0 0 0 0 0 1
12 0 0 0 0 0 1
52 1 2 0 0 1 1
12 0 0 0 0 0 1
48 5 2 5 2 0 0
