19 1 54 17 83 68
88
59 3 1 3 0 1 1
52 1 3 5 0 1 0
12 0 0 0 0 0 1
30 2 4 4 0 0 0
34 1 2 1 1 1 0
85 3 0 1 0 0 2
24 0 2 2 1 0 0
12 0 0 0 0 0 1
12 0 0 0 0 0 1
12 0 0 0 0 0 1
9 2 1 1 0 0 0
12 0 0 0 0 0 1
25 0 1 0 1 0 1
67 3 1 2 1 1 1
86 2 2 2 0 0 2
90 1 0 1 0 0 2
55 2 1 3 1 0 1
37 3 3 0 0 0 1
12 0 0 0 0 0 1
78 7 3 3 1 2 0
77 4 2 1 1 2 1
99 2 5 0 0 0 2
28 3 6 3 0 0 0
58 2 3 2 0 2 0
12 0 0 0 0 0 1
80 0 0 2 0 0 2
93 4 2 3 1 3 0
49 1 0 2 2 1 0
49 1 0 0 0 1 1
87 1 0 0 0 1 2
12 0 0 0 0 0 1
58 1 1 1 1 1 1
12 0 0 0 0 0 1
1 1 0 0 0 0 0
40 1 0 0 1 0 1
79 0 2 3 3 1 1
12 0 0 0 0 0 1
92 4 0 0 0 0 2
12 0 0 0 0 0 1
11 7 2 0 0 0 0
12 0 0 0 0 0 1
79 3 3 2 1 0 1
68 3 0 0 2 0 1
32 3 2 0 0 0 1
47 6 2 2 1 0 1
11 2 2 1 0 0 0
86 1 1 2 2 2 1
85 3 0 1 2 1 1
12 0 0 0 0 0 1
12 0 0 0 0 0 1
8 0 0 0 0 1 0
47 2 3 1 1 0 1
95 6 2 0 1 1 2
86 5 4 1 1 0 2
12 0 0 0 0 0 1
37 2 4 2 0 1 0
12 0 0 0 0 0 1
43 6 1 1 3 0 0
68 6 5 3 3 0 1
34 3 2 0 0 0 1
12 0 0 0 0 0 1
12 0 0 0 0 0 1
11 1 0 0 1 0 0
25 1 2 0 2 0 0
12 0 0 0 0 0 1
56 1 5 1 2 1 0
14 2 3 2 0 0 0
12 5 1 1 0 0 0
64 3 1 2 0 0 1
12 0 0 0 0 0 1
36 3 2 0 1 1 0
12 0 0 0 0 0 1
4 1 0 0 1 0 0
53 4 2 1 2 0 1
29 2 1 1 0 1 0
60 6 4 2 2 0 1
18 1 1 3 0 0 0
87 1 3 2 0 1 1
36 4 3 1 1 0 1
77 1 3 2 0 3 0
18 1 1 3 0 0 0
69 4 8 2 2 1 0
60 3 3 1 0 1 1
12 0 0 0 0 0 1
73 1 1 1 0 1 1
38 2 3 0 3 0 0
12 0 0 0 0 0 1
67 4 3 5 3 0 1
