9 29 51 64 14 2
331
47 1 3 2 3 0 0
12 0 0 0 0 0 1
61 2 4 2 2 0 1
12 0 0 0 0 0 1
12 0 0 0 0 0 1
83 1 1 4 0 3 0
12 0 0 0 0 0 1
12 0 0 0 0 0 1
4 3 1 0 0 0 0
2 0 1 0 0 0 0
12 0 0 0 0 0 1
54 5 2 3 1 1 0
33 6 1 1 0 1 0
98 4 2 5 1 1 1
9 0 3 1 0 0 0
12 0 0 0 0 0 1
74 2 1 2 2 2 0
12 0 0 0 0 0 1
12 0 0 0 0 0 1
12 0 0 0 0 0 1
12 0 0 0 0 0 1
12 0 0 0 0 0 1
12 0 0 0 0 0 1
51 5 3 2 1 1 0
12 0 0 0 0 0 1
12 0 0 0 0 0 1
12 0 0 0 0 0 1
12 0 0 0 0 0 1
12 0 0 0 0 0 1
12 0 0 0 0 0 1
57 3 2 2 2 1 0
23 4 1 1 0 1 0
91 5 3 0 1 1 1
63 4 2 1 1 2 0
97 8 2 1 1 1 1
12 0 0 0 0 0 1
12 0 0 0 0 0 1
12 0 0 0 0 0 1
91 6 3 2 4 2 0
12 0 0 0 0 0 1
12 0 0 0 0 0 1
12 0 0 0 0 0 1
12 0 0 0 0 0 1
12 0 0 0 0 0 1
12 0 0 0 0 0 1
12 0 0 0 0 0 1
20 0 0 0 2 0 0
99 7 12 5 1 2 0
12 0 0 0 0 0 1
12 0 0 0 0 0 1
82 1 5 1 0 3 1
12 0 0 0 0 0 1
12 0 0 0 0 0 1
12 0 0 0 0 0 1
40 1 2 1 1 1 0
12 0 0 0 0 0 1
12 0 0 0 0 0 1
12 0 0 0 0 0 1
25 0 0 1 0 1 0
23 1 1 0 2 0 0
25 3 1 0 0 1 0
12 0 0 0 0 0 1
12 0 0 0 0 0 1
12 0 0 0 0 0 1
12 0 0 0 0 0 1
99 3 3 3 2 1 1
98 1 1 1 0 2 1
12 0 0 0 0 0 1
91 2 3 1 1 1 1
98 2 3 0 0 2 1
31 4 1 3 1 0 0
62 5 1 1 1 2 0
88 3 0 1 1 1 1
42 3 2 3 2 0 0
97 5 1 2 0 4 0
12 0 0 0 0 0 1
12 0 0 0 0 0 1
68 1 1 1 1 0 1
12 0 0 0 0 0 1
12 0 0 0 0 0 1
41 2 5 1 0 1 1
36 4 1 2 0 1 0
12 0 0 0 0 0 1
70 1 2 1 1 0 1
12 0 0 0 0 0 1
76 2 7 2 3 1 0
17 2 0 1 1 0 0
12 0 0 0 0 0 1
12 0 0 0 0 0 1
12 0 0 0 0 0 1
27 3 2 4 0 0 0
73 1 1 2 1 0 1
12 0 0 0 0 0 1
12 0 0 0 0 0 1
20 6 2 2 0 0 0
12 0 0 0 0 0 1
95 2 4 3 3 2 0
33 3 5 1 1 1 0
12 0 0 0 0 0 1
98 2 3 4 3 2 0
96 3 4 1 1 1 1
12 0 0 0 0 0 1
12 0 0 0 0 0 1
67 2 3 2 1 2 0
45 4 3 3 0 1 0
12 0 0 0 0 0 1
35 1 2 2 2 0 0
12 0 0 0 0 0 1
10 0 0 2 0 0 0
12 0 0 0 0 0 1
48 3 0 1 2 1 0
83 3 3 1 0 2 1
12 0 0 0 0 0 1
12 0 0 0 0 0 1
12 0 0 0 0 0 1
50 5 5 3 0 1 0
39 5 2 2 0 1 0
12 0 0 0 0 0 1
12 0 0 0 0 0 1
52 1 0 1 1 0 1
12 0 0 0 0 0 1
96 0 3 2 1 1 1
12 0 0 0 0 0 1
12 0 0 0 0 0 1
12 0 0 0 0 0 1
12 0 0 0 0 0 1
12 0 0 0 0 0 1
12 0 0 0 0 0 1
58 1 1 1 0 0 1
99 6 8 5 2 2 0
12 0 0 0 0 0 1
44 5 2 1 1 1 0
47 2 0 3 1 1 0
55 4 5 4 3 0 0
12 0 0 0 0 0 1
71 0 0 0 1 0 2
12 0 0 0 0 0 1
35 1 2 4 1 0 0
12 0 0 0 0 0 1
74 2 1 2 1 0 1
88 4 2 6 3 1 0
12 0 0 0 0 0 1
12 0 0 0 0 0 1
3 3 0 0 0 0 0
4 0 2 0 0 0 0
41 3 4 0 1 1 0
12 0 0 0 0 0 1
12 0 0 0 0 0 1
90 5 5 5 3 1 0
51 2 2 1 0 2 0
55 4 3 1 0 2 0
94 4 5 2 5 1 0
69 3 3 2 0 0 1
66 5 2 0 2 2 0
12 0 0 0 0 0 1
40 2 3 2 1 1 0
12 0 0 0 0 0 1
70 3 1 3 0 0 1
97 1 3 0 2 1 1
12 0 0 0 0 0 1
12 0 0 0 0 0 1
59 2 1 1 3 1 0
37 5 1 2 0 1 0
12 0 0 0 0 0 1
66 6 0 0 1 0 1
32 0 1 2 2 0 0
33 4 2 1 0 1 0
12 0 0 0 0 0 1
51 2 2 1 2 1 0
12 0 0 0 0 0 1
32 3 2 2 1 1 0
63 6 1 3 4 0 0
12 0 0 0 0 0 1
78 1 7 2 2 1 1
12 0 0 0 0 0 1
68 1 1 1 1 0 1
85 3 1 0 1 1 1
85 3 6 0 0 1 1
61 1 0 0 1 0 1
12 0 0 0 0 0 1
53 4 2 1 2 1 0
77 3 6 0 2 2 1
44 3 0 0 0 0 1
12 0 0 0 0 0 1
12 0 0 0 0 0 1
82 2 5 0 2 0 1
32 3 2 4 1 0 0
12 0 0 0 0 0 1
15 4 1 0 1 0 0
57 4 4 3 1 1 0
12 0 0 0 0 0 1
12 0 0 0 0 0 1
22 3 3 2 1 0 0
99 4 3 3 4 2 0
2 2 0 0 0 0 0
12 0 0 0 0 0 1
78 6 8 4 1 2 0
17 4 3 1 0 0 1
12 0 0 0 0 0 1
12 0 0 0 0 0 1
66 3 4 1 0 0 1
12 0 0 0 0 0 1
63 5 3 3 3 1 0
32 5 1 1 0 1 0
13 2 3 1 0 0 0
69 0 2 1 1 0 1
12 0 0 0 0 0 1
72 5 6 3 2 1 0
12 0 0 0 0 0 1
37 0 1 1 1 1 0
67 0 1 1 0 3 0
73 1 2 1 1 2 1
12 0 0 0 0 0 1
12 0 0 0 0 0 1
30 0 0 2 2 0 0
91 4 1 1 1 1 1
53 4 2 5 2 0 0
73 5 4 2 5 0 0
12 0 0 0 0 0 1
63 1 1 2 1 2 0
12 0 0 0 0 0 1
73 4 2 3 1 2 0
12 0 0 0 0 0 1
19 2 1 1 1 0 0
36 0 4 0 3 0 0
12 0 0 0 0 0 1
77 3 2 2 0 3 0
41 1 0 0 0 2 0
12 0 0 0 0 0 1
79 2 1 1 0 1 1
26 2 2 2 1 0 0
21 1 0 0 0 1 0
12 0 0 0 0 0 1
99 5 2 2 3 0 1
12 0 0 0 0 0 1
81 6 0 1 2 0 1
33 1 1 2 0 1 0
12 0 0 0 0 0 1
12 0 0 0 0 0 1
90 1 1 2 2 2 1
12 0 0 0 0 0 1
12 0 0 0 0 0 1
12 0 0 0 0 0 1
29 5 2 2 1 0 0
12 0 0 0 0 0 1
12 0 0 0 0 0 1
12 0 0 0 0 0 1
12 0 0 0 0 0 1
61 4 1 1 0 0 1
12 0 0 0 0 0 1
14 1 4 1 0 0 0
12 0 0 0 0 0 1
85 2 4 1 0 1 1
12 0 0 0 0 0 1
95 1 2 0 2 1 1
50 0 0 0 0 0 1
16 4 5 1 0 0 0
10 3 1 1 0 0 0
61 1 0 0 1 0 1
27 3 2 0 0 1 0
9 0 2 1 0 0 0
12 0 0 0 0 0 1
58 0 4 4 3 0 0
73 3 0 2 1 0 1
12 0 0 0 0 0 1
36 1 0 1 1 1 0
12 0 0 0 0 0 1
15 4 3 1 0 0 0
22 0 1 0 0 1 0
12 0 0 0 0 0 1
90 5 4 0 1 1 1
48 2 2 0 1 0 1
94 5 7 1 1 3 0
12 0 0 0 0 0 1
12 0 0 0 0 0 1
11 2 2 1 0 0 0
5 3 1 0 0 0 0
5 0 2 1 0 0 0
12 0 0 0 0 0 1
45 0 0 1 0 2 0
12 0 0 0 0 0 1
12 0 0 0 0 0 1
12 0 0 0 0 0 1
12 0 0 0 0 0 1
12 0 0 0 0 0 1
12 0 0 0 0 0 1
12 0 0 0 0 0 1
12 0 0 0 0 0 1
50 3 1 1 1 0 1
62 2 0 0 1 0 1
82 9 4 5 2 1 0
96 4 2 0 4 2 1
12 0 0 0 0 0 1
88 3 5 3 1 0 1
62 1 3 1 0 0 1
12 0 0 0 0 0 1
12 0 0 0 0 0 1
12 0 0 0 0 0 1
12 0 0 0 0 0 1
56 0 3 0 3 1 0
26 1 0 1 0 1 0
29 3 3 0 2 0 0
12 0 0 0 0 0 1
7 2 0 1 0 0 0
63 0 5 2 1 2 0
12 0 0 0 0 0 1
95 3 1 0 2 1 1
38 1 1 1 1 1 0
12 0 0 0 0 0 1
28 2 3 4 0 0 0
48 3 2 1 0 0 1
12 0 0 0 0 0 1
12 0 0 0 0 0 1
12 0 0 0 0 0 1
12 0 0 0 0 0 1
12 0 0 0 0 0 1
12 0 0 0 0 0 1
12 0 0 0 0 0 1
12 0 0 0 0 0 1
12 0 0 0 0 0 1
50 0 0 0 0 0 1
56 2 2 2 2 1 0
12 0 0 0 0 0 1
12 0 0 0 0 0 1
12 0 0 0 0 0 1
12 0 0 0 0 0 1
12 0 0 0 0 0 1
12 0 0 0 0 0 1
12 0 0 0 0 0 1
12 0 0 0 0 0 1
13 0 4 1 0 0 0
