31 90 36 79 78 25
974
12 0 0 0 0 0 1
92 0 1 0 0 2 1
12 0 0 0 0 0 1
22 2 0 0 0 1 0
12 0 0 0 0 0 1
12 0 0 0 0 0 1
54 2 1 0 0 0 1
38 4 2 2 2 0 0
12 0 0 0 0 0 1
8 3 3 0 0 0 0
12 0 0 0 0 0 1
12 0 0 0 0 0 1
66 4 1 2 3 1 0
76 2 0 3 0 3 0
55 3 1 0 0 0 1
12 0 0 0 0 0 1
12 2 0 0 1 0 0
12 0 0 0 0 0 1
7 2 1 1 0 0 0
12 0 0 0 0 0 1
95 3 6 0 3 0 1
12 0 0 0 0 0 1
86 5 5 4 2 1 1
1 1 0 0 0 0 0
74 2 4 3 2 2 0
12 0 0 0 0 0 1
5 4 1 0 0 0 0
12 0 0 0 0 0 1
12 0 0 0 0 0 1
12 0 0 0 0 0 1
14 2 2 1 1 0 0
14 0 0 1 0 1 0
72 6 1 4 1 2 0
12 0 0 0 0 0 1
12 0 0 0 0 0 1
98 2 1 3 1 1 1
53 3 0 0 0 0 1
12 0 0 0 0 0 1
15 3 1 0 1 0 0
12 0 0 0 0 0 1
29 2 1 1 1 1 0
12 0 0 0 0 0 1
12 0 0 0 0 0 1
12 0 0 0 0 0 1
70 3 1 3 3 1 0
50 9 2 3 2 1 0
73 3 0 0 3 1 1
12 0 0 0 0 0 1
59 2 1 1 0 0 1
12 0 0 0 0 0 1
74 4 0 0 2 0 1
43 2 7 1 3 0 0
71 2 4 1 3 2 0
89 5 2 2 3 2 0
12 0 0 0 0 0 1
99 1 5 2 1 1 1
41 1 0 0 2 1 0
12 0 0 0 0 0 1
12 0 0 0 0 0 1
32 5 3 1 1 1 0
9 3 1 1 0 0 0
12 0 0 0 0 0 1
8 1 3 1 0 0 0
93 3 5 7 4 0 1
79 5 6 2 3 2 0
11 1 1 2 0 0 0
12 0 0 0 0 0 1
52 3 6 5 2 0 0
76 5 2 0 0 1 1
14 0 2 0 1 0 0
45 1 1 0 2 1 1
74 2 4 2 2 0 1
88 2 3 1 2 1 1
68 5 3 3 0 1 1
33 5 5 0 1 1 0
56 2 0 1 1 0 1
39 3 3 0 1 1 0
12 0 0 0 0 0 1
44 5 5 2 1 1 0
7 2 0 1 0 0 0
1 1 0 0 0 0 0
12 0 0 0 0 0 1
90 3 5 3 1 2 1
47 5 2 2 1 1 0
66 1 6 1 2 2 0
75 1 2 1 3 0 1
41 3 2 2 1 1 0
62 2 6 5 2 1 0
10 0 0 0 1 0 0
69 4 3 3 1 2 0
6 3 2 0 0 0 0
74 3 5 2 1 2 1
12 0 0 0 0 0 1
12 0 0 0 0 0 1
12 0 0 0 0 0 1
12 0 0 0 0 0 1
62 3 2 5 1 1 0
91 8 6 1 0 3 1
12 0 0 0 0 0 1
12 0 0 0 0 0 1
12 0 0 0 0 0 1
22 2 2 0 2 0 0
78 6 5 3 1 1 1
96 3 2 0 3 2 1
65 4 2 3 4 1 0
26 2 2 0 0 1 0
5 1 2 0 0 0 0
12 0 0 0 0 0 1
46 0 3 3 1 1 0
10 3 1 1 0 0 0
12 0 0 0 0 0 1
12 0 0 0 0 0 1
42 4 5 3 1 1 0
12 0 0 0 0 0 1
86 3 5 3 3 2 0
12 0 0 0 0 0 1
62 4 4 1 1 1 1
82 3 0 2 1 1 1
12 0 0 0 0 0 1
95 0 5 3 2 0 1
91 2 3 2 1 2 1
17 2 0 3 0 0 0
70 5 5 1 0 0 1
13 3 1 1 1 0 0
42 2 2 3 0 0 1
12 0 0 0 0 0 1
26 1 2 1 1 1 0
58 3 3 3 2 1 0
95 1 2 2 1 1 1
9 2 1 1 0 0 0
89 5 2 8 2 1 0
1 1 0 0 0 0 0
32 1 4 4 1 0 0
87 3 2 2 2 0 1
70 2 0 0 1 0 2
61 0 5 1 3 1 0
12 0 0 0 0 0 1
12 0 0 0 0 0 1
64 1 7 3 1 2 0
72 3 1 1 1 1 1
11 1 0 0 1 0 0
12 0 0 0 0 0 1
12 0 0 0 0 0 1
90 4 1 2 6 1 0
12 0 0 0 0 0 1
96 8 2 4 0 0 2
6 2 0 1 0 0 0
12 0 0 0 0 0 1
89 5 0 1 1 1 1
12 0 0 0 0 0 1
38 3 3 0 1 1 0
12 0 0 0 0 0 1
76 2 2 0 0 1 1
12 0 0 0 0 0 1
57 3 2 2 2 1 0
62 3 1 1 0 3 0
82 3 2 1 3 2 0
12 0 0 0 0 0 1
12 0 0 0 0 0 1
96 8 4 2 1 1 1
26 0 5 3 1 0 0
53 3 0 0 1 0 1
12 0 1 0 1 0 0
95 4 3 1 1 1 1
12 3 2 1 0 0 0
12 0 0 0 0 0 1
92 2 0 2 1 1 1
12 0 0 0 0 0 1
12 0 0 0 0 0 1
17 0 3 2 1 0 0
20 4 1 3 0 0 0
26 2 4 1 0 1 0
12 5 2 1 0 0 0
12 0 0 0 0 0 1
65 3 1 0 0 3 0
12 0 0 0 0 0 1
57 5 4 4 2 1 0
74 3 3 4 3 1 0
90 1 2 2 4 0 1
12 0 0 0 0 0 1
16 2 4 2 0 0 0
36 2 1 1 2 1 0
12 0 0 0 0 0 1
84 2 1 2 0 1 1
85 0 2 1 4 1 1
30 1 2 4 1 0 0
12 0 0 0 0 0 1
12 0 0 0 0 0 1
79 5 3 1 4 2 0
90 0 2 0 4 1 1
16 0 5 2 0 0 0
13 2 3 1 0 0 0
12 0 0 0 0 0 1
12 0 0 0 0 0 1
94 7 1 5 2 2 0
98 2 3 2 1 1 1
5 1 2 0 0 0 0
10 3 1 1 0 0 0
54 2 2 1 1 1 1
26 3 2 4 0 0 0
73 3 4 2 1 3 0
57 0 1 1 3 1 0
22 3 1 1 1 1 0
48 5 4 1 1 1 0
47 5 1 2 1 1 0
21 5 2 2 1 0 0
12 0 0 0 0 0 1
57 3 2 2 0 2 0
12 0 0 0 0 0 1
71 1 2 3 2 0 1
12 0 0 0 0 0 1
62 2 2 1 3 2 0
4 0 2 0 0 0 0
79 2 1 1 0 1 1
63 2 4 2 2 2 0
12 0 0 0 0 0 1
12 0 0 0 0 0 1
46 2 4 1 0 2 0
26 1 5 1 1 0 0
60 1 1 3 3 1 0
19 3 2 2 1 0 0
85 7 4 4 1 2 0
12 0 0 0 0 0 1
78 3 5 3 1 2 0
12 0 0 0 0 0 1
6 3 2 0 0 0 0
50 2 6 3 1 1 0
12 0 0 0 0 0 1
85 6 0 5 4 1 0
22 12 1 2 0 0 0
54 8 7 4 2 0 0
75 3 4 1 2 2 0
12 0 0 0 0 0 1
12 0 0 0 0 0 1
12 0 0 0 0 0 1
20 4 3 0 1 0 0
38 2 3 2 0 1 0
86 3 4 2 2 2 1
12 0 0 0 0 0 1
76 3 4 3 1 0 1
16 1 0 1 1 0 0
12 0 0 0 0 0 1
69 2 8 4 3 1 0
54 5 5 4 0 1 0
66 0 3 0 2 1 1
75 2 1 1 1 1 1
49 2 1 0 1 0 1
3 1 1 0 0 0 0
33 2 3 4 1 0 0
11 1 0 0 1 0 0
48 0 4 4 0 1 0
40 4 1 2 2 1 0
12 0 0 0 0 0 1
12 0 0 0 0 0 1
28 2 4 0 0 1 0
12 0 0 0 0 0 1
58 1 2 1 3 1 0
12 0 0 0 0 0 1
73 1 2 1 2 2 1
22 1 5 3 0 0 0
38 3 1 1 3 0 0
24 4 3 1 1 0 0
12 0 0 0 0 0 1
91 4 1 3 3 2 0
12 0 0 0 0 0 1
12 0 0 0 0 0 1
12 0 0 0 0 0 1
12 0 0 0 0 0 1
84 2 1 0 2 3 0
53 2 3 3 1 1 0
14 1 4 1 0 0 0
2 1 1 0 0 0 0
12 0 0 0 0 0 1
23 4 5 2 0 0 0
12 0 0 0 0 0 1
12 0 0 0 0 0 1
10 1 2 1 0 0 0
92 3 2 3 5 1 0
88 4 2 2 2 0 1
12 0 0 0 0 0 1
12 0 0 0 0 0 1
51 1 0 0 0 0 1
67 3 0 4 1 2 0
36 2 2 2 0 1 0
63 3 0 0 4 1 0
13 4 1 2 0 0 0
16 1 0 3 0 0 0
86 4 1 4 1 0 1
12 0 0 0 0 0 1
86 2 3 1 1 3 1
12 0 0 0 0 0 1
12 0 0 0 0 0 1
12 0 0 0 0 0 1
66 4 3 2 4 1 0
8 3 1 1 0 0 0
74 0 3 0 0 3 1
90 4 3 0 1 1 1
66 1 0 1 4 1 0
12 0 0 0 0 0 1
61 2 2 1 0 0 1
12 0 0 0 0 0 1
12 0 0 0 0 0 1
12 0 0 0 0 0 1
23 1 1 0 0 1 0
93 5 4 2 3 2 0
60 4 3 0 1 2 0
12 0 0 0 0 0 1
16 2 1 0 0 0 1
82 3 2 1 2 0 1
20 0 2 1 1 1 0
12 0 0 0 0 0 1
71 5 3 2 5 0 0
89 2 1 1 1 1 1
57 1 3 6 2 0 0
12 0 0 0 0 0 1
21 4 6 1 0 0 0
12 0 0 0 0 0 1
12 0 0 0 0 0 1
19 0 4 3 0 0 0
3 1 1 0 0 0 0
12 0 1 0 1 0 0
63 3 0 0 2 2 0
12 0 0 0 0 0 1
12 0 0 0 0 0 1
12 0 0 0 0 0 1
12 0 0 0 0 0 1
12 0 0 0 0 0 1
60 0 2 2 0 2 1
12 0 0 0 0 0 1
12 0 0 0 0 0 1
94 9 6 1 3 2 0
44 3 3 1 1 1 0
12 0 0 0 0 0 1
73 3 1 1 2 2 1
42 2 0 4 2 0 0
12 0 0 0 0 0 1
3 2 1 0 0 0 0
12 0 0 0 0 0 1
61 1 2 3 0 2 1
33 4 5 2 1 0 0
12 0 0 0 0 0 1
42 2 2 2 1 1 0
18 2 1 2 1 0 0
12 0 0 0 0 0 1
57 4 4 1 2 1 0
35 3 1 2 2 0 0
33 4 4 2 1 1 0
12 0 0 0 0 0 1
93 2 3 1 3 0 1
74 5 2 1 1 0 1
82 2 5 2 1 1 1
83 8 5 3 1 2 0
21 6 5 1 0 0 0
40 6 4 2 1 1 0
51 1 0 0 1 2 0
66 4 4 2 0 1 1
41 1 1 2 2 0 1
12 0 0 0 0 0 1
86 2 2 2 1 3 0
12 0 0 0 0 0 1
85 3 1 2 0 1 1
12 0 0 0 0 0 1
90 9 3 3 2 2 0
12 0 0 0 0 0 1
12 0 0 0 0 0 1
25 3 1 2 1 0 0
42 0 1 4 2 0 0
62 0 2 1 1 1 1
12 0 0 0 0 0 1
19 2 1 1 1 0 0
13 3 5 0 0 0 0
70 5 1 1 1 1 1
89 1 4 3 1 2 1
83 1 1 2 2 0 1
13 2 1 2 0 0 0
12 0 0 0 0 0 1
12 0 0 0 0 0 1
77 3 2 3 2 1 1
12 0 0 0 0 0 1
12 0 0 0 0 0 1
83 4 4 4 0 3 0
26 1 1 1 2 0 0
93 2 3 1 1 1 1
90 4 3 0 2 3 0
60 1 0 0 1 0 1
12 0 0 0 0 0 1
12 0 0 0 0 0 1
25 1 2 0 0 1 0
73 1 8 1 2 2 0
74 2 1 0 0 1 1
62 4 3 1 2 2 0
12 0 0 0 0 0 1
28 6 1 0 2 0 0
12 0 0 0 0 0 1
35 1 0 2 2 1 0
48 1 3 3 1 1 0
84 3 3 2 3 1 1
12 0 0 0 0 0 1
12 0 0 0 0 0 1
69 3 1 3 1 0 1
42 1 2 3 3 0 0
12 0 0 0 0 0 1
12 0 0 0 0 0 1
12 0 0 0 0 0 1
1 1 0 0 0 0 0
66 2 2 3 1 2 0
12 0 0 0 0 0 1
48 1 2 2 0 2 0
4 3 1 0 0 0 0
95 5 1 4 1 3 0
38 3 1 1 1 1 0
12 0 0 0 0 0 1
12 0 0 0 0 0 1
45 6 2 1 1 1 0
7 3 2 0 0 0 0
53 2 1 2 1 0 1
50 3 3 2 0 2 0
12 0 0 0 0 0 1
42 4 5 1 3 0 0
12 0 0 0 0 0 1
12 0 0 0 0 0 1
35 3 1 0 1 1 0
23 1 3 2 1 0 0
43 1 0 1 2 0 1
15 3 1 0 1 0 0
46 3 3 2 3 0 0
12 0 0 0 0 0 1
80 3 2 1 0 1 1
95 5 5 0 4 2 0
12 0 0 0 0 0 1
5 0 2 1 0 0 0
12 0 0 0 0 0 1
54 6 4 1 0 1 1
12 0 0 0 0 0 1
95 1 2 4 0 1 1
13 3 0 0 1 0 0
12 0 0 0 0 0 1
37 3 3 2 2 0 0
58 0 6 1 0 1 1
12 0 0 0 0 0 1
8 4 0 1 0 0 0
12 0 0 0 0 0 1
25 2 3 1 0 1 0
67 2 0 1 1 0 1
13 3 1 2 0 0 0
12 0 0 0 0 0 1
12 0 0 0 0 0 1
12 0 0 0 0 0 1
15 0 0 3 0 0 0
12 0 0 0 0 0 1
36 2 2 2 2 0 0
78 3 0 1 3 0 1
5 4 1 0 0 0 0
12 0 0 0 0 0 1
95 3 2 5 2 1 1
36 1 5 1 2 0 0
12 0 0 0 0 0 1
12 0 0 0 0 0 1
90 4 3 2 2 0 1
94 4 3 1 2 3 0
39 6 3 2 0 1 0
68 3 0 1 1 0 1
38 5 2 1 2 1 0
9 3 1 1 0 0 0
12 0 0 0 0 0 1
6 1 0 1 0 0 0
12 0 0 0 0 0 1
14 2 0 2 0 1 0
12 0 0 0 0 0 1
85 2 2 1 3 0 1
48 3 4 2 3 0 0
64 7 4 1 3 1 0
93 5 4 4 0 3 0
67 2 0 3 0 0 1
12 0 0 0 0 0 1
12 0 0 0 0 0 1
19 0 7 1 0 0 0
12 0 0 0 0 0 1
11 5 1 1 0 0 0
38 7 1 3 2 0 0
57 12 4 0 4 0 0
12 0 0 0 0 0 1
79 5 2 2 2 2 0
46 2 3 1 2 1 0
44 3 1 3 1 1 0
59 4 3 2 1 2 0
1 1 0 0 0 0 0
74 2 1 2 2 2 0
12 0 0 0 0 0 1
50 4 2 4 0 0 1
73 6 4 3 5 0 0
4 2 1 0 0 0 0
16 2 2 2 0 0 0
12 0 0 0 0 0 1
31 2 2 1 0 1 0
12 0 0 0 0 0 1
28 1 1 1 2 0 0
12 0 0 0 0 0 1
12 0 0 0 0 0 1
86 2 0 0 0 0 2
60 4 2 2 1 2 0
4 1 0 0 0 0 1
26 2 2 4 0 0 0
16 1 0 3 0 0 0
56 4 5 5 0 1 0
12 0 0 0 0 0 1
71 1 0 0 1 3 0
60 4 2 3 1 2 0
88 1 1 2 3 2 1
22 2 0 3 1 0 0
69 2 2 3 1 2 0
72 5 4 5 2 1 0
12 0 0 0 0 0 1
29 3 4 2 1 0 0
56 4 3 3 2 1 0
9 4 3 0 0 0 0
12 0 0 0 0 0 1
12 0 0 0 0 0 1
21 3 1 1 0 0 1
56 1 3 2 0 0 1
93 3 4 4 3 1 1
62 3 2 3 2 1 0
12 0 0 0 0 0 1
28 2 3 2 1 0 0
12 0 0 0 0 0 1
42 6 1 1 3 0 0
9 3 2 1 0 0 0
98 2 5 3 4 1 1
12 0 0 0 0 0 1
12 0 0 0 0 0 1
92 3 3 4 2 1 1
80 4 3 0 3 2 0
12 0 0 0 0 0 1
12 0 0 0 0 0 1
18 1 1 1 1 0 0
62 2 0 0 1 0 1
12 0 0 0 0 0 1
15 3 4 1 0 0 0
49 2 1 3 1 1 0
12 0 0 0 0 0 1
12 0 0 0 0 0 1
12 0 0 0 0 0 1
82 5 3 2 3 2 0
12 0 0 0 0 0 1
49 5 2 2 1 1 0
31 2 4 1 1 1 0
66 8 4 2 4 0 0
12 0 0 0 0 0 1
18 2 2 2 1 0 0
15 1 2 0 1 0 0
45 2 5 2 1 1 0
12 0 0 0 0 0 1
46 5 2 3 3 0 0
12 0 0 0 0 0 1
69 0 4 1 2 2 0
16 2 4 1 1 0 0
39 5 2 0 1 1 0
13 1 1 0 1 0 0
20 2 3 1 1 0 0
12 0 0 0 0 0 1
29 2 3 4 1 0 0
12 0 0 0 0 0 1
12 0 0 0 0 0 1
12 0 0 0 0 0 1
12 0 0 0 0 0 1
78 4 4 7 3 1 0
78 1 1 2 3 2 0
54 4 0 2 2 1 0
12 0 0 0 0 0 1
12 0 0 0 0 0 1
99 5 0 3 1 3 1
90 3 1 1 1 1 1
56 3 3 0 0 2 1
12 0 0 0 0 0 1
12 0 0 0 0 0 1
32 3 3 1 2 0 0
38 4 2 2 2 0 0
18 4 2 2 0 0 0
7 1 2 1 0 0 0
51 1 2 0 1 1 1
12 0 0 0 0 0 1
84 4 0 0 1 1 1
24 1 5 3 0 0 0
12 0 0 0 0 0 1
50 4 6 2 2 1 0
79 5 6 3 2 1 1
2 2 0 0 0 0 0
12 0 0 0 0 0 1
27 1 3 0 2 0 0
8 3 3 0 0 0 0
12 0 0 0 0 0 1
77 2 2 1 3 2 0
12 0 0 0 0 0 1
12 0 0 0 0 0 1
57 1 3 0 1 2 0
27 5 2 2 1 0 0
41 5 4 1 3 0 0
6 1 0 1 0 0 0
52 1 3 1 2 1 0
13 1 3 0 1 0 0
91 4 5 3 2 3 0
12 0 0 0 0 0 1
12 0 0 0 0 0 1
12 0 0 0 0 0 1
12 0 0 0 0 0 1
12 0 0 0 0 0 1
12 0 0 0 0 0 1
12 0 0 0 0 0 1
42 6 3 3 1 1 0
9 2 3 1 0 0 0
12 0 0 0 0 0 1
65 0 0 2 1 2 1
12 0 0 0 0 0 1
12 0 0 0 0 0 1
12 0 0 0 0 0 1
12 0 0 0 0 0 1
56 2 2 2 2 1 0
13 1 1 1 1 0 0
42 5 1 1 2 1 0
27 4 3 1 1 1 0
45 1 0 4 1 1 0
12 0 0 0 0 0 1
11 1 2 0 1 0 0
3 1 1 0 0 0 0
68 3 0 1 1 0 1
12 0 0 0 0 0 1
18 3 4 2 0 0 0
12 0 0 0 0 0 1
32 2 3 1 2 0 0
79 10 7 5 1 1 0
22 1 2 1 2 0 0
8 3 3 0 0 0 0
12 0 0 0 0 0 1
12 0 0 0 0 0 1
11 1 2 1 1 0 0
12 0 0 0 0 0 1
28 3 0 1 0 1 0
26 2 2 2 1 0 0
12 0 0 0 0 0 1
22 5 1 3 0 0 0
12 0 0 0 0 0 1
20 6 2 0 1 0 0
90 4 5 2 3 2 0
12 3 4 1 0 0 0
3 2 1 0 0 0 0
3 1 1 0 0 0 0
11 1 1 1 1 0 0
12 0 0 0 0 0 1
4 2 1 0 0 0 0
12 0 0 0 0 0 1
12 0 0 0 0 0 1
12 0 0 0 0 0 1
63 2 1 1 1 0 1
12 0 0 0 0 0 1
66 1 0 1 1 0 1
10 1 4 1 0 0 0
52 3 2 2 1 2 0
12 0 0 0 0 0 1
34 2 2 2 0 1 0
83 7 4 2 1 0 1
12 0 0 0 0 0 1
12 0 0 0 0 0 1
12 0 0 0 0 0 1
21 2 1 0 0 1 0
12 0 0 0 0 0 1
37 0 1 1 1 1 0
54 2 1 3 4 0 0
24 2 3 2 1 0 0
76 2 2 2 2 2 0
58 2 3 0 0 0 1
5 1 1 1 0 0 0
68 5 2 3 1 2 0
85 3 4 6 1 2 0
12 0 0 0 0 0 1
12 0 0 0 0 0 1
27 1 2 3 1 0 0
53 2 4 1 4 0 0
69 4 4 2 2 2 0
74 8 3 6 1 1 0
81 3 4 0 2 0 1
25 1 2 0 2 0 0
12 0 0 0 0 0 1
12 0 0 0 0 0 1
12 0 0 0 0 0 1
90 2 4 0 1 1 1
44 4 5 2 2 0 0
12 0 0 0 0 0 1
12 0 0 0 0 0 1
14 0 2 0 1 0 0
38 4 3 0 1 1 0
25 4 1 1 2 0 0
12 0 0 0 0 0 1
72 3 1 0 1 1 1
55 4 1 2 2 1 0
12 0 0 0 0 0 1
12 0 0 0 0 0 1
12 0 0 0 0 0 1
68 1 2 2 1 2 1
13 2 1 1 1 0 0
60 1 2 1 1 2 0
73 3 0 0 1 3 0
89 6 4 1 0 1 1
12 0 0 0 0 0 1
12 0 0 0 0 0 1
43 2 2 0 4 0 0
76 4 1 6 0 2 0
34 4 6 2 1 0 0
12 0 0 0 0 0 1
92 2 2 2 3 0 1
12 0 0 0 0 0 1
49 0 2 1 2 1 0
21 2 4 3 0 0 0
12 0 0 0 0 0 1
83 5 6 2 3 2 0
12 0 0 0 0 0 1
12 0 0 0 0 0 1
90 3 4 5 3 1 1
12 0 0 0 0 0 1
96 9 7 4 0 3 0
18 1 3 3 0 0 0
12 0 0 0 0 0 1
12 0 0 0 0 0 1
12 0 0 0 0 0 1
12 0 0 0 0 0 1
97 4 4 1 1 1 1
25 2 2 3 1 0 0
14 3 1 1 1 0 0
21 4 2 3 0 0 0
12 0 0 0 0 0 1
12 0 0 0 0 0 1
64 1 4 3 0 2 0
87 4 6 6 1 2 0
58 2 5 1 0 2 1
17 1 3 0 1 0 0
31 3 6 0 1 1 0
12 0 0 0 0 0 1
72 5 5 2 0 0 1
12 0 0 0 0 0 1
42 3 2 1 1 1 0
31 1 0 0 1 1 0
79 5 5 2 3 2 0
82 4 4 0 0 1 1
96 1 0 1 0 2 1
7 2 3 0 0 0 0
12 0 0 0 0 0 1
70 2 4 0 2 2 0
12 0 0 0 0 0 1
67 2 1 1 1 2 1
12 0 0 0 0 0 1
7 3 0 1 0 0 0
46 3 5 4 2 0 0
38 2 3 0 3 0 0
77 4 2 3 5 1 0
71 6 0 3 1 2 0
71 4 2 4 0 1 1
39 3 1 1 1 1 0
50 6 5 2 2 1 0
25 0 1 0 0 0 1
12 0 0 0 0 0 1
20 4 3 2 0 0 0
28 2 3 1 0 1 0
15 5 0 2 0 0 0
72 3 0 5 0 0 1
12 0 0 0 0 0 1
43 5 3 4 2 0 0
12 0 0 0 0 0 1
12 0 0 0 0 0 1
12 0 1 2 0 0 0
53 1 2 0 2 2 0
60 2 3 2 2 0 1
12 0 0 0 0 0 1
10 0 0 0 1 0 0
72 4 4 6 1 1 0
12 0 0 0 0 0 1
12 0 0 0 0 0 1
94 0 3 3 3 0 1
84 0 2 2 0 1 1
3 2 1 0 0 0 0
96 4 7 2 3 2 0
58 2 2 2 0 0 1
12 0 0 0 0 0 1
17 5 1 0 1 0 0
73 2 7 1 2 1 1
41 3 3 1 1 1 0
12 0 0 0 0 0 1
59 2 1 3 2 1 0
44 1 4 1 3 0 0
12 2 4 1 0 0 0
12 0 0 0 0 0 1
91 4 7 2 2 2 1
12 0 0 0 0 0 1
12 0 0 0 0 0 1
24 4 0 0 0 1 0
12 0 0 0 0 0 1
12 0 0 0 0 0 1
12 0 0 0 0 0 1
69 2 4 0 2 1 1
47 0 1 1 2 1 0
31 2 2 2 0 0 1
83 3 3 1 2 2 1
30 7 2 1 0 1 0
12 0 0 0 0 0 1
8 1 1 1 0 0 0
89 6 3 2 1 1 1
87 5 6 0 0 1 1
12 0 0 0 0 0 1
54 2 2 1 1 0 1
34 2 1 0 1 1 0
46 2 3 2 1 1 0
12 0 0 0 0 0 1
12 0 0 0 0 0 1
13 2 2 2 0 0 0
8 1 2 1 0 0 0
88 4 1 3 2 1 1
12 0 0 0 0 0 1
41 3 6 4 1 0 0
79 3 5 2 2 2 0
38 0 6 2 2 0 0
17 5 1 0 1 0 0
29 3 3 3 1 0 0
14 3 1 0 1 0 0
58 4 4 2 1 2 0
93 4 2 2 3 2 1
12 0 0 0 0 0 1
94 0 2 3 2 1 1
28 4 0 1 2 0 0
7 0 1 1 0 0 0
68 4 2 2 1 2 0
83 4 3 1 1 3 0
12 0 0 0 0 0 1
93 2 1 4 0 1 1
92 2 0 2 3 0 1
36 4 1 4 1 0 0
71 1 2 3 3 2 0
92 2 0 0 0 2 1
12 2 4 1 0 0 0
90 1 2 4 3 1 1
12 0 0 0 0 0 1
84 2 1 4 2 2 0
31 2 1 0 2 1 0
96 6 6 1 2 1 1
45 3 2 2 3 0 0
12 0 0 0 0 0 1
12 0 0 0 0 0 1
30 0 5 4 0 0 0
12 0 0 0 0 0 1
12 0 0 0 0 0 1
63 3 5 2 2 1 0
88 4 2 2 2 0 1
25 5 3 1 1 0 0
12 0 0 0 0 0 1
72 5 3 1 2 0 1
12 0 0 0 0 0 1
82 3 2 3 1 0 1
12 0 0 0 0 0 1
4 4 0 0 0 0 0
12 0 0 0 0 0 1
59 3 3 2 2 1 0
38 6 4 5 0 0 0
66 4 1 2 3 1 0
62 1 3 1 0 0 1
4 2 1 0 0 0 0
12 0 0 0 0 0 1
33 3 4 1 1 0 1
12 0 0 0 0 0 1
69 5 2 0 4 1 0
12 0 0 0 0 0 1
64 1 3 0 2 1 1
5 0 2 1 0 0 0
12 0 0 0 0 0 1
12 0 0 0 0 0 1
97 6 8 1 2 0 1
12 0 0 0 0 0 1
25 6 3 1 1 0 0
15 3 1 0 1 0 0
13 1 4 1 0 0 0
92 3 7 9 3 0 0
88 6 4 1 2 1 1
90 3 5 2 4 2 0
12 0 0 0 0 0 1
12 0 0 0 0 0 1
16 2 2 0 1 0 0
29 6 4 1 1 0 0
12 0 0 0 0 0 1
83 2 1 2 3 1 1
79 7 4 4 4 1 0
78 1 6 3 3 1 0
53 3 3 1 1 2 0
55 3 1 0 1 2 0
12 0 0 0 0 0 1
92 6 3 5 2 2 0
20 0 0 0 0 1 0
12 0 0 0 0 0 1
88 1 1 3 0 1 1
66 8 4 2 2 1 0
9 2 1 1 0 0 0
56 6 5 4 2 0 0
23 2 1 4 0 0 0
48 7 3 3 2 0 0
1 1 0 0 0 0 0
12 0 0 0 0 0 1
68 1 1 1 1 0 1
67 8 2 3 0 2 0
12 0 0 0 0 0 1
12 0 0 0 0 0 1
12 0 0 0 0 0 1
8 1 1 1 0 0 0
12 0 0 0 0 0 1
86 5 1 2 1 0 2
12 0 0 0 0 0 1
69 3 3 4 4 0 0
54 6 4 0 2 1 0
13 3 3 1 0 0 0
38 2 1 1 2 1 0
17 2 0 1 1 0 0
3 2 1 0 0 0 0
13 4 2 1 0 0 0
12 0 0 0 0 0 1
54 5 2 0 2 2 0
5 4 1 0 0 0 0
72 3 2 1 1 0 1
78 3 8 2 0 0 1
41 2 1 1 0 1 1
65 2 2 5 1 2 0
45 5 6 2 0 1 0
12 0 0 0 0 0 1
39 1 4 2 2 0 0
12 0 0 0 0 0 1
45 1 2 0 3 1 0
12 0 0 0 0 0 1
74 6 4 0 1 0 1
12 0 0 0 0 0 1
5 3 1 0 0 0 0
42 3 4 2 1 1 0
18 2 1 1 1 0 0
66 2 2 0 1 0 1
12 0 0 0 0 0 1
12 0 0 0 0 0 1
12 0 0 0 0 0 1
12 0 0 0 0 0 1
12 0 0 0 0 0 1
72 4 2 3 0 0 1
12 0 0 0 0 0 1
90 2 3 1 1 2 1
84 3 3 3 0 3 0
35 7 2 1 1 1 0
12 0 0 0 0 0 1
62 6 4 4 1 1 0
75 3 1 3 1 2 1
36 1 2 2 0 1 1
12 0 0 0 0 0 1
73 1 1 1 2 2 1
12 0 0 0 0 0 1
12 0 0 0 0 0 1
12 0 0 0 0 0 1
12 0 0 0 0 0 1
12 0 0 0 0 0 1
12 0 0 0 0 0 1
19 3 3 1 1 0 0
50 0 0 2 0 2 0
12 0 0 0 0 0 1
54 1 5 6 2 0 0
12 0 0 0 0 0 1
87 1 3 2 1 2 1
11 0 2 0 0 0 1
51 3 2 1 1 2 0
49 4 0 1 0 2 0
26 8 2 2 1 0 0
12 0 0 0 0 0 1
12 0 0 0 0 0 1
28 2 1 2 0 1 0
12 0 0 0 0 0 1
33 2 3 1 2 0 0
12 0 0 0 0 0 1
